X	Y
330.500	453.500
331.162	451.488
332.103	449.547
333.263	447.684
334.582	445.903
335.999	444.211
337.455	442.613
338.888	441.116
340.248	439.719
341.538	438.397
342.777	437.115
343.982	435.837
345.172	434.530
346.366	433.158
347.580	431.693
348.808	430.147
350.041	428.544
351.268	426.911
352.479	425.272
353.662	423.652
354.808	422.076
355.916	420.554
357.003	419.064
358.087	417.585
359.189	416.092
360.327	414.562
361.521	412.973
362.784	411.308
364.115	409.577
365.507	407.798
366.954	405.987
368.451	404.162
369.991	402.339
371.567	400.535
373.174	398.768
374.799	397.044
376.427	395.363
378.040	393.723
379.620	392.119
381.150	390.551
382.613	389.016
383.991	387.511
385.273	386.033
386.484	384.576
387.651	383.136
388.806	381.704
389.978	380.276
391.197	378.845
392.490	377.405
393.855	375.951
395.278	374.477
396.743	372.979
398.235	371.451
399.739	369.888
401.239	368.285
402.722	366.639
404.185	364.956
405.629	363.248
407.057	361.526
408.471	359.802
409.872	358.086
411.263	356.391
412.645	354.727
414.023	353.099
415.406	351.502
416.802	349.931
418.220	348.383
419.668	346.853
421.155	345.337
422.690	343.829
424.271	342.325
425.885	340.818
427.522	339.299
429.167	337.761
430.809	336.198
432.436	334.602
434.033	332.965
435.595	331.285
437.126	329.576
438.640	327.856
440.147	326.144
441.658	324.458
443.183	322.816
444.736	321.237
446.325	319.738
447.953	318.318
449.614	316.961
451.301	315.649
453.007	314.362
454.726	313.084
456.450	311.796
458.174	310.481
459.897	309.128
461.625	307.739
463.365	306.316
465.127	304.861
466.915	303.376
468.739	301.863
470.605	300.324
472.520	298.761
474.476	297.181
476.463	295.593
478.468	294.005
480.479	292.425
482.484	290.861
484.472	289.323
486.431	287.818
488.348	286.354
490.222	284.934
492.058	283.552
493.867	282.203
495.654	280.881
497.427	279.581
499.195	278.297
500.966	277.024
502.746	275.758
504.539	274.499
506.349	273.251
508.179	272.015
510.031	270.796
511.909	269.594
513.816	268.413
515.755	267.256
517.722	266.132
519.709	265.054
521.708	264.033
523.710	263.084
525.709	262.218
527.695	261.450
529.662	260.790
531.607	260.233
533.538	259.745
535.466	259.287
537.398	258.823
539.345	258.316
541.315	257.728
543.317	257.026
545.344	256.228
547.381	255.387
549.412	254.554
551.422	253.782
553.395	253.122
555.315	252.629
557.167	252.349
558.961	252.282
560.717	252.389
562.460	252.634
564.210	252.977
565.992	253.381
567.824	253.810
569.680	254.247
571.509	254.685
573.261	255.119
574.885	255.543
576.332	255.950
577.564	256.343
578.624	256.772
579.586	257.308
580.521	258.018
581.486	258.949
582.478	260.063
583.479	261.301
584.471	262.604
585.436	263.913
586.356	265.182
587.204	266.418
587.955	267.646
588.580	268.890
589.053	270.174
589.367	271.520
589.566	272.938
589.707	274.438
589.842	276.027
590.027	277.714
590.302	279.501
590.665	281.363
591.107	283.270
591.618	285.195
592.191	287.109
592.816	288.984
593.484	290.793
594.181	292.528
594.890	294.195
595.595	295.795
596.277	297.334
596.921	298.815
597.512	300.244
598.051	301.652
598.542	303.072
598.991	304.542
599.403	306.097
599.783	307.767
600.127	309.534
600.427	311.354
600.675	313.185
600.864	314.982
600.986	316.703
601.036	318.312
601.032	319.838
601.004	321.333
600.979	322.852
600.986	324.447
601.052	326.169
601.183	328.011
601.375	329.933
601.621	331.894
601.916	333.854
602.255	335.772
602.630	337.607
603.031	339.345
603.435	341.016
603.818	342.649
604.157	344.277
604.428	345.931
604.610	347.640
604.705	349.407
604.729	351.220
604.697	353.065
604.628	354.929
604.537	356.797
604.440	358.657
604.345	360.508
604.255	362.356
604.171	364.207
604.095	366.068
604.031	367.946
603.979	369.848
603.941	371.772
603.918	373.714
603.912	375.666
603.923	377.620
603.952	379.571
604.000	381.511
604.068	383.434
604.149	385.344
604.237	387.244
604.326	389.137
604.410	391.028
604.481	392.921
604.535	394.819
604.561	396.729
604.551	398.661
604.496	400.622
604.386	402.621
604.212	404.667
603.965	406.768
603.639	408.923
603.242	411.109
602.784	413.295
602.272	415.452
601.718	417.552
601.128	419.564
600.513	421.461
599.883	423.223
599.248	424.881
598.621	426.477
598.014	428.053
597.438	429.651
596.906	431.313
596.420	433.063
595.965	434.882
595.520	436.743
595.066	438.622
594.583	440.493
594.053	442.330
593.460	444.112
592.815	445.848
592.140	447.554
591.453	449.246
590.774	450.941
590.124	452.656
589.518	454.404
588.939	456.174
588.356	457.943
587.736	459.689
587.049	461.389
586.263	463.022
585.349	464.567
584.318	466.026
583.202	467.414
582.034	468.747
580.846	470.041
579.672	471.311
578.538	472.569
577.421	473.796
576.284	474.965
575.087	476.048
573.792	477.015
572.360	477.839
570.784	478.516
569.090	479.073
567.308	479.537
565.466	479.936
563.595	480.296
561.722	480.646
559.861	481.002
558.003	481.369
556.139	481.750
554.260	482.150
552.358	482.571
550.422	483.018
548.446	483.491
546.438	483.977
544.405	484.459
542.356	484.923
540.299	485.352
538.243	485.730
536.195	486.042
534.162	486.277
532.141	486.442
530.128	486.543
528.119	486.587
526.110	486.584
524.098	486.539
522.078	486.461
520.052	486.360
518.023	486.250
515.995	486.144
513.975	486.057
511.965	486.002
509.971	485.994
507.996	486.043
506.036	486.147
504.080	486.292
502.120	486.465
500.146	486.655
498.149	486.848
496.118	487.033
494.049	487.201
491.943	487.354
489.804	487.495
487.635	487.627
485.438	487.753
483.219	487.877
480.979	488.001
478.723	488.129
476.459	488.260
474.196	488.393
471.944	488.529
469.712	488.667
467.508	488.806
465.342	488.945
463.223	489.084
461.146	489.225
459.099	489.366
457.069	489.510
455.043	489.657
453.008	489.808
450.951	489.965
448.861	490.128
446.735	490.292
444.577	490.454
442.387	490.607
440.170	490.746
437.927	490.866
435.661	490.962
433.375	491.029
431.076	491.070
428.779	491.099
426.498	491.128
424.247	491.172
422.039	491.242
419.890	491.353
417.812	491.518
415.810	491.743
413.851	492.017
411.900	492.324
409.919	492.648
407.871	492.973
405.719	493.284
403.427	493.565
400.981	493.805
398.423	494.006
395.797	494.170
393.149	494.299
390.523	494.394
387.965	494.458
385.519	494.493
383.232	494.501
381.136	494.484
379.196	494.443
377.354	494.379
375.551	494.293
373.729	494.186
371.830	494.059
369.799	493.913
367.636	493.748
365.387	493.566
363.097	493.367
360.812	493.153
358.580	492.925
356.446	492.682
354.456	492.427
352.620	492.162
350.888	491.893
349.199	491.629
347.495	491.375
345.719	491.140
343.813	490.929
341.778	490.721
339.705	490.453
337.690	490.058
335.829	489.470
334.221	488.623
332.961	487.450
332.112	485.908
331.618	484.040
331.394	481.908
331.357	479.572
331.423	477.095
331.508	474.537
331.527	471.960
331.403	469.423
331.142	466.952
330.812	464.546
330.480	462.206
330.214	459.931
330.084	457.722
330.156	455.578
330.500	453.500
