X	Y
50.792	15.226
50.832	15.115
50.877	15.002
50.926	14.889
50.983	14.774
51.047	14.657
51.120	14.538
51.203	14.416
51.298	14.292
51.405	14.166
51.526	14.036
51.661	13.903
51.809	13.766
51.970	13.627
52.144	13.485
52.328	13.341
52.523	13.194
52.728	13.046
52.941	12.895
53.163	12.742
53.393	12.588
53.630	12.432
53.873	12.274
54.121	12.116
54.374	11.957
54.631	11.797
54.891	11.636
55.154	11.475
55.419	11.313
55.685	11.152
55.952	10.990
56.220	10.829
56.489	10.668
56.759	10.507
57.030	10.347
57.301	10.187
57.572	10.029
57.844	9.871
58.116	9.714
58.388	9.558
58.659	9.404
58.931	9.251
59.202	9.100
59.473	8.950
59.743	8.802
60.013	8.656
60.282	8.512
60.550	8.370
60.816	8.231
61.082	8.094
61.346	7.959
61.609	7.827
61.871	7.697
62.132	7.570
62.392	7.444
62.652	7.320
62.911	7.198
63.170	7.078
63.429	6.959
63.688	6.841
63.947	6.724
64.207	6.609
64.467	6.494
64.728	6.379
64.990	6.266
65.253	6.152
65.517	6.039
65.783	5.926
66.050	5.812
66.319	5.699
66.589	5.585
66.861	5.471
67.134	5.356
67.408	5.243
67.682	5.130
67.955	5.018
68.228	4.907
68.499	4.798
68.769	4.690
69.036	4.585
69.301	4.482
69.562	4.382
69.820	4.285
70.073	4.191
70.323	4.100
70.567	4.014
70.805	3.931
71.038	3.853
71.264	3.780
71.483	3.711
71.696	3.648
71.902	3.589
72.101	3.535
72.295	3.484
72.483	3.438
72.666	3.395
72.844	3.355
73.017	3.318
73.187	3.284
73.352	3.252
73.513	3.222
73.672	3.194
73.827	3.168
73.981	3.143
74.133	3.121
74.286	3.102
74.441	3.088
74.598	3.079
74.759	3.076
74.925	3.079
75.098	3.091
75.279	3.111
75.468	3.140
75.668	3.180
75.879	3.230
76.099	3.291
76.327	3.361
76.561	3.439
76.799	3.525
77.038	3.618
77.279	3.717
77.517	3.821
77.752	3.929
77.982	4.040
78.204	4.153
78.417	4.269
78.619	4.384
78.808	4.500
78.982	4.614
79.140	4.727
79.279	4.836
79.398	4.944
79.498	5.052
79.579	5.161
79.639	5.275
79.679	5.395
79.699	5.522
79.699	5.659
79.678	5.809
79.636	5.972
79.574	6.149
79.496	6.339
79.403	6.540
79.299	6.750
79.186	6.967
79.067	7.189
78.946	7.415
78.823	7.642
78.703	7.869
78.589	8.094
78.482	8.315
78.386	8.531
78.304	8.739
78.238	8.937
78.191	9.124
78.166	9.298
78.161	9.460
78.172	9.611
78.193	9.753
78.222	9.889
78.252	10.020
78.279	10.149
78.298	10.277
78.305	10.408
78.295	10.542
78.263	10.682
78.210	10.828
78.139	10.980
78.050	11.138
77.945	11.302
77.828	11.472
77.700	11.647
77.562	11.828
77.417	12.014
77.268	12.206
77.114	12.402
76.960	12.604
76.806	12.810
76.656	13.021
76.510	13.237
76.370	13.457
76.238	13.682
76.112	13.909
75.993	14.137
75.879	14.367
75.771	14.598
75.669	14.827
75.571	15.055
75.478	15.280
75.389	15.502
75.305	15.719
75.223	15.931
75.145	16.137
75.069	16.335
74.996	16.526
74.925	16.707
74.856	16.879
74.788	17.041
74.720	17.193
74.651	17.338
74.580	17.476
74.505	17.609
74.426	17.736
74.341	17.860
74.250	17.982
74.150	18.102
74.042	18.222
73.924	18.343
73.795	18.465
73.657	18.587
73.510	18.709
73.356	18.829
73.194	18.948
73.027	19.065
72.854	19.178
72.677	19.287
72.496	19.392
72.313	19.491
72.128	19.584
71.943	19.670
71.757	19.749
71.572	19.819
71.388	19.882
71.203	19.936
71.018	19.984
70.831	20.026
70.642	20.062
70.450	20.093
70.254	20.119
70.054	20.142
69.849	20.162
69.638	20.179
69.420	20.194
69.195	20.207
68.962	20.220
68.721	20.233
68.470	20.247
68.212	20.260
67.946	20.274
67.674	20.289
67.395	20.304
67.111	20.320
66.822	20.337
66.529	20.355
66.233	20.375
65.933	20.396
65.631	20.418
65.328	20.441
65.024	20.467
64.719	20.494
64.415	20.523
64.111	20.554
63.809	20.587
63.510	20.623
63.213	20.660
62.920	20.701
62.630	20.743
62.344	20.787
62.062	20.832
61.782	20.877
61.506	20.922
61.233	20.965
60.962	21.006
60.693	21.045
60.427	21.081
60.163	21.112
59.901	21.139
59.641	21.161
59.382	21.176
59.125	21.185
58.869	21.187
58.614	21.180
58.359	21.165
58.106	21.140
57.853	21.105
57.600	21.061
57.348	21.009
57.097	20.949
56.846	20.884
56.596	20.814
56.347	20.739
56.099	20.662
55.852	20.584
55.606	20.505
55.362	20.427
55.118	20.350
54.877	20.277
54.636	20.207
54.397	20.142
54.160	20.083
53.924	20.032
53.690	19.989
53.458	19.955
53.229	19.926
53.004	19.902
52.785	19.880
52.570	19.856
52.363	19.830
52.164	19.799
51.974	19.760
51.793	19.712
51.623	19.651
51.464	19.576
51.319	19.484
51.187	19.373
51.069	19.240
50.966	19.087
50.877	18.916
50.801	18.729
50.737	18.529
50.683	18.319
50.641	18.101
50.607	17.879
50.583	17.654
50.566	17.430
50.556	17.208
50.552	16.993
50.554	16.786
50.559	16.590
50.569	16.408
50.582	16.240
50.597	16.086
50.616	15.943
50.638	15.809
50.663	15.684
50.690	15.564
50.721	15.449
50.755	15.337
50.792	15.226
