X	Y
874.000	466.000
875.366	462.205
877.086	458.520
879.139	454.935
881.506	451.441
884.167	448.029
887.101	444.691
890.290	441.418
893.714	438.201
897.352	435.030
901.185	431.897
905.193	428.794
909.357	425.710
913.656	422.638
918.070	419.567
922.580	416.491
927.167	413.398
931.809	410.282
936.488	407.131
941.184	403.939
945.876	400.696
950.554	397.398
955.215	394.049
959.859	390.652
964.484	387.212
969.090	383.732
973.675	380.217
978.239	376.669
982.781	373.093
987.299	369.493
991.792	365.872
996.261	362.235
1000.703	358.584
1005.117	354.925
1009.503	351.260
1013.859	347.594
1018.186	343.930
1022.481	340.272
1026.743	336.624
1030.972	332.990
1035.167	329.374
1039.326	325.779
1043.449	322.210
1047.535	318.670
1051.583	315.161
1055.596	311.684
1059.573	308.240
1063.517	304.829
1067.429	301.451
1071.309	298.108
1075.161	294.799
1078.984	291.524
1082.780	288.285
1086.550	285.082
1090.296	281.914
1094.019	278.784
1097.720	275.690
1101.401	272.634
1105.063	269.616
1108.707	266.637
1112.335	263.696
1115.948	260.795
1119.547	257.933
1123.133	255.112
1126.709	252.333
1130.276	249.602
1133.838	246.923
1137.397	244.301
1140.956	241.742
1144.517	239.251
1148.083	236.833
1151.656	234.493
1155.240	232.236
1158.836	230.067
1162.447	227.992
1166.076	226.016
1169.726	224.143
1173.399	222.379
1177.098	220.729
1180.825	219.198
1184.583	217.791
1188.371	216.511
1192.179	215.350
1195.998	214.303
1199.817	213.362
1203.624	212.519
1207.410	211.768
1211.162	211.102
1214.872	210.512
1218.528	209.992
1222.120	209.536
1225.636	209.134
1229.066	208.782
1232.400	208.470
1235.627	208.193
1238.736	207.942
1241.728	207.715
1244.629	207.515
1247.464	207.347
1250.263	207.216
1253.051	207.126
1255.857	207.083
1258.708	207.090
1261.630	207.154
1264.652	207.278
1267.801	207.467
1271.104	207.726
1274.589	208.061
1278.261	208.474
1282.072	208.971
1285.968	209.555
1289.892	210.231
1293.789	211.002
1297.604	211.873
1301.281	212.847
1304.765	213.929
1308.000	215.122
1310.930	216.431
1313.501	217.860
1315.656	219.412
1317.340	221.092
1318.500	222.904
1319.151	224.848
1319.374	226.921
1319.253	229.122
1318.874	231.447
1318.323	233.894
1317.684	236.460
1317.042	239.143
1316.481	241.939
1316.089	244.847
1315.944	247.863
1316.062	250.981
1316.410	254.192
1316.954	257.488
1317.660	260.861
1318.493	264.301
1319.419	267.801
1320.405	271.351
1321.416	274.942
1322.417	278.567
1323.375	282.216
1324.255	285.882
1325.024	289.554
1325.646	293.225
1326.089	296.887
1326.333	300.533
1326.392	304.169
1326.283	307.798
1326.022	311.425
1325.626	315.053
1325.111	318.689
1324.495	322.335
1323.794	325.996
1323.024	329.676
1322.204	333.381
1321.348	337.113
1320.475	340.879
1319.600	344.681
1318.741	348.525
1317.914	352.414
1317.131	356.352
1316.389	360.336
1315.681	364.364
1315.002	368.432
1314.345	372.537
1313.706	376.677
1313.077	380.848
1312.453	385.047
1311.828	389.271
1311.196	393.518
1310.551	397.784
1309.887	402.067
1309.199	406.362
1308.479	410.669
1307.723	414.982
1306.925	419.300
1306.077	423.619
1305.176	427.935
1304.220	432.241
1303.209	436.527
1302.144	440.783
1301.023	444.999
1299.849	449.167
1298.620	453.276
1297.336	457.317
1295.999	461.280
1294.607	465.157
1293.162	468.936
1291.663	472.610
1290.110	476.167
1288.504	479.600
1286.845	482.897
1285.132	486.049
1283.366	489.048
1281.545	491.891
1279.667	494.586
1277.726	497.143
1275.719	499.571
1273.643	501.880
1271.494	504.078
1269.267	506.175
1266.959	508.181
1264.567	510.104
1262.086	511.955
1259.513	513.742
1256.844	515.475
1254.075	517.162
1251.215	518.802
1248.277	520.388
1245.273	521.912
1242.218	523.369
1239.125	524.750
1236.006	526.049
1232.876	527.258
1229.748	528.371
1226.635	529.379
1223.551	530.277
1220.508	531.057
1217.521	531.712
1214.602	532.235
1211.748	532.633
1208.938	532.923
1206.150	533.124
1203.364	533.256
1200.558	533.338
1197.711	533.390
1194.802	533.429
1191.808	533.475
1188.710	533.548
1185.485	533.667
1182.112	533.850
1178.571	534.117
1174.853	534.475
1170.970	534.919
1166.934	535.440
1162.755	536.033
1158.446	536.688
1154.018	537.400
1149.484	538.161
1144.854	538.964
1140.141	539.801
1135.357	540.665
1130.512	541.550
1125.619	542.447
1120.690	543.349
1115.736	544.250
1110.769	545.142
1105.801	546.017
1100.844	546.870
1095.908	547.691
1091.006	548.475
1086.142	549.219
1081.315	549.926
1076.524	550.598
1071.769	551.237
1067.049	551.846
1062.363	552.426
1057.710	552.979
1053.090	553.508
1048.501	554.016
1043.943	554.503
1039.415	554.973
1034.917	555.428
1030.446	555.869
1026.004	556.299
1021.588	556.721
1017.199	557.135
1012.835	557.546
1008.495	557.953
1004.179	558.361
999.885	558.770
995.612	559.181
991.357	559.596
987.120	560.015
982.898	560.441
978.690	560.873
974.494	561.314
970.309	561.765
966.133	562.226
961.965	562.700
957.802	563.186
953.643	563.687
949.486	564.203
945.330	564.737
941.174	565.288
937.014	565.858
932.853	566.447
928.707	567.039
924.603	567.610
920.568	568.137
916.627	568.598
912.808	568.967
909.137	569.223
905.641	569.342
902.346	569.299
899.278	569.073
896.465	568.639
893.932	567.974
891.707	567.055
889.815	565.858
888.267	564.369
887.026	562.598
886.045	560.559
885.279	558.268
884.681	555.739
884.207	552.987
883.809	550.027
883.442	546.873
883.060	543.541
882.617	540.045
882.067	536.399
881.374	532.620
880.550	528.721
879.629	524.717
878.640	520.624
877.616	516.456
876.588	512.228
875.587	507.954
874.646	503.650
873.794	499.331
873.064	495.011
872.487	490.705
872.095	486.429
871.918	482.196
871.989	478.022
872.339	473.921
872.998	469.909
874.000	466.000
