X	Y
66.659	144.466
66.714	144.443
66.774	144.430
66.839	144.426
66.908	144.430
66.982	144.441
67.058	144.458
67.137	144.479
67.217	144.504
67.299	144.530
67.381	144.558
67.463	144.586
67.543	144.612
67.623	144.637
67.701	144.659
67.777	144.680
67.852	144.699
67.927	144.716
68.000	144.733
68.072	144.750
68.143	144.766
68.213	144.782
68.283	144.798
68.353	144.814
68.422	144.832
68.491	144.851
68.559	144.870
68.628	144.891
68.696	144.914
68.765	144.937
68.833	144.961
68.902	144.987
68.970	145.014
69.039	145.041
69.109	145.070
69.178	145.100
69.248	145.131
69.319	145.163
69.390	145.195
69.461	145.229
69.532	145.264
69.602	145.299
69.672	145.335
69.742	145.371
69.810	145.408
69.878	145.445
69.944	145.482
70.009	145.520
70.072	145.558
70.134	145.596
70.194	145.633
70.252	145.671
70.309	145.709
70.365	145.746
70.421	145.783
70.477	145.821
70.532	145.857
70.589	145.894
70.645	145.930
70.703	145.966
70.763	146.002
70.824	146.037
70.885	146.072
70.948	146.107
71.012	146.142
71.076	146.178
71.140	146.215
71.204	146.252
71.268	146.291
71.331	146.331
71.394	146.372
71.455	146.415
71.515	146.460
71.574	146.506
71.632	146.554
71.689	146.603
71.746	146.653
71.802	146.703
71.859	146.754
71.915	146.804
71.972	146.854
72.030	146.904
72.088	146.952
72.148	146.998
72.208	147.044
72.270	147.087
72.333	147.129
72.398	147.170
72.462	147.210
72.528	147.250
72.594	147.289
72.661	147.329
72.728	147.369
72.794	147.410
72.861	147.452
72.928	147.495
72.993	147.540
73.059	147.587
73.124	147.636
73.188	147.686
73.252	147.737
73.315	147.789
73.378	147.842
73.440	147.895
73.502	147.948
73.564	148.001
73.625	148.053
73.685	148.105
73.746	148.156
73.806	148.205
73.866	148.254
73.926	148.300
73.985	148.346
74.045	148.391
74.104	148.436
74.164	148.480
74.224	148.524
74.285	148.568
74.346	148.612
74.407	148.657
74.469	148.703
74.532	148.750
74.596	148.798
74.661	148.848
74.726	148.898
74.791	148.950
74.856	149.003
74.920	149.056
74.984	149.110
75.047	149.165
75.109	149.220
75.170	149.275
75.228	149.331
75.285	149.386
75.340	149.442
75.392	149.497
75.442	149.553
75.490	149.608
75.536	149.664
75.580	149.720
75.624	149.776
75.666	149.833
75.708	149.890
75.750	149.948
75.792	150.006
75.834	150.066
75.877	150.126
75.920	150.188
75.965	150.250
76.011	150.313
76.057	150.377
76.104	150.440
76.151	150.504
76.199	150.568
76.247	150.630
76.296	150.693
76.344	150.754
76.393	150.814
76.441	150.872
76.490	150.929
76.538	150.984
76.585	151.038
76.631	151.091
76.676	151.143
76.720	151.195
76.761	151.247
76.800	151.300
76.837	151.354
76.871	151.410
76.901	151.467
76.928	151.527
76.951	151.589
76.971	151.652
76.988	151.718
77.001	151.785
77.012	151.853
77.020	151.922
77.026	151.992
77.029	152.062
77.030	152.132
77.030	152.202
77.027	152.271
77.023	152.340
77.018	152.408
77.010	152.475
77.000	152.542
76.989	152.607
76.974	152.672
76.957	152.736
76.938	152.800
76.916	152.863
76.890	152.924
76.862	152.986
76.830	153.046
76.796	153.105
76.759	153.164
76.721	153.222
76.680	153.279
76.638	153.335
76.594	153.390
76.550	153.444
76.505	153.497
76.459	153.550
76.413	153.601
76.368	153.651
76.322	153.701
76.276	153.750
76.229	153.798
76.182	153.845
76.135	153.892
76.087	153.939
76.038	153.985
75.988	154.031
75.937	154.077
75.886	154.122
75.833	154.168
75.779	154.213
75.724	154.258
75.668	154.303
75.612	154.348
75.554	154.392
75.496	154.436
75.437	154.480
75.377	154.524
75.316	154.567
75.255	154.610
75.193	154.653
75.130	154.695
75.067	154.736
75.003	154.778
74.939	154.818
74.875	154.859
74.811	154.898
74.746	154.937
74.681	154.975
74.616	155.013
74.552	155.050
74.487	155.087
74.422	155.122
74.358	155.157
74.293	155.191
74.229	155.225
74.165	155.258
74.101	155.290
74.037	155.321
73.973	155.352
73.909	155.383
73.846	155.413
73.782	155.442
73.718	155.471
73.654	155.499
73.590	155.527
73.526	155.555
73.462	155.582
73.397	155.609
73.332	155.635
73.267	155.660
73.201	155.685
73.135	155.710
73.068	155.734
73.000	155.758
72.932	155.781
72.863	155.804
72.793	155.826
72.723	155.847
72.652	155.867
72.580	155.887
72.508	155.906
72.436	155.923
72.363	155.940
72.290	155.955
72.217	155.970
72.143	155.982
72.069	155.994
71.995	156.004
71.920	156.013
71.846	156.021
71.771	156.028
71.697	156.034
71.622	156.039
71.548	156.044
71.474	156.048
71.400	156.051
71.327	156.054
71.254	156.057
71.181	156.059
71.109	156.062
71.037	156.064
70.965	156.065
70.893	156.066
70.821	156.067
70.749	156.067
70.677	156.066
70.604	156.065
70.530	156.063
70.456	156.060
70.382	156.056
70.306	156.051
70.230	156.045
70.153	156.039
70.075	156.030
69.998	156.021
69.920	156.011
69.843	155.999
69.765	155.985
69.688	155.970
69.611	155.953
69.535	155.935
69.459	155.915
69.384	155.893
69.310	155.870
69.237	155.845
69.165	155.819
69.093	155.793
69.022	155.766
68.952	155.740
68.882	155.714
68.813	155.688
68.745	155.664
68.677	155.641
68.609	155.620
68.542	155.601
68.476	155.583
68.410	155.566
68.346	155.550
68.282	155.533
68.220	155.515
68.160	155.495
68.102	155.472
68.047	155.446
67.993	155.416
67.943	155.381
67.895	155.340
67.850	155.295
67.807	155.245
67.767	155.191
67.729	155.134
67.694	155.074
67.660	155.011
67.628	154.946
67.598	154.880
67.569	154.812
67.541	154.743
67.515	154.674
67.490	154.605
67.466	154.534
67.443	154.463
67.421	154.391
67.400	154.318
67.380	154.244
67.361	154.169
67.343	154.092
67.325	154.013
67.308	153.933
67.292	153.852
67.276	153.768
67.261	153.683
67.247	153.596
67.233	153.508
67.219	153.419
67.206	153.330
67.193	153.240
67.180	153.150
67.168	153.060
67.156	152.970
67.144	152.881
67.133	152.793
67.121	152.706
67.110	152.621
67.098	152.537
67.087	152.455
67.076	152.374
67.065	152.295
67.053	152.217
67.042	152.140
67.030	152.064
67.018	151.989
67.006	151.914
66.994	151.840
66.982	151.766
66.969	151.692
66.957	151.618
66.943	151.544
66.930	151.470
66.916	151.395
66.902	151.320
66.888	151.245
66.873	151.169
66.858	151.093
66.843	151.016
66.828	150.939
66.812	150.861
66.797	150.782
66.781	150.702
66.765	150.622
66.749	150.541
66.733	150.459
66.717	150.377
66.701	150.295
66.686	150.213
66.670	150.130
66.656	150.048
66.642	149.966
66.629	149.885
66.616	149.805
66.605	149.725
66.594	149.647
66.585	149.570
66.576	149.494
66.569	149.419
66.562	149.345
66.556	149.272
66.551	149.200
66.546	149.128
66.540	149.057
66.535	148.986
66.529	148.915
66.523	148.844
66.516	148.772
66.508	148.700
66.500	148.627
66.490	148.554
66.480	148.481
66.470	148.408
66.460	148.334
66.449	148.261
66.439	148.188
66.429	148.116
66.419	148.044
66.411	147.973
66.403	147.903
66.397	147.834
66.391	147.765
66.386	147.698
66.382	147.630
66.378	147.563
66.373	147.496
66.368	147.428
66.362	147.359
66.354	147.289
66.345	147.218
66.334	147.144
66.321	147.069
66.306	146.992
66.289	146.914
66.271	146.834
66.252	146.753
66.233	146.671
66.214	146.589
66.197	146.507
66.180	146.425
66.166	146.345
66.155	146.265
66.146	146.187
66.142	146.110
66.141	146.036
66.145	145.964
66.153	145.894
66.164	145.825
66.178	145.757
66.195	145.690
66.214	145.622
66.234	145.554
66.255	145.485
66.277	145.414
66.298	145.342
66.320	145.267
66.340	145.190
66.359	145.110
66.379	145.030
66.399	144.950
66.421	144.871
66.444	144.795
66.470	144.723
66.499	144.656
66.532	144.596
66.569	144.543
66.611	144.499
66.659	144.466
