X	Y
9.757	4.967
9.771	4.955
9.786	4.946
9.804	4.940
9.823	4.936
9.844	4.933
9.866	4.932
9.889	4.932
9.912	4.932
9.936	4.933
9.960	4.933
9.983	4.934
10.007	4.933
10.029	4.932
10.052	4.931
10.073	4.928
10.095	4.925
10.116	4.922
10.138	4.919
10.159	4.915
10.180	4.911
10.201	4.908
10.222	4.904
10.243	4.901
10.265	4.897
10.286	4.894
10.308	4.892
10.330	4.889
10.352	4.887
10.374	4.885
10.397	4.883
10.419	4.882
10.442	4.881
10.464	4.880
10.486	4.879
10.509	4.879
10.531	4.878
10.553	4.878
10.576	4.878
10.598	4.878
10.620	4.879
10.642	4.879
10.664	4.879
10.686	4.879
10.709	4.879
10.731	4.879
10.753	4.879
10.775	4.879
10.797	4.878
10.819	4.877
10.841	4.876
10.864	4.875
10.886	4.874
10.909	4.873
10.933	4.872
10.957	4.870
10.981	4.869
11.007	4.869
11.033	4.868
11.059	4.868
11.087	4.868
11.115	4.868
11.144	4.868
11.174	4.869
11.204	4.870
11.235	4.871
11.266	4.872
11.297	4.874
11.328	4.876
11.359	4.877
11.389	4.879
11.419	4.881
11.449	4.883
11.478	4.885
11.507	4.887
11.534	4.888
11.561	4.890
11.586	4.891
11.611	4.893
11.635	4.894
11.658	4.896
11.681	4.897
11.703	4.899
11.726	4.900
11.748	4.902
11.771	4.904
11.794	4.906
11.817	4.908
11.841	4.910
11.866	4.913
11.892	4.916
11.919	4.919
11.946	4.923
11.974	4.926
12.002	4.930
12.030	4.934
12.059	4.938
12.088	4.941
12.117	4.945
12.145	4.949
12.174	4.953
12.202	4.957
12.230	4.961
12.257	4.965
12.284	4.968
12.310	4.972
12.335	4.975
12.360	4.978
12.385	4.981
12.409	4.983
12.433	4.986
12.457	4.988
12.480	4.990
12.504	4.993
12.527	4.995
12.551	4.997
12.575	4.999
12.599	5.000
12.623	5.002
12.648	5.004
12.673	5.005
12.698	5.007
12.723	5.008
12.748	5.010
12.773	5.011
12.798	5.013
12.823	5.015
12.848	5.016
12.873	5.018
12.897	5.020
12.921	5.022
12.945	5.024
12.968	5.026
12.991	5.028
13.014	5.031
13.037	5.033
13.059	5.036
13.082	5.039
13.104	5.041
13.127	5.044
13.150	5.047
13.173	5.050
13.197	5.053
13.220	5.056
13.244	5.059
13.269	5.063
13.293	5.066
13.318	5.069
13.343	5.072
13.368	5.076
13.393	5.079
13.418	5.082
13.443	5.086
13.468	5.089
13.493	5.092
13.517	5.096
13.541	5.099
13.565	5.102
13.589	5.106
13.612	5.109
13.635	5.112
13.659	5.116
13.682	5.119
13.705	5.123
13.728	5.126
13.751	5.130
13.774	5.133
13.798	5.137
13.821	5.140
13.846	5.144
13.870	5.148
13.895	5.152
13.920	5.156
13.945	5.160
13.970	5.164
13.996	5.168
14.021	5.172
14.047	5.176
14.072	5.181
14.097	5.185
14.122	5.189
14.147	5.193
14.172	5.197
14.196	5.201
14.219	5.205
14.243	5.208
14.266	5.212
14.289	5.216
14.312	5.219
14.335	5.223
14.358	5.226
14.381	5.230
14.405	5.233
14.428	5.236
14.452	5.239
14.476	5.242
14.500	5.245
14.525	5.248
14.550	5.251
14.576	5.254
14.601	5.257
14.627	5.259
14.653	5.262
14.680	5.265
14.706	5.268
14.732	5.272
14.759	5.275
14.785	5.278
14.812	5.282
14.838	5.286
14.864	5.290
14.890	5.294
14.916	5.299
14.941	5.303
14.967	5.308
14.992	5.313
15.017	5.318
15.042	5.323
15.067	5.328
15.091	5.333
15.116	5.338
15.140	5.343
15.164	5.348
15.188	5.353
15.211	5.358
15.234	5.363
15.258	5.368
15.281	5.372
15.303	5.377
15.326	5.382
15.349	5.387
15.371	5.392
15.394	5.398
15.416	5.403
15.439	5.409
15.461	5.416
15.484	5.422
15.506	5.429
15.529	5.436
15.551	5.444
15.573	5.451
15.596	5.459
15.618	5.468
15.640	5.476
15.662	5.484
15.683	5.492
15.705	5.501
15.726	5.509
15.747	5.517
15.767	5.525
15.788	5.533
15.808	5.542
15.828	5.550
15.847	5.558
15.867	5.566
15.887	5.574
15.906	5.583
15.926	5.591
15.946	5.601
15.966	5.610
15.986	5.620
16.006	5.630
16.026	5.640
16.047	5.651
16.067	5.662
16.088	5.674
16.108	5.685
16.127	5.697
16.146	5.708
16.165	5.719
16.183	5.731
16.200	5.742
16.217	5.752
16.232	5.763
16.247	5.773
16.261	5.783
16.275	5.794
16.289	5.804
16.303	5.815
16.317	5.827
16.331	5.839
16.346	5.851
16.362	5.865
16.379	5.879
16.396	5.894
16.414	5.910
16.432	5.926
16.451	5.943
16.469	5.960
16.487	5.977
16.505	5.995
16.523	6.012
16.540	6.029
16.556	6.046
16.571	6.062
16.585	6.078
16.598	6.094
16.609	6.109
16.620	6.124
16.630	6.138
16.639	6.153
16.647	6.168
16.654	6.182
16.660	6.198
16.666	6.213
16.672	6.229
16.676	6.246
16.680	6.263
16.684	6.281
16.687	6.298
16.689	6.317
16.690	6.336
16.690	6.355
16.690	6.374
16.688	6.394
16.686	6.414
16.683	6.434
16.680	6.454
16.675	6.474
16.670	6.494
16.665	6.514
16.658	6.533
16.652	6.552
16.645	6.571
16.638	6.589
16.631	6.606
16.624	6.623
16.616	6.639
16.609	6.655
16.601	6.670
16.593	6.686
16.585	6.701
16.577	6.717
16.568	6.733
16.559	6.750
16.550	6.767
16.541	6.785
16.531	6.803
16.522	6.822
16.512	6.841
16.502	6.860
16.492	6.880
16.482	6.899
16.472	6.918
16.462	6.936
16.452	6.954
16.442	6.971
16.432	6.988
16.423	7.004
16.413	7.019
16.403	7.034
16.393	7.048
16.383	7.062
16.372	7.076
16.361	7.090
16.350	7.104
16.339	7.117
16.327	7.131
16.315	7.145
16.302	7.159
16.290	7.173
16.277	7.187
16.265	7.201
16.253	7.216
16.241	7.231
16.229	7.246
16.219	7.261
16.208	7.277
16.198	7.292
16.188	7.308
16.178	7.324
16.168	7.340
16.157	7.357
16.147	7.373
16.136	7.389
16.124	7.405
16.112	7.421
16.098	7.437
16.084	7.453
16.070	7.469
16.055	7.484
16.040	7.500
16.025	7.515
16.009	7.531
15.994	7.546
15.979	7.561
15.965	7.576
15.951	7.591
15.938	7.606
15.926	7.621
15.914	7.637
15.903	7.652
15.892	7.667
15.881	7.683
15.870	7.698
15.859	7.714
15.848	7.731
15.836	7.748
15.824	7.765
15.812	7.782
15.799	7.800
15.785	7.818
15.771	7.836
15.757	7.855
15.743	7.873
15.729	7.891
15.715	7.908
15.700	7.925
15.686	7.942
15.672	7.958
15.658	7.974
15.644	7.988
15.631	8.003
15.617	8.016
15.604	8.030
15.590	8.043
15.577	8.056
15.563	8.069
15.550	8.082
15.535	8.096
15.521	8.110
15.506	8.125
15.491	8.140
15.476	8.156
15.460	8.172
15.444	8.189
15.428	8.205
15.411	8.222
15.395	8.239
15.378	8.255
15.361	8.272
15.344	8.288
15.328	8.304
15.311	8.320
15.295	8.334
15.278	8.349
15.261	8.363
15.245	8.377
15.228	8.390
15.211	8.403
15.194	8.416
15.177	8.429
15.159	8.441
15.141	8.453
15.123	8.464
15.105	8.476
15.086	8.488
15.067	8.499
15.048	8.510
15.029	8.521
15.009	8.532
14.990	8.543
14.970	8.554
14.950	8.565
14.931	8.575
14.911	8.586
14.892	8.597
14.872	8.608
14.853	8.619
14.834	8.630
14.815	8.640
14.796	8.651
14.777	8.661
14.758	8.670
14.739	8.680
14.720	8.688
14.701	8.697
14.681	8.704
14.662	8.711
14.642	8.717
14.622	8.723
14.602	8.728
14.582	8.732
14.562	8.737
14.542	8.741
14.522	8.745
14.502	8.750
14.482	8.755
14.462	8.760
14.443	8.765
14.423	8.772
14.404	8.778
14.384	8.786
14.365	8.794
14.346	8.802
14.326	8.811
14.307	8.820
14.288	8.830
14.269	8.840
14.250	8.851
14.230	8.862
14.211	8.873
14.191	8.884
14.171	8.896
14.152	8.907
14.132	8.919
14.111	8.930
14.091	8.940
14.070	8.950
14.049	8.959
14.028	8.968
14.006	8.976
13.984	8.982
13.961	8.987
13.939	8.991
13.915	8.994
13.892	8.996
13.869	8.998
13.845	8.998
13.822	8.998
13.798	8.998
13.775	8.997
13.752	8.997
13.729	8.996
13.707	8.996
13.684	8.996
13.663	8.996
13.642	8.997
13.621	8.998
13.600	8.999
13.580	9.001
13.559	9.003
13.539	9.005
13.519	9.008
13.498	9.011
13.478	9.014
13.457	9.017
13.436	9.021
13.414	9.025
13.393	9.028
13.371	9.032
13.349	9.036
13.326	9.040
13.303	9.044
13.281	9.048
13.258	9.051
13.234	9.055
13.211	9.058
13.188	9.061
13.164	9.063
13.141	9.066
13.117	9.068
13.094	9.070
13.070	9.072
13.046	9.073
13.023	9.075
12.999	9.076
12.976	9.078
12.952	9.079
12.929	9.081
12.906	9.082
12.883	9.084
12.860	9.086
12.837	9.087
12.814	9.090
12.791	9.092
12.769	9.094
12.747	9.096
12.725	9.098
12.703	9.100
12.681	9.102
12.659	9.103
12.638	9.105
12.617	9.106
12.596	9.107
12.575	9.108
12.555	9.108
12.534	9.108
12.514	9.108
12.493	9.108
12.473	9.108
12.452	9.108
12.431	9.107
12.410	9.107
12.389	9.106
12.367	9.105
12.346	9.105
12.324	9.104
12.302	9.103
12.279	9.102
12.257	9.101
12.235	9.100
12.212	9.099
12.190	9.098
12.168	9.097
12.145	9.096
12.123	9.095
12.101	9.094
12.080	9.093
12.058	9.092
12.036	9.091
12.015	9.090
11.993	9.089
11.972	9.088
11.950	9.087
11.929	9.086
11.907	9.085
11.885	9.085
11.863	9.084
11.841	9.083
11.818	9.083
11.796	9.082
11.773	9.082
11.750	9.082
11.728	9.081
11.705	9.081
11.683	9.082
11.661	9.082
11.639	9.082
11.618	9.083
11.597	9.084
11.577	9.085
11.556	9.086
11.537	9.088
11.517	9.089
11.498	9.090
11.478	9.092
11.459	9.093
11.439	9.094
11.420	9.094
11.400	9.095
11.380	9.095
11.360	9.095
11.340	9.094
11.319	9.093
11.298	9.092
11.277	9.090
11.256	9.088
11.234	9.086
11.212	9.083
11.191	9.080
11.169	9.076
11.147	9.073
11.125	9.069
11.102	9.064
11.080	9.059
11.058	9.054
11.036	9.049
11.014	9.043
10.992	9.036
10.970	9.029
10.949	9.022
10.928	9.014
10.907	9.006
10.886	8.997
10.866	8.987
10.846	8.978
10.826	8.967
10.807	8.956
10.788	8.945
10.769	8.934
10.751	8.922
10.734	8.910
10.717	8.897
10.700	8.885
10.684	8.872
10.669	8.859
10.654	8.847
10.639	8.834
10.625	8.821
10.611	8.807
10.598	8.794
10.585	8.780
10.571	8.766
10.558	8.752
10.545	8.737
10.532	8.722
10.519	8.707
10.505	8.691
10.492	8.675
10.479	8.659
10.465	8.642
10.452	8.625
10.439	8.608
10.427	8.591
10.415	8.574
10.403	8.557
10.391	8.540
10.380	8.523
10.370	8.506
10.360	8.489
10.351	8.472
10.341	8.455
10.333	8.437
10.324	8.420
10.315	8.402
10.306	8.384
10.297	8.366
10.288	8.347
10.279	8.328
10.270	8.309
10.260	8.289
10.251	8.269
10.242	8.249
10.232	8.229
10.224	8.210
10.215	8.190
10.207	8.171
10.199	8.152
10.192	8.134
10.185	8.116
10.179	8.099
10.173	8.083
10.168	8.067
10.164	8.050
10.159	8.034
10.155	8.018
10.151	8.002
10.147	7.985
10.143	7.967
10.139	7.949
10.134	7.930
10.130	7.910
10.125	7.891
10.120	7.871
10.115	7.850
10.110	7.830
10.104	7.811
10.099	7.791
10.093	7.772
10.086	7.754
10.080	7.736
10.073	7.719
10.066	7.702
10.060	7.686
10.053	7.669
10.046	7.653
10.039	7.636
10.032	7.620
10.025	7.603
10.019	7.585
10.013	7.567
10.007	7.548
10.001	7.529
9.995	7.510
9.990	7.491
9.985	7.471
9.981	7.451
9.976	7.431
9.972	7.411
9.968	7.390
9.964	7.370
9.961	7.350
9.958	7.330
9.955	7.310
9.952	7.290
9.950	7.269
9.947	7.248
9.944	7.227
9.942	7.205
9.939	7.183
9.936	7.160
9.933	7.137
9.930	7.112
9.927	7.088
9.923	7.062
9.920	7.036
9.917	7.010
9.913	6.984
9.910	6.957
9.906	6.930
9.903	6.904
9.900	6.877
9.897	6.851
9.894	6.825
9.892	6.799
9.889	6.774
9.887	6.749
9.886	6.725
9.884	6.702
9.883	6.679
9.882	6.656
9.881	6.634
9.880	6.613
9.880	6.591
9.879	6.570
9.879	6.549
9.879	6.529
9.879	6.509
9.878	6.489
9.878	6.469
9.878	6.449
9.877	6.429
9.877	6.409
9.876	6.389
9.875	6.369
9.873	6.349
9.872	6.328
9.869	6.307
9.867	6.286
9.864	6.264
9.860	6.242
9.857	6.220
9.853	6.198
9.849	6.175
9.844	6.153
9.840	6.130
9.836	6.108
9.832	6.086
9.829	6.064
9.826	6.043
9.823	6.022
9.820	6.002
9.818	5.982
9.816	5.962
9.815	5.943
9.812	5.923
9.810	5.904
9.807	5.885
9.803	5.866
9.799	5.846
9.793	5.826
9.787	5.806
9.779	5.786
9.770	5.764
9.761	5.743
9.752	5.722
9.742	5.700
9.732	5.678
9.723	5.656
9.714	5.634
9.707	5.613
9.700	5.591
9.694	5.569
9.690	5.548
9.688	5.527
9.687	5.507
9.688	5.486
9.689	5.465
9.692	5.444
9.695	5.423
9.698	5.401
9.702	5.379
9.705	5.356
9.709	5.332
9.711	5.308
9.713	5.282
9.715	5.255
9.715	5.227
9.716	5.200
9.716	5.171
9.716	5.144
9.717	5.116
9.719	5.090
9.721	5.064
9.725	5.041
9.730	5.019
9.737	4.999
9.746	4.981
9.757	4.967
