X	Y
18.000	4.833
18.026	4.806
18.058	4.783
18.093	4.763
18.132	4.747
18.174	4.733
18.217	4.720
18.261	4.710
18.305	4.700
18.348	4.690
18.389	4.680
18.428	4.669
18.464	4.656
18.498	4.643
18.531	4.629
18.562	4.614
18.592	4.599
18.623	4.582
18.654	4.565
18.687	4.547
18.721	4.529
18.756	4.511
18.794	4.492
18.833	4.474
18.874	4.455
18.916	4.436
18.958	4.418
19.002	4.399
19.047	4.382
19.092	4.365
19.138	4.348
19.184	4.333
19.230	4.318
19.277	4.304
19.324	4.290
19.370	4.277
19.417	4.265
19.464	4.253
19.511	4.240
19.558	4.228
19.604	4.216
19.651	4.203
19.698	4.190
19.744	4.176
19.791	4.162
19.837	4.146
19.884	4.131
19.930	4.115
19.977	4.098
20.023	4.082
20.070	4.065
20.117	4.048
20.165	4.031
20.212	4.014
20.260	3.997
20.309	3.980
20.358	3.964
20.408	3.948
20.458	3.933
20.509	3.917
20.560	3.902
20.611	3.887
20.662	3.873
20.714	3.858
20.765	3.843
20.817	3.828
20.869	3.813
20.920	3.797
20.971	3.781
21.022	3.765
21.073	3.749
21.123	3.732
21.173	3.715
21.223	3.697
21.273	3.679
21.323	3.661
21.373	3.642
21.423	3.623
21.473	3.604
21.524	3.585
21.575	3.565
21.626	3.546
21.678	3.526
21.730	3.505
21.783	3.485
21.836	3.465
21.890	3.444
21.943	3.423
21.997	3.403
22.051	3.382
22.105	3.361
22.158	3.340
22.211	3.319
22.264	3.298
22.316	3.277
22.367	3.256
22.418	3.235
22.467	3.214
22.516	3.193
22.564	3.173
22.611	3.152
22.658	3.131
22.704	3.110
22.750	3.090
22.797	3.069
22.843	3.048
22.890	3.027
22.937	3.005
22.984	2.984
23.033	2.963
23.082	2.941
23.132	2.919
23.184	2.897
23.236	2.875
23.289	2.853
23.342	2.830
23.396	2.808
23.451	2.786
23.506	2.764
23.562	2.742
23.618	2.721
23.674	2.699
23.730	2.678
23.786	2.657
23.842	2.637
23.898	2.616
23.954	2.597
24.009	2.577
24.064	2.558
24.118	2.539
24.171	2.520
24.223	2.500
24.274	2.481
24.324	2.461
24.372	2.441
24.419	2.421
24.463	2.399
24.506	2.378
24.547	2.355
24.586	2.332
24.622	2.308
24.657	2.285
24.691	2.261
24.724	2.239
24.757	2.217
24.789	2.198
24.821	2.180
24.854	2.164
24.888	2.151
24.923	2.141
24.959	2.133
24.995	2.128
25.033	2.124
25.071	2.121
25.110	2.118
25.149	2.116
25.189	2.113
25.228	2.109
25.268	2.103
25.308	2.096
25.348	2.087
25.388	2.077
25.427	2.065
25.467	2.051
25.506	2.037
25.545	2.021
25.584	2.005
25.623	1.987
25.661	1.969
25.699	1.950
25.737	1.930
25.775	1.910
25.813	1.891
25.852	1.871
25.892	1.852
25.932	1.833
25.974	1.815
26.017	1.798
26.061	1.782
26.107	1.767
26.156	1.754
26.206	1.742
26.257	1.732
26.311	1.723
26.365	1.715
26.421	1.708
26.478	1.702
26.536	1.697
26.594	1.693
26.653	1.689
26.712	1.685
26.772	1.682
26.831	1.678
26.891	1.675
26.950	1.672
27.009	1.669
27.067	1.665
27.125	1.661
27.183	1.657
27.240	1.653
27.297	1.649
27.353	1.644
27.409	1.639
27.464	1.634
27.519	1.628
27.573	1.622
27.627	1.616
27.680	1.609
27.733	1.602
27.785	1.595
27.836	1.587
27.887	1.579
27.938	1.571
27.989	1.563
28.039	1.555
28.090	1.547
28.140	1.540
28.191	1.533
28.241	1.527
28.292	1.522
28.344	1.517
28.396	1.513
28.448	1.510
28.501	1.508
28.554	1.506
28.607	1.505
28.661	1.505
28.715	1.505
28.769	1.506
28.824	1.507
28.878	1.509
28.933	1.510
28.987	1.512
29.042	1.514
29.097	1.515
29.151	1.517
29.205	1.519
29.260	1.521
29.313	1.522
29.367	1.525
29.420	1.527
29.472	1.530
29.524	1.534
29.576	1.538
29.626	1.542
29.676	1.548
29.725	1.554
29.773	1.561
29.820	1.569
29.867	1.577
29.912	1.587
29.957	1.598
30.001	1.609
30.044	1.621
30.087	1.634
30.130	1.647
30.172	1.661
30.214	1.676
30.256	1.691
30.298	1.706
30.339	1.723
30.381	1.739
30.421	1.757
30.460	1.776
30.498	1.796
30.535	1.818
30.569	1.842
30.602	1.867
30.632	1.894
30.659	1.924
30.683	1.956
30.705	1.990
30.724	2.027
30.741	2.064
30.755	2.103
30.767	2.143
30.777	2.183
30.784	2.224
30.790	2.264
30.795	2.305
30.798	2.345
30.799	2.384
30.800	2.422
30.799	2.461
30.796	2.499
30.793	2.536
30.789	2.573
30.784	2.611
30.777	2.648
30.771	2.685
30.763	2.722
30.755	2.760
30.746	2.797
30.737	2.835
30.728	2.872
30.718	2.910
30.707	2.947
30.697	2.985
30.686	3.023
30.675	3.060
30.664	3.098
30.653	3.135
30.642	3.173
30.631	3.210
30.619	3.247
30.607	3.284
30.595	3.321
30.583	3.358
30.571	3.395
30.558	3.431
30.545	3.467
30.531	3.504
30.518	3.540
30.504	3.576
30.490	3.613
30.476	3.650
30.462	3.687
30.447	3.725
30.433	3.763
30.418	3.802
30.403	3.841
30.388	3.881
30.372	3.921
30.356	3.960
30.339	4.000
30.322	4.039
30.303	4.077
30.284	4.115
30.264	4.151
30.243	4.186
30.220	4.220
30.197	4.253
30.173	4.285
30.148	4.317
30.123	4.349
30.098	4.381
30.073	4.413
30.048	4.447
30.023	4.481
29.999	4.517
29.975	4.554
29.952	4.592
29.930	4.632
29.908	4.672
29.886	4.713
29.865	4.755
29.843	4.796
29.822	4.837
29.801	4.877
29.779	4.917
29.758	4.956
29.736	4.993
29.714	5.029
29.692	5.064
29.669	5.098
29.646	5.132
29.623	5.165
29.599	5.199
29.574	5.232
29.549	5.266
29.524	5.301
29.497	5.337
29.470	5.374
29.442	5.412
29.414	5.451
29.385	5.491
29.355	5.531
29.325	5.571
29.294	5.612
29.262	5.653
29.230	5.694
29.198	5.735
29.164	5.775
29.130	5.814
29.096	5.853
29.061	5.891
29.026	5.928
28.990	5.965
28.953	6.001
28.916	6.036
28.879	6.070
28.841	6.103
28.802	6.136
28.764	6.168
28.724	6.199
28.685	6.230
28.644	6.259
28.604	6.288
28.563	6.317
28.522	6.345
28.480	6.372
28.439	6.400
28.398	6.427
28.357	6.454
28.316	6.481
28.275	6.508
28.235	6.535
28.195	6.563
28.156	6.591
28.118	6.620
28.081	6.649
28.044	6.679
28.007	6.709
27.971	6.739
27.935	6.768
27.899	6.798
27.863	6.828
27.827	6.857
27.790	6.885
27.753	6.913
27.715	6.940
27.676	6.966
27.637	6.990
27.597	7.014
27.556	7.038
27.514	7.061
27.472	7.083
27.430	7.105
27.387	7.127
27.344	7.148
27.301	7.170
27.258	7.192
27.215	7.214
27.171	7.237
27.128	7.260
27.085	7.284
27.042	7.308
27.000	7.333
26.959	7.358
26.918	7.383
26.878	7.408
26.840	7.434
26.802	7.460
26.766	7.486
26.731	7.512
26.697	7.539
26.665	7.566
26.633	7.592
26.601	7.618
26.570	7.643
26.537	7.668
26.503	7.691
26.468	7.714
26.430	7.735
26.390	7.754
26.347	7.772
26.301	7.787
26.252	7.801
26.200	7.813
26.146	7.824
26.091	7.833
26.034	7.840
25.976	7.846
25.917	7.851
25.858	7.854
25.799	7.856
25.740	7.857
25.682	7.858
25.625	7.857
25.569	7.855
25.514	7.853
25.461	7.850
25.410	7.846
25.359	7.842
25.309	7.837
25.259	7.831
25.211	7.825
25.162	7.819
25.114	7.812
25.065	7.805
25.017	7.798
24.968	7.790
24.919	7.782
24.869	7.774
24.819	7.766
24.770	7.757
24.721	7.748
24.674	7.739
24.627	7.729
24.583	7.719
24.540	7.708
24.500	7.697
24.462	7.685
24.427	7.672
24.396	7.659
24.366	7.646
24.339	7.633
24.312	7.620
24.284	7.608
24.256	7.597
24.227	7.588
24.195	7.582
24.159	7.577
24.122	7.574
24.082	7.573
24.040	7.573
23.996	7.574
23.951	7.576
23.906	7.578
23.860	7.580
23.813	7.582
23.767	7.583
23.722	7.583
23.677	7.583
23.633	7.581
23.589	7.578
23.546	7.575
23.503	7.570
23.460	7.565
23.417	7.560
23.374	7.554
23.331	7.547
23.288	7.540
23.244	7.533
23.201	7.526
23.157	7.518
23.112	7.510
23.067	7.502
23.022	7.494
22.977	7.486
22.931	7.477
22.885	7.469
22.839	7.461
22.792	7.454
22.745	7.446
22.698	7.439
22.650	7.432
22.603	7.425
22.555	7.418
22.508	7.411
22.461	7.403
22.414	7.396
22.368	7.388
22.322	7.380
22.277	7.372
22.234	7.362
22.191	7.353
22.149	7.342
22.108	7.331
22.068	7.320
22.028	7.307
21.990	7.294
21.953	7.280
21.916	7.265
21.881	7.250
21.846	7.234
21.812	7.216
21.778	7.198
21.746	7.180
21.714	7.160
21.683	7.140
21.653	7.120
21.624	7.099
21.596	7.078
21.569	7.057
21.542	7.035
21.517	7.014
21.493	6.993
21.468	6.973
21.443	6.954
21.418	6.937
21.391	6.922
21.363	6.909
21.333	6.899
21.300	6.893
21.266	6.889
21.230	6.888
21.194	6.889
21.156	6.893
21.119	6.899
21.083	6.907
21.047	6.917
21.012	6.928
20.979	6.940
20.947	6.954
20.915	6.968
20.885	6.982
20.854	6.996
20.823	7.010
20.792	7.023
20.760	7.035
20.726	7.045
20.692	7.054
20.656	7.062
20.619	7.068
20.581	7.073
20.541	7.077
20.500	7.080
20.459	7.082
20.416	7.083
20.372	7.083
20.327	7.083
20.281	7.081
20.234	7.079
20.188	7.077
20.142	7.073
20.097	7.069
20.052	7.064
20.009	7.059
19.968	7.053
19.928	7.046
19.892	7.039
19.857	7.031
19.826	7.023
19.795	7.014
19.766	7.003
19.737	6.992
19.708	6.980
19.678	6.967
19.647	6.952
19.613	6.936
19.578	6.918
19.540	6.900
19.501	6.880
19.461	6.859
19.421	6.838
19.380	6.817
19.339	6.795
19.298	6.772
19.258	6.750
19.219	6.728
19.182	6.706
19.146	6.685
19.111	6.664
19.077	6.643
19.044	6.621
19.011	6.599
18.979	6.577
18.947	6.554
18.914	6.531
18.881	6.506
18.848	6.480
18.814	6.453
18.779	6.425
18.744	6.397
18.709	6.367
18.675	6.338
18.641	6.308
18.608	6.278
18.576	6.248
18.545	6.219
18.515	6.190
18.487	6.161
18.461	6.134
18.436	6.107
18.411	6.081
18.386	6.056
18.361	6.031
18.334	6.008
18.306	5.985
18.275	5.963
18.241	5.942
18.205	5.921
18.167	5.901
18.127	5.881
18.088	5.861
18.049	5.840
18.013	5.818
17.980	5.795
17.950	5.771
17.926	5.745
17.907	5.716
17.895	5.686
17.889	5.653
17.888	5.618
17.891	5.581
17.896	5.542
17.903	5.502
17.912	5.459
17.920	5.415
17.928	5.369
17.933	5.321
17.936	5.272
17.937	5.223
17.938	5.173
17.938	5.124
17.939	5.075
17.941	5.028
17.946	4.983
17.953	4.941
17.964	4.901
17.979	4.865
18.000	4.833
