X	Y
13.817	5.995
13.838	5.957
13.863	5.922
13.893	5.891
13.928	5.864
13.966	5.838
14.008	5.815
14.054	5.794
14.103	5.774
14.155	5.755
14.209	5.736
14.266	5.717
14.325	5.698
14.385	5.677
14.447	5.655
14.510	5.631
14.574	5.606
14.639	5.579
14.706	5.551
14.773	5.521
14.842	5.491
14.911	5.459
14.982	5.427
15.053	5.393
15.126	5.359
15.199	5.325
15.273	5.289
15.348	5.254
15.424	5.217
15.500	5.181
15.577	5.145
15.655	5.108
15.733	5.072
15.812	5.036
15.892	5.000
15.972	4.965
16.052	4.930
16.133	4.895
16.215	4.861
16.296	4.827
16.377	4.794
16.459	4.760
16.541	4.727
16.622	4.695
16.703	4.662
16.784	4.630
16.864	4.597
16.944	4.565
17.023	4.533
17.101	4.500
17.179	4.468
17.255	4.436
17.331	4.403
17.406	4.370
17.479	4.338
17.551	4.305
17.622	4.271
17.691	4.238
17.759	4.204
17.826	4.170
17.891	4.135
17.954	4.100
18.017	4.066
18.078	4.030
18.139	3.995
18.199	3.959
18.258	3.924
18.316	3.888
18.374	3.852
18.431	3.816
18.488	3.780
18.545	3.744
18.601	3.707
18.658	3.671
18.714	3.635
18.771	3.599
18.828	3.563
18.886	3.527
18.944	3.491
19.002	3.456
19.061	3.420
19.121	3.384
19.180	3.348
19.241	3.312
19.302	3.276
19.364	3.240
19.426	3.203
19.490	3.167
19.553	3.130
19.618	3.093
19.684	3.055
19.750	3.018
19.817	2.980
19.886	2.941
19.955	2.902
20.025	2.863
20.096	2.823
20.168	2.783
20.241	2.742
20.314	2.701
20.388	2.661
20.462	2.620
20.536	2.578
20.611	2.538
20.685	2.497
20.759	2.456
20.832	2.416
20.905	2.377
20.977	2.338
21.048	2.299
21.118	2.261
21.186	2.224
21.254	2.188
21.319	2.153
21.384	2.119
21.446	2.086
21.506	2.054
21.564	2.024
21.620	1.995
21.674	1.967
21.727	1.941
21.777	1.916
21.827	1.892
21.875	1.870
21.922	1.848
21.968	1.828
22.014	1.810
22.059	1.792
22.105	1.776
22.150	1.760
22.195	1.746
22.241	1.733
22.288	1.722
22.335	1.711
22.382	1.701
22.429	1.692
22.477	1.684
22.525	1.677
22.572	1.671
22.620	1.665
22.667	1.660
22.714	1.656
22.761	1.652
22.808	1.648
22.853	1.645
22.899	1.642
22.944	1.640
22.989	1.638
23.034	1.637
23.079	1.636
23.125	1.635
23.171	1.636
23.219	1.636
23.268	1.638
23.318	1.640
23.369	1.643
23.422	1.646
23.477	1.651
23.534	1.656
23.592	1.662
23.651	1.668
23.710	1.676
23.770	1.685
23.830	1.695
23.890	1.705
23.949	1.717
24.007	1.731
24.064	1.745
24.120	1.761
24.173	1.778
24.225	1.796
24.273	1.816
24.319	1.838
24.363	1.860
24.403	1.885
24.441	1.910
24.478	1.937
24.512	1.966
24.545	1.996
24.577	2.027
24.607	2.059
24.637	2.092
24.667	2.127
24.697	2.163
24.727	2.200
24.757	2.238
24.787	2.277
24.817	2.317
24.847	2.357
24.877	2.399
24.907	2.441
24.936	2.484
24.965	2.527
24.994	2.570
25.022	2.614
25.049	2.658
25.075	2.702
25.100	2.747
25.124	2.791
25.147	2.835
25.167	2.880
25.185	2.924
25.200	2.969
25.211	3.014
25.219	3.060
25.222	3.106
25.219	3.153
25.212	3.200
25.198	3.248
25.178	3.297
25.150	3.347
25.117	3.397
25.077	3.448
25.034	3.497
24.987	3.545
24.940	3.590
24.891	3.632
24.844	3.670
24.800	3.703
24.758	3.731
24.722	3.752
24.692	3.767
24.669	3.774
24.655	3.772
24.651	3.762
24.655	3.743
24.667	3.716
24.685	3.684
24.709	3.645
24.737	3.602
24.767	3.555
24.800	3.506
24.833	3.454
24.865	3.402
24.895	3.350
24.922	3.298
24.946	3.248
24.964	3.200
24.979	3.154
24.989	3.110
24.994	3.067
24.995	3.026
24.990	2.987
24.982	2.949
24.968	2.913
24.949	2.878
24.926	2.845
24.897	2.814
24.864	2.784
24.827	2.756
24.786	2.730
24.742	2.706
24.695	2.684
24.646	2.664
24.596	2.647
24.544	2.633
24.491	2.621
24.438	2.613
24.386	2.607
24.334	2.605
24.283	2.606
24.233	2.610
24.184	2.617
24.135	2.626
24.087	2.638
24.039	2.651
23.991	2.666
23.943	2.682
23.894	2.699
23.844	2.717
23.794	2.734
23.742	2.752
23.688	2.769
23.633	2.785
23.577	2.801
23.518	2.815
23.458	2.829
23.397	2.841
23.335	2.853
23.271	2.864
23.207	2.875
23.142	2.885
23.077	2.895
23.012	2.904
22.946	2.913
22.880	2.921
22.815	2.930
22.750	2.938
22.686	2.947
22.622	2.955
22.560	2.964
22.498	2.973
22.438	2.982
22.378	2.992
22.319	3.002
22.261	3.013
22.203	3.024
22.145	3.036
22.087	3.050
22.030	3.064
21.972	3.079
21.914	3.095
21.856	3.113
21.797	3.132
21.738	3.152
21.677	3.174
21.616	3.198
21.554	3.223
21.491	3.250
21.429	3.278
21.368	3.306
21.310	3.335
21.256	3.364
21.207	3.392
21.162	3.419
21.125	3.445
21.095	3.470
21.074	3.492
21.062	3.512
21.061	3.530
21.072	3.544
21.093	3.555
21.125	3.563
21.165	3.568
21.214	3.571
21.271	3.571
21.334	3.569
21.402	3.565
21.475	3.560
21.552	3.552
21.632	3.544
21.713	3.534
21.795	3.523
21.877	3.511
21.958	3.499
22.038	3.486
22.114	3.472
22.188	3.459
22.257	3.445
22.324	3.432
22.388	3.419
22.450	3.405
22.510	3.393
22.568	3.380
22.624	3.368
22.680	3.356
22.735	3.345
22.789	3.334
22.843	3.325
22.897	3.316
22.952	3.307
23.008	3.300
23.064	3.294
23.123	3.289
23.182	3.284
23.242	3.281
23.303	3.280
23.365	3.279
23.426	3.280
23.487	3.281
23.548	3.284
23.609	3.289
23.668	3.295
23.726	3.302
23.782	3.311
23.837	3.321
23.889	3.332
23.939	3.345
23.987	3.360
24.032	3.376
24.074	3.393
24.115	3.413
24.154	3.433
24.191	3.455
24.227	3.478
24.262	3.502
24.297	3.528
24.332	3.554
24.367	3.582
24.402	3.611
24.438	3.641
24.474	3.672
24.512	3.704
24.549	3.737
24.587	3.771
24.624	3.807
24.661	3.843
24.697	3.880
24.733	3.919
24.768	3.959
24.802	4.000
24.834	4.042
24.865	4.085
24.894	4.130
24.921	4.176
24.946	4.223
24.969	4.270
24.991	4.319
25.011	4.368
25.029	4.417
25.046	4.467
25.062	4.516
25.077	4.566
25.091	4.615
25.104	4.663
25.115	4.711
25.127	4.758
25.137	4.803
25.147	4.848
25.156	4.891
25.163	4.934
25.168	4.977
25.171	5.019
25.171	5.061
25.168	5.104
25.161	5.147
25.150	5.191
25.134	5.236
25.113	5.282
25.087	5.329
25.056	5.377
25.022	5.425
24.985	5.472
24.946	5.516
24.908	5.556
24.871	5.592
24.836	5.622
24.805	5.644
24.779	5.659
24.758	5.664
24.745	5.659
24.740	5.642
24.742	5.616
24.750	5.580
24.763	5.537
24.780	5.487
24.799	5.432
24.819	5.373
24.839	5.311
24.858	5.248
24.875	5.185
24.888	5.123
24.896	5.063
24.898	5.008
24.893	4.957
24.879	4.911
24.859	4.872
24.832	4.837
24.799	4.807
24.760	4.782
24.717	4.761
24.669	4.743
24.618	4.729
24.565	4.718
24.509	4.710
24.451	4.704
24.393	4.701
24.334	4.699
24.275	4.699
24.216	4.700
24.156	4.703
24.096	4.707
24.035	4.712
23.974	4.718
23.912	4.725
23.849	4.734
23.785	4.742
23.720	4.752
23.654	4.762
23.587	4.772
23.518	4.783
23.448	4.794
23.377	4.805
23.305	4.816
23.230	4.827
23.155	4.838
23.077	4.849
22.999	4.859
22.919	4.870
22.838	4.880
22.755	4.890
22.672	4.900
22.588	4.909
22.503	4.919
22.417	4.928
22.331	4.938
22.244	4.947
22.157	4.956
22.069	4.965
21.981	4.973
21.893	4.982
21.805	4.990
21.716	4.998
21.628	5.006
21.540	5.014
21.452	5.022
21.365	5.030
21.278	5.037
21.192	5.044
21.106	5.052
21.020	5.059
20.936	5.066
20.852	5.073
20.769	5.081
20.687	5.088
20.605	5.095
20.525	5.103
20.446	5.111
20.367	5.119
20.290	5.128
20.214	5.136
20.139	5.145
20.066	5.155
19.993	5.165
19.923	5.175
19.853	5.186
19.785	5.197
19.719	5.209
19.654	5.221
19.591	5.234
19.528	5.248
19.467	5.262
19.407	5.276
19.347	5.291
19.288	5.307
19.229	5.323
19.169	5.339
19.110	5.355
19.050	5.372
18.990	5.389
18.928	5.407
18.866	5.424
18.802	5.442
18.737	5.460
18.670	5.478
18.602	5.496
18.531	5.515
18.460	5.533
18.387	5.552
18.313	5.570
18.238	5.589
18.163	5.607
18.087	5.626
18.011	5.644
17.935	5.663
17.859	5.681
17.784	5.699
17.710	5.717
17.636	5.735
17.564	5.753
17.492	5.771
17.423	5.788
17.355	5.806
17.289	5.823
17.225	5.840
17.164	5.856
17.104	5.872
17.047	5.889
16.990	5.905
16.935	5.921
16.880	5.937
16.826	5.953
16.772	5.969
16.717	5.985
16.662	6.002
16.606	6.019
16.549	6.036
16.490	6.053
16.429	6.071
16.366	6.089
16.301	6.108
16.232	6.127
16.161	6.147
16.088	6.168
16.013	6.189
15.937	6.210
15.859	6.231
15.781	6.253
15.703	6.276
15.624	6.298
15.546	6.321
15.469	6.344
15.393	6.368
15.318	6.391
15.245	6.415
15.174	6.438
15.106	6.462
15.041	6.486
14.979	6.509
14.920	6.533
14.866	6.556
14.816	6.580
14.769	6.603
14.726	6.625
14.686	6.647
14.648	6.668
14.612	6.688
14.576	6.706
14.542	6.723
14.507	6.738
14.472	6.751
14.435	6.762
14.397	6.770
14.358	6.776
14.317	6.779
14.275	6.779
14.232	6.775
14.190	6.768
14.148	6.757
14.106	6.741
14.066	6.722
14.027	6.697
13.990	6.668
13.955	6.634
13.923	6.595
13.894	6.551
13.867	6.504
13.844	6.454
13.825	6.401
13.809	6.348
13.797	6.294
13.789	6.239
13.785	6.186
13.786	6.134
13.792	6.085
13.802	6.038
13.817	5.995
