X	Y
18.114	6.288
18.151	6.263
18.192	6.242
18.235	6.225
18.280	6.211
18.328	6.198
18.377	6.188
18.427	6.179
18.478	6.170
18.530	6.162
18.582	6.153
18.633	6.144
18.685	6.133
18.735	6.122
18.786	6.110
18.836	6.097
18.885	6.084
18.934	6.070
18.982	6.056
19.030	6.042
19.077	6.027
19.123	6.012
19.169	5.997
19.214	5.982
19.259	5.967
19.304	5.953
19.349	5.938
19.394	5.924
19.440	5.911
19.486	5.899
19.533	5.887
19.581	5.876
19.630	5.866
19.679	5.857
19.730	5.849
19.780	5.842
19.831	5.835
19.882	5.829
19.932	5.824
19.982	5.819
20.032	5.815
20.080	5.811
20.128	5.808
20.174	5.805
20.220	5.803
20.265	5.802
20.310	5.801
20.354	5.801
20.399	5.802
20.444	5.804
20.490	5.808
20.536	5.812
20.583	5.818
20.631	5.825
20.679	5.833
20.728	5.841
20.777	5.851
20.826	5.860
20.875	5.870
20.925	5.881
20.974	5.891
21.022	5.901
21.070	5.911
21.118	5.921
21.165	5.931
21.212	5.940
21.259	5.949
21.305	5.958
21.350	5.967
21.395	5.976
21.440	5.985
21.484	5.994
21.528	6.003
21.572	6.012
21.615	6.021
21.659	6.030
21.702	6.039
21.746	6.049
21.790	6.059
21.834	6.070
21.878	6.081
21.923	6.093
21.968	6.105
22.013	6.118
22.059	6.131
22.105	6.145
22.151	6.159
22.197	6.173
22.243	6.188
22.289	6.203
22.335	6.218
22.380	6.233
22.425	6.248
22.469	6.263
22.513	6.279
22.557	6.295
22.600	6.312
22.641	6.329
22.682	6.347
22.722	6.365
22.761	6.385
22.799	6.405
22.836	6.426
22.872	6.447
22.908	6.470
22.943	6.493
22.978	6.517
23.013	6.542
23.048	6.568
23.083	6.594
23.118	6.621
23.153	6.649
23.189	6.677
23.225	6.705
23.261	6.734
23.297	6.763
23.332	6.793
23.368	6.823
23.404	6.852
23.440	6.882
23.476	6.911
23.512	6.941
23.547	6.970
23.583	6.999
23.619	7.028
23.654	7.056
23.690	7.084
23.726	7.111
23.762	7.137
23.798	7.163
23.834	7.189
23.870	7.214
23.906	7.240
23.943	7.266
23.979	7.292
24.015	7.319
24.052	7.348
24.089	7.377
24.125	7.408
24.162	7.440
24.198	7.473
24.234	7.507
24.270	7.542
24.306	7.578
24.341	7.614
24.375	7.651
24.408	7.689
24.441	7.727
24.473	7.764
24.504	7.802
24.533	7.840
24.562	7.878
24.589	7.916
24.615	7.954
24.640	7.992
24.663	8.030
24.684	8.068
24.704	8.106
24.723	8.143
24.739	8.181
24.754	8.219
24.768	8.258
24.781	8.297
24.792	8.337
24.803	8.377
24.812	8.419
24.821	8.461
24.829	8.505
24.836	8.549
24.842	8.594
24.847	8.640
24.850	8.686
24.851	8.733
24.850	8.779
24.847	8.825
24.842	8.871
24.834	8.916
24.824	8.961
24.811	9.005
24.797	9.049
24.782	9.092
24.766	9.135
24.749	9.178
24.732	9.219
24.715	9.261
24.699	9.302
24.683	9.343
24.668	9.384
24.652	9.424
24.636	9.464
24.620	9.504
24.602	9.543
24.583	9.583
24.562	9.622
24.540	9.661
24.515	9.701
24.488	9.740
24.460	9.779
24.430	9.817
24.400	9.856
24.369	9.894
24.337	9.932
24.306	9.970
24.275	10.007
24.245	10.044
24.215	10.081
24.186	10.117
24.158	10.153
24.130	10.189
24.102	10.224
24.074	10.260
24.046	10.295
24.017	10.330
23.988	10.366
23.958	10.401
23.927	10.437
23.895	10.472
23.863	10.507
23.829	10.541
23.794	10.574
23.759	10.606
23.722	10.637
23.684	10.665
23.645	10.691
23.605	10.715
23.564	10.737
23.522	10.758
23.480	10.776
23.436	10.794
23.392	10.811
23.347	10.827
23.302	10.843
23.256	10.860
23.210	10.877
23.163	10.895
23.117	10.913
23.070	10.932
23.023	10.951
22.975	10.970
22.928	10.989
22.880	11.006
22.832	11.023
22.784	11.039
22.736	11.053
22.687	11.065
22.639	11.075
22.590	11.084
22.542	11.093
22.494	11.102
22.447	11.111
22.401	11.121
22.357	11.133
22.313	11.147
22.271	11.164
22.232	11.184
22.193	11.208
22.157	11.234
22.122	11.263
22.088	11.292
22.054	11.322
22.021	11.352
21.988	11.380
21.956	11.407
21.922	11.431
21.889	11.452
21.854	11.471
21.820	11.487
21.784	11.503
21.748	11.517
21.711	11.532
21.673	11.546
21.635	11.561
21.595	11.578
21.555	11.595
21.514	11.614
21.472	11.633
21.429	11.654
21.385	11.675
21.341	11.697
21.295	11.720
21.249	11.743
21.202	11.767
21.153	11.791
21.105	11.815
21.056	11.839
21.006	11.863
20.957	11.887
20.908	11.910
20.860	11.933
20.813	11.955
20.767	11.977
20.722	11.997
20.679	12.016
20.638	12.035
20.598	12.051
20.559	12.067
20.520	12.081
20.482	12.094
20.444	12.106
20.405	12.116
20.365	12.124
20.324	12.132
20.281	12.137
20.237	12.142
20.191	12.144
20.145	12.146
20.099	12.146
20.052	12.144
20.005	12.141
19.959	12.136
19.913	12.129
19.867	12.121
19.823	12.112
19.780	12.101
19.738	12.089
19.697	12.076
19.657	12.062
19.618	12.047
19.581	12.031
19.545	12.015
19.511	11.998
19.478	11.981
19.447	11.962
19.417	11.942
19.388	11.921
19.360	11.897
19.334	11.872
19.308	11.845
19.283	11.815
19.259	11.784
19.236	11.751
19.214	11.717
19.193	11.682
19.172	11.647
19.153	11.613
19.134	11.579
19.116	11.546
19.099	11.513
19.082	11.480
19.065	11.447
19.049	11.414
19.032	11.379
19.015	11.343
18.997	11.304
18.979	11.264
18.960	11.222
18.940	11.179
18.920	11.134
18.899	11.089
18.878	11.044
18.857	11.000
18.835	10.956
18.814	10.913
18.792	10.872
18.770	10.832
18.748	10.794
18.726	10.757
18.705	10.721
18.685	10.684
18.665	10.647
18.645	10.609
18.627	10.570
18.610	10.530
18.595	10.487
18.580	10.442
18.567	10.396
18.554	10.348
18.543	10.300
18.533	10.250
18.523	10.199
18.515	10.148
18.508	10.097
18.501	10.045
18.495	9.994
18.490	9.943
18.486	9.892
18.482	9.842
18.480	9.793
18.478	9.744
18.476	9.698
18.476	9.652
18.476	9.608
18.477	9.566
18.479	9.525
18.481	9.487
18.483	9.450
18.484	9.414
18.484	9.379
18.483	9.345
18.480	9.311
18.475	9.277
18.468	9.243
18.458	9.208
18.445	9.174
18.431	9.139
18.414	9.105
18.395	9.069
18.375	9.034
18.353	8.998
18.329	8.961
18.305	8.924
18.280	8.887
18.256	8.850
18.232	8.812
18.209	8.774
18.188	8.736
18.169	8.698
18.153	8.660
18.140	8.622
18.129	8.584
18.118	8.545
18.108	8.507
18.096	8.469
18.083	8.432
18.066	8.394
18.046	8.357
18.021	8.320
17.993	8.283
17.962	8.246
17.929	8.209
17.896	8.172
17.865	8.135
17.835	8.097
17.808	8.060
17.786	8.021
17.769	7.983
17.758	7.944
17.753	7.904
17.752	7.863
17.755	7.822
17.761	7.779
17.769	7.735
17.778	7.689
17.788	7.642
17.798	7.593
17.807	7.543
17.816	7.491
17.823	7.438
17.831	7.384
17.837	7.331
17.843	7.277
17.848	7.224
17.853	7.171
17.857	7.120
17.861	7.070
17.865	7.022
17.868	6.976
17.871	6.931
17.874	6.888
17.878	6.846
17.882	6.805
17.888	6.763
17.894	6.722
17.903	6.680
17.913	6.637
17.925	6.594
17.939	6.550
17.956	6.507
17.975	6.465
17.997	6.424
18.021	6.385
18.049	6.349
18.080	6.317
18.114	6.288
