X	Y
13.698	6.349
13.733	6.323
13.773	6.300
13.816	6.280
13.864	6.261
13.915	6.245
13.969	6.231
14.026	6.219
14.086	6.209
14.149	6.200
14.214	6.193
14.282	6.188
14.352	6.184
14.424	6.181
14.497	6.179
14.572	6.179
14.648	6.179
14.726	6.180
14.804	6.181
14.884	6.184
14.963	6.186
15.043	6.189
15.124	6.192
15.204	6.196
15.284	6.199
15.363	6.202
15.442	6.204
15.520	6.207
15.597	6.209
15.673	6.210
15.748	6.211
15.821	6.211
15.893	6.210
15.964	6.209
16.035	6.207
16.104	6.205
16.173	6.203
16.241	6.200
16.308	6.197
16.375	6.193
16.442	6.189
16.508	6.185
16.574	6.181
16.639	6.176
16.705	6.172
16.770	6.167
16.836	6.162
16.902	6.158
16.968	6.153
17.034	6.148
17.100	6.143
17.168	6.139
17.235	6.134
17.303	6.130
17.373	6.126
17.442	6.123
17.513	6.119
17.585	6.116
17.657	6.113
17.731	6.111
17.806	6.109
17.881	6.107
17.957	6.106
18.033	6.105
18.111	6.104
18.188	6.103
18.266	6.103
18.344	6.103
18.422	6.103
18.500	6.103
18.578	6.103
18.656	6.104
18.734	6.105
18.812	6.105
18.889	6.106
18.965	6.107
19.041	6.108
19.117	6.109
19.191	6.110
19.265	6.111
19.337	6.112
19.409	6.113
19.480	6.113
19.549	6.114
19.617	6.115
19.684	6.115
19.749	6.116
19.812	6.116
19.874	6.116
19.934	6.116
19.993	6.116
20.050	6.116
20.106	6.115
20.160	6.115
20.213	6.114
20.265	6.114
20.316	6.113
20.366	6.113
20.415	6.112
20.464	6.112
20.512	6.111
20.560	6.111
20.607	6.111
20.654	6.111
20.701	6.111
20.747	6.112
20.794	6.113
20.841	6.114
20.888	6.115
20.935	6.116
20.983	6.118
21.031	6.121
21.080	6.124
21.128	6.127
21.176	6.131
21.225	6.135
21.272	6.141
21.320	6.147
21.367	6.154
21.413	6.162
21.458	6.171
21.502	6.180
21.546	6.191
21.588	6.204
21.628	6.217
21.668	6.232
21.706	6.248
21.742	6.265
21.776	6.284
21.808	6.304
21.839	6.326
21.868	6.349
21.895	6.373
21.922	6.398
21.946	6.424
21.970	6.450
21.992	6.477
22.014	6.505
22.034	6.532
22.054	6.560
22.073	6.588
22.092	6.615
22.110	6.642
22.128	6.669
22.146	6.695
22.163	6.722
22.180	6.748
22.195	6.774
22.210	6.801
22.224	6.828
22.237	6.855
22.248	6.884
22.258	6.914
22.267	6.945
22.273	6.977
22.278	7.011
22.281	7.047
22.282	7.085
22.280	7.123
22.278	7.164
22.273	7.205
22.268	7.246
22.261	7.289
22.252	7.331
22.243	7.374
22.233	7.416
22.221	7.458
22.209	7.500
22.197	7.540
22.184	7.580
22.171	7.618
22.157	7.654
22.143	7.688
22.130	7.721
22.116	7.751
22.102	7.780
22.088	7.807
22.074	7.833
22.059	7.858
22.043	7.882
22.027	7.906
22.010	7.929
21.992	7.952
21.972	7.976
21.952	7.999
21.930	8.024
21.907	8.049
21.882	8.075
21.856	8.101
21.829	8.128
21.801	8.156
21.772	8.183
21.742	8.211
21.712	8.239
21.681	8.267
21.649	8.295
21.618	8.323
21.586	8.350
21.554	8.376
21.522	8.402
21.490	8.428
21.459	8.452
21.428	8.476
21.397	8.498
21.367	8.520
21.337	8.541
21.308	8.561
21.278	8.581
21.249	8.601
21.220	8.620
21.191	8.639
21.162	8.658
21.133	8.677
21.103	8.697
21.074	8.716
21.044	8.736
21.015	8.757
20.985	8.778
20.954	8.800
20.924	8.823
20.893	8.847
20.861	8.870
20.830	8.895
20.798	8.919
20.766	8.945
20.735	8.970
20.702	8.996
20.670	9.022
20.638	9.048
20.605	9.074
20.573	9.100
20.540	9.126
20.508	9.152
20.475	9.178
20.443	9.204
20.410	9.229
20.378	9.255
20.345	9.280
20.312	9.305
20.279	9.330
20.245	9.355
20.211	9.380
20.176	9.404
20.141	9.429
20.105	9.454
20.068	9.479
20.030	9.504
19.992	9.529
19.952	9.554
19.911	9.580
19.869	9.605
19.826	9.631
19.781	9.656
19.736	9.682
19.688	9.709
19.640	9.735
19.591	9.761
19.541	9.788
19.490	9.814
19.438	9.841
19.386	9.867
19.333	9.894
19.280	9.920
19.227	9.946
19.174	9.971
19.121	9.997
19.068	10.022
19.015	10.047
18.963	10.071
18.911	10.095
18.860	10.119
18.809	10.141
18.759	10.164
18.711	10.186
18.663	10.207
18.617	10.227
18.571	10.247
18.527	10.266
18.485	10.284
18.443	10.302
18.402	10.319
18.362	10.335
18.323	10.350
18.284	10.365
18.245	10.378
18.207	10.391
18.169	10.404
18.131	10.415
18.093	10.426
18.055	10.435
18.016	10.444
17.977	10.453
17.938	10.460
17.898	10.467
17.857	10.472
17.815	10.477
17.773	10.482
17.730	10.485
17.686	10.488
17.642	10.490
17.597	10.492
17.551	10.493
17.505	10.494
17.459	10.495
17.412	10.495
17.364	10.495
17.316	10.494
17.268	10.493
17.219	10.493
17.170	10.492
17.121	10.491
17.071	10.489
17.021	10.488
16.971	10.487
16.921	10.486
16.870	10.485
16.820	10.484
16.769	10.483
16.718	10.482
16.667	10.481
16.617	10.479
16.566	10.478
16.516	10.476
16.465	10.474
16.415	10.472
16.366	10.470
16.316	10.467
16.267	10.464
16.219	10.461
16.170	10.458
16.123	10.454
16.075	10.450
16.029	10.445
15.983	10.440
15.938	10.434
15.893	10.428
15.849	10.422
15.805	10.415
15.761	10.409
15.718	10.401
15.674	10.394
15.631	10.386
15.588	10.378
15.544	10.370
15.501	10.362
15.457	10.354
15.413	10.346
15.368	10.338
15.323	10.330
15.277	10.322
15.231	10.314
15.184	10.306
15.136	10.298
15.087	10.290
15.037	10.283
14.988	10.276
14.937	10.268
14.887	10.261
14.837	10.254
14.787	10.246
14.738	10.239
14.689	10.231
14.641	10.223
14.594	10.215
14.548	10.207
14.503	10.198
14.460	10.189
14.419	10.179
14.379	10.170
14.341	10.159
14.306	10.148
14.272	10.137
14.241	10.125
14.213	10.113
14.186	10.100
14.160	10.086
14.136	10.072
14.113	10.057
14.090	10.041
14.068	10.025
14.045	10.008
14.023	9.990
14.000	9.972
13.976	9.953
13.951	9.933
13.925	9.912
13.898	9.891
13.871	9.868
13.844	9.845
13.817	9.821
13.791	9.795
13.765	9.769
13.740	9.741
13.717	9.713
13.694	9.683
13.674	9.652
13.655	9.619
13.639	9.585
13.625	9.550
13.614	9.514
13.605	9.476
13.598	9.437
13.593	9.397
13.590	9.356
13.589	9.314
13.589	9.272
13.589	9.230
13.591	9.187
13.593	9.144
13.595	9.101
13.598	9.059
13.600	9.017
13.602	8.975
13.604	8.934
13.605	8.894
13.605	8.854
13.603	8.816
13.601	8.778
13.598	8.742
13.595	8.706
13.593	8.671
13.590	8.636
13.589	8.603
13.588	8.569
13.589	8.536
13.592	8.504
13.597	8.472
13.604	8.440
13.613	8.408
13.626	8.376
13.642	8.344
13.661	8.312
13.683	8.280
13.708	8.248
13.734	8.215
13.762	8.183
13.791	8.150
13.821	8.118
13.852	8.085
13.883	8.052
13.914	8.019
13.944	7.986
13.974	7.952
14.003	7.919
14.030	7.885
14.055	7.850
14.078	7.816
14.098	7.781
14.116	7.746
14.131	7.711
14.143	7.676
14.152	7.641
14.159	7.606
14.162	7.571
14.163	7.537
14.160	7.503
14.155	7.470
14.147	7.437
14.136	7.405
14.122	7.374
14.106	7.344
14.086	7.316
14.063	7.288
14.038	7.261
14.011	7.235
13.982	7.210
13.952	7.185
13.920	7.160
13.888	7.135
13.856	7.110
13.823	7.085
13.791	7.059
13.760	7.033
13.730	7.005
13.701	6.977
13.675	6.947
13.650	6.916
13.628	6.884
13.609	6.850
13.593	6.814
13.580	6.777
13.570	6.739
13.563	6.701
13.560	6.662
13.560	6.623
13.564	6.585
13.571	6.547
13.582	6.510
13.597	6.474
13.616	6.440
13.639	6.407
13.666	6.377
13.698	6.349
