X	Y
8.287	5.415
8.294	5.401
8.304	5.389
8.317	5.378
8.331	5.370
8.348	5.362
8.367	5.357
8.387	5.352
8.409	5.349
8.432	5.346
8.455	5.345
8.480	5.344
8.505	5.344
8.530	5.344
8.555	5.344
8.581	5.345
8.606	5.346
8.632	5.348
8.658	5.350
8.685	5.352
8.711	5.354
8.738	5.357
8.765	5.360
8.793	5.363
8.820	5.366
8.848	5.370
8.876	5.374
8.904	5.378
8.932	5.382
8.961	5.386
8.990	5.390
9.019	5.394
9.048	5.398
9.077	5.403
9.107	5.407
9.136	5.412
9.166	5.416
9.197	5.421
9.227	5.425
9.257	5.429
9.288	5.434
9.319	5.438
9.350	5.443
9.381	5.447
9.412	5.451
9.444	5.455
9.476	5.459
9.507	5.463
9.539	5.467
9.571	5.470
9.604	5.474
9.636	5.477
9.668	5.480
9.700	5.483
9.732	5.486
9.764	5.488
9.796	5.491
9.828	5.493
9.859	5.495
9.891	5.496
9.922	5.497
9.952	5.498
9.982	5.499
10.012	5.500
10.041	5.500
10.070	5.499
10.098	5.499
10.126	5.498
10.153	5.496
10.179	5.495
10.205	5.493
10.230	5.490
10.256	5.488
10.281	5.485
10.306	5.483
10.331	5.480
10.356	5.477
10.381	5.474
10.407	5.471
10.433	5.468
10.459	5.465
10.486	5.462
10.514	5.460
10.543	5.458
10.572	5.456
10.603	5.454
10.634	5.453
10.666	5.452
10.699	5.451
10.733	5.450
10.768	5.450
10.803	5.450
10.839	5.450
10.875	5.450
10.912	5.450
10.950	5.450
10.987	5.451
11.026	5.451
11.064	5.452
11.103	5.452
11.142	5.453
11.181	5.454
11.221	5.454
11.260	5.455
11.300	5.455
11.339	5.456
11.379	5.456
11.418	5.456
11.457	5.457
11.496	5.457
11.535	5.457
11.573	5.457
11.612	5.457
11.650	5.456
11.687	5.456
11.724	5.456
11.761	5.456
11.797	5.455
11.832	5.455
11.868	5.455
11.902	5.455
11.936	5.455
11.969	5.454
12.001	5.454
12.033	5.455
12.064	5.455
12.094	5.455
12.123	5.456
12.151	5.456
12.179	5.457
12.205	5.458
12.231	5.459
12.256	5.460
12.280	5.462
12.304	5.463
12.327	5.466
12.350	5.468
12.373	5.471
12.396	5.474
12.419	5.477
12.441	5.481
12.464	5.485
12.488	5.490
12.511	5.495
12.535	5.500
12.560	5.506
12.585	5.513
12.610	5.520
12.636	5.527
12.662	5.534
12.688	5.542
12.714	5.550
12.741	5.558
12.767	5.567
12.794	5.575
12.821	5.584
12.847	5.593
12.874	5.601
12.900	5.610
12.926	5.618
12.952	5.627
12.977	5.635
13.003	5.643
13.028	5.651
13.052	5.659
13.077	5.667
13.101	5.674
13.125	5.682
13.149	5.689
13.173	5.696
13.197	5.703
13.222	5.709
13.246	5.716
13.270	5.723
13.294	5.729
13.319	5.735
13.344	5.741
13.369	5.747
13.394	5.753
13.419	5.759
13.445	5.765
13.470	5.771
13.495	5.777
13.519	5.784
13.544	5.791
13.567	5.798
13.590	5.806
13.613	5.815
13.634	5.825
13.655	5.835
13.674	5.846
13.692	5.859
13.709	5.872
13.724	5.886
13.738	5.902
13.751	5.918
13.763	5.935
13.773	5.954
13.781	5.973
13.789	5.992
13.795	6.013
13.799	6.034
13.803	6.056
13.805	6.078
13.805	6.101
13.805	6.124
13.803	6.147
13.799	6.170
13.795	6.194
13.789	6.218
13.782	6.241
13.775	6.264
13.765	6.287
13.755	6.310
13.744	6.331
13.732	6.352
13.719	6.373
13.706	6.392
13.691	6.410
13.675	6.427
13.659	6.443
13.642	6.458
13.624	6.471
13.606	6.484
13.588	6.496
13.568	6.507
13.549	6.518
13.529	6.529
13.509	6.540
13.488	6.551
13.468	6.562
13.447	6.573
13.426	6.585
13.406	6.598
13.385	6.612
13.365	6.626
13.345	6.641
13.324	6.657
13.304	6.674
13.284	6.691
13.263	6.709
13.243	6.727
13.222	6.745
13.201	6.763
13.179	6.781
13.158	6.799
13.135	6.816
13.113	6.834
13.090	6.851
13.066	6.867
13.042	6.883
13.017	6.898
12.991	6.912
12.965	6.925
12.938	6.938
12.911	6.950
12.883	6.961
12.855	6.971
12.826	6.981
12.797	6.990
12.768	6.998
12.738	7.006
12.709	7.013
12.679	7.019
12.649	7.025
12.619	7.030
12.589	7.035
12.560	7.039
12.530	7.042
12.500	7.045
12.471	7.048
12.442	7.050
12.413	7.052
12.385	7.053
12.356	7.054
12.329	7.055
12.301	7.057
12.275	7.058
12.248	7.060
12.223	7.061
12.197	7.064
12.173	7.066
12.149	7.070
12.126	7.074
12.104	7.078
12.083	7.084
12.062	7.090
12.043	7.098
12.024	7.106
12.005	7.115
11.987	7.124
11.969	7.134
11.952	7.145
11.934	7.155
11.916	7.165
11.898	7.176
11.879	7.186
11.859	7.195
11.839	7.205
11.818	7.213
11.796	7.221
11.773	7.228
11.749	7.235
11.725	7.241
11.699	7.246
11.673	7.251
11.646	7.255
11.618	7.259
11.589	7.262
11.560	7.265
11.531	7.267
11.500	7.269
11.470	7.270
11.438	7.271
11.407	7.272
11.375	7.272
11.342	7.272
11.309	7.271
11.276	7.271
11.243	7.269
11.210	7.268
11.176	7.266
11.142	7.264
11.108	7.262
11.075	7.260
11.041	7.257
11.007	7.254
10.973	7.251
10.939	7.248
10.906	7.244
10.872	7.240
10.839	7.236
10.806	7.232
10.774	7.228
10.742	7.224
10.710	7.220
10.679	7.215
10.648	7.210
10.617	7.206
10.587	7.201
10.558	7.196
10.529	7.191
10.500	7.186
10.472	7.181
10.443	7.175
10.416	7.169
10.388	7.163
10.360	7.157
10.333	7.151
10.306	7.144
10.279	7.137
10.252	7.130
10.225	7.122
10.198	7.114
10.171	7.106
10.144	7.097
10.116	7.088
10.089	7.079
10.062	7.069
10.034	7.059
10.007	7.049
9.980	7.038
9.952	7.027
9.926	7.016
9.899	7.004
9.872	6.992
9.846	6.980
9.821	6.968
9.795	6.955
9.771	6.943
9.746	6.930
9.723	6.916
9.700	6.903
9.677	6.889
9.655	6.875
9.634	6.862
9.614	6.848
9.593	6.834
9.574	6.819
9.555	6.805
9.536	6.791
9.518	6.777
9.500	6.763
9.482	6.749
9.465	6.735
9.447	6.721
9.430	6.707
9.413	6.693
9.396	6.680
9.379	6.667
9.362	6.654
9.345	6.641
9.328	6.628
9.310	6.615
9.293	6.601
9.275	6.588
9.257	6.575
9.239	6.561
9.220	6.547
9.201	6.533
9.182	6.518
9.162	6.503
9.142	6.487
9.121	6.471
9.100	6.454
9.078	6.437
9.056	6.419
9.034	6.401
9.011	6.383
8.989	6.364
8.966	6.346
8.944	6.327
8.921	6.308
8.899	6.288
8.876	6.269
8.854	6.250
8.832	6.231
8.811	6.212
8.790	6.193
8.769	6.174
8.749	6.155
8.730	6.137
8.710	6.118
8.692	6.100
8.673	6.082
8.656	6.063
8.638	6.044
8.620	6.026
8.603	6.006
8.586	5.987
8.569	5.967
8.552	5.946
8.535	5.925
8.518	5.903
8.501	5.881
8.484	5.857
8.467	5.833
8.449	5.808
8.432	5.782
8.414	5.755
8.397	5.728
8.380	5.700
8.364	5.673
8.349	5.645
8.335	5.618
8.322	5.591
8.310	5.565
8.300	5.539
8.292	5.515
8.287	5.492
8.283	5.470
8.282	5.450
8.283	5.432
8.287	5.415
