X	Y
28.276	9.555
28.276	9.614
28.275	9.672
28.273	9.729
28.270	9.785
28.266	9.841
28.262	9.897
28.256	9.952
28.251	10.007
28.245	10.062
28.239	10.117
28.233	10.173
28.227	10.228
28.222	10.284
28.216	10.340
28.211	10.397
28.207	10.455
28.203	10.514
28.200	10.573
28.198	10.633
28.197	10.695
28.197	10.758
28.199	10.822
28.202	10.888
28.207	10.955
28.213	11.024
28.220	11.094
28.230	11.166
28.240	11.240
28.252	11.315
28.266	11.391
28.281	11.469
28.297	11.548
28.314	11.629
28.332	11.710
28.351	11.793
28.372	11.877
28.393	11.962
28.415	12.048
28.438	12.135
28.461	12.223
28.486	12.312
28.511	12.402
28.536	12.493
28.563	12.584
28.589	12.676
28.616	12.769
28.644	12.862
28.671	12.956
28.699	13.050
28.728	13.145
28.756	13.241
28.784	13.336
28.812	13.432
28.841	13.529
28.869	13.625
28.897	13.722
28.925	13.819
28.952	13.916
28.980	14.013
29.007	14.110
29.033	14.207
29.059	14.304
29.085	14.401
29.110	14.498
29.135	14.594
29.160	14.689
29.184	14.785
29.209	14.879
29.234	14.973
29.259	15.067
29.284	15.159
29.309	15.251
29.334	15.341
29.360	15.431
29.386	15.519
29.413	15.607
29.440	15.693
29.468	15.777
29.496	15.860
29.525	15.942
29.555	16.022
29.586	16.101
29.618	16.177
29.651	16.252
29.685	16.325
29.720	16.396
29.756	16.465
29.793	16.531
29.832	16.596
29.872	16.658
29.913	16.718
29.956	16.775
30.001	16.830
30.047	16.882
30.095	16.931
30.145	16.978
30.197	17.022
30.250	17.063
30.305	17.102
30.361	17.138
30.419	17.171
30.478	17.203
30.539	17.231
30.601	17.258
30.665	17.282
30.729	17.304
30.795	17.324
30.861	17.342
30.929	17.358
30.997	17.372
31.067	17.384
31.137	17.394
31.208	17.403
31.279	17.410
31.351	17.416
31.424	17.420
31.497	17.423
31.571	17.424
31.644	17.424
31.718	17.423
31.793	17.420
31.867	17.417
31.942	17.412
32.016	17.407
32.091	17.401
32.165	17.393
32.239	17.385
32.313	17.376
32.388	17.366
32.461	17.356
32.535	17.344
32.609	17.332
32.682	17.319
32.755	17.306
32.828	17.291
32.900	17.276
32.973	17.261
33.045	17.245
33.116	17.228
33.187	17.210
33.258	17.193
33.328	17.174
33.398	17.155
33.467	17.136
33.536	17.116
33.604	17.096
33.671	17.075
33.739	17.054
33.805	17.033
33.871	17.011
33.936	16.989
34.000	16.967
34.064	16.944
34.127	16.921
34.190	16.898
34.251	16.875
34.312	16.852
34.373	16.828
34.433	16.805
34.493	16.781
34.552	16.757
34.611	16.734
34.669	16.710
34.728	16.686
34.786	16.662
34.844	16.638
34.901	16.614
34.959	16.590
35.016	16.566
35.074	16.543
35.131	16.519
35.189	16.496
35.246	16.473
35.304	16.450
35.362	16.427
35.420	16.405
35.479	16.382
35.537	16.360
35.596	16.339
35.656	16.317
35.715	16.296
35.775	16.275
35.835	16.254
35.895	16.233
35.954	16.212
36.014	16.191
36.073	16.170
36.131	16.149
36.189	16.127
36.247	16.105
36.304	16.083
36.359	16.061
36.414	16.038
36.468	16.014
36.521	15.990
36.573	15.966
36.623	15.940
36.672	15.914
36.719	15.887
36.765	15.859
36.809	15.831
36.852	15.801
36.892	15.770
36.931	15.739
36.968	15.706
37.003	15.672
37.036	15.637
37.068	15.602
37.099	15.565
37.128	15.527
37.156	15.489
37.182	15.450
37.208	15.409
37.232	15.368
37.256	15.327
37.279	15.284
37.301	15.240
37.322	15.196
37.343	15.151
37.364	15.106
37.383	15.059
37.403	15.012
37.423	14.964
37.442	14.916
37.461	14.868
37.481	14.819
37.500	14.770
37.520	14.721
37.541	14.673
37.561	14.625
37.583	14.577
37.605	14.530
37.628	14.484
37.651	14.439
37.676	14.395
37.702	14.353
37.729	14.312
37.757	14.272
37.787	14.235
37.818	14.199
37.851	14.165
37.885	14.134
37.921	14.105
37.959	14.078
37.999	14.054
38.040	14.031
38.082	14.009
38.125	13.989
38.169	13.970
38.214	13.952
38.260	13.935
38.305	13.917
38.351	13.900
38.397	13.882
38.443	13.864
38.489	13.845
38.534	13.824
38.578	13.803
38.622	13.780
38.665	13.755
38.706	13.728
38.746	13.699
38.785	13.667
38.822	13.633
38.858	13.596
38.892	13.557
38.924	13.516
38.955	13.473
38.984	13.429
39.012	13.382
39.037	13.334
39.062	13.285
39.084	13.235
39.105	13.183
39.124	13.131
39.141	13.078
39.156	13.024
39.170	12.970
39.181	12.915
39.191	12.861
39.199	12.806
39.205	12.751
39.210	12.697
39.212	12.642
39.212	12.589
39.211	12.536
39.208	12.483
39.203	12.431
39.196	12.379
39.189	12.328
39.179	12.277
39.169	12.226
39.157	12.176
39.144	12.127
39.130	12.077
39.115	12.029
39.099	11.980
39.082	11.932
39.064	11.885
39.046	11.838
39.027	11.791
39.008	11.745
38.988	11.699
38.968	11.653
38.947	11.608
38.927	11.563
38.906	11.519
38.884	11.475
38.862	11.432
38.839	11.388
38.816	11.346
38.792	11.304
38.767	11.262
38.741	11.221
38.714	11.180
38.685	11.140
38.656	11.101
38.625	11.062
38.593	11.023
38.560	10.985
38.525	10.948
38.488	10.911
38.450	10.875
38.410	10.840
38.368	10.805
38.324	10.771
38.279	10.737
38.231	10.704
38.182	10.672
38.131	10.640
38.078	10.609
38.023	10.578
37.966	10.548
37.908	10.518
37.848	10.488
37.786	10.459
37.722	10.431
37.657	10.403
37.590	10.375
37.521	10.347
37.450	10.320
37.378	10.293
37.304	10.267
37.228	10.241
37.150	10.215
37.071	10.189
36.990	10.163
36.908	10.138
36.824	10.113
36.738	10.088
36.651	10.063
36.562	10.038
36.471	10.013
36.379	9.989
36.285	9.964
36.190	9.940
36.093	9.915
35.994	9.891
35.895	9.866
35.794	9.842
35.691	9.817
35.588	9.793
35.483	9.768
35.377	9.744
35.269	9.720
35.161	9.695
35.052	9.671
34.942	9.646
34.831	9.622
34.719	9.597
34.606	9.572
34.493	9.548
34.379	9.523
34.264	9.498
34.148	9.473
34.032	9.448
33.916	9.423
33.799	9.398
33.682	9.373
33.564	9.348
33.446	9.322
33.328	9.297
33.210	9.271
33.091	9.246
32.972	9.220
32.854	9.194
32.735	9.168
32.616	9.141
32.498	9.115
32.380	9.088
32.261	9.062
32.143	9.035
32.026	9.008
31.909	8.980
31.792	8.953
31.675	8.925
31.560	8.898
31.444	8.870
31.330	8.841
31.216	8.813
31.102	8.784
30.990	8.755
30.878	8.726
30.767	8.697
30.658	8.669
30.549	8.640
30.442	8.612
30.336	8.584
30.231	8.556
30.129	8.530
30.027	8.504
29.928	8.479
29.830	8.455
29.735	8.433
29.641	8.411
29.550	8.391
29.461	8.373
29.374	8.356
29.290	8.341
29.209	8.328
29.130	8.317
29.054	8.308
28.981	8.301
28.911	8.297
28.844	8.295
28.780	8.295
28.719	8.299
28.662	8.305
28.609	8.314
28.559	8.327
28.513	8.342
28.470	8.361
28.432	8.383
28.397	8.409
28.367	8.438
28.341	8.471
28.318	8.507
28.300	8.547
28.284	8.590
28.271	8.635
28.262	8.683
28.254	8.733
28.249	8.785
28.247	8.839
28.245	8.895
28.246	8.952
28.247	9.010
28.250	9.070
28.253	9.130
28.257	9.191
28.261	9.252
28.265	9.313
28.269	9.374
28.272	9.435
28.274	9.495
28.276	9.555
