X	Y
17.393	10.893
17.428	10.857
17.479	10.823
17.542	10.790
17.615	10.758
17.696	10.727
17.780	10.695
17.866	10.663
17.950	10.629
18.029	10.594
18.103	10.557
18.173	10.519
18.238	10.481
18.301	10.444
18.362	10.408
18.423	10.374
18.484	10.344
18.547	10.317
18.612	10.295
18.679	10.275
18.747	10.258
18.816	10.243
18.886	10.227
18.956	10.211
19.026	10.192
19.094	10.171
19.162	10.147
19.230	10.119
19.298	10.090
19.367	10.059
19.437	10.028
19.509	9.996
19.584	9.965
19.663	9.934
19.745	9.906
19.831	9.879
19.919	9.853
20.011	9.829
20.105	9.806
20.200	9.784
20.297	9.762
20.395	9.740
20.493	9.719
20.592	9.698
20.690	9.676
20.787	9.654
20.884	9.631
20.980	9.608
21.075	9.585
21.170	9.562
21.265	9.539
21.359	9.515
21.454	9.492
21.548	9.469
21.643	9.446
21.738	9.423
21.833	9.401
21.928	9.378
22.023	9.356
22.118	9.334
22.213	9.311
22.307	9.289
22.401	9.265
22.493	9.241
22.585	9.216
22.675	9.190
22.764	9.163
22.852	9.135
22.939	9.106
23.026	9.076
23.112	9.046
23.200	9.014
23.288	8.983
23.377	8.951
23.467	8.918
23.560	8.886
23.655	8.853
23.752	8.821
23.852	8.788
23.954	8.756
24.057	8.725
24.161	8.693
24.266	8.663
24.371	8.633
24.476	8.603
24.580	8.574
24.683	8.546
24.785	8.519
24.885	8.493
24.983	8.467
25.080	8.443
25.174	8.419
25.268	8.396
25.361	8.373
25.453	8.351
25.545	8.328
25.636	8.306
25.728	8.283
25.820	8.260
25.912	8.236
26.005	8.212
26.099	8.188
26.192	8.164
26.286	8.141
26.379	8.119
26.472	8.098
26.564	8.079
26.655	8.062
26.745	8.047
26.833	8.034
26.919	8.025
27.004	8.018
27.088	8.013
27.171	8.009
27.252	8.007
27.333	8.005
27.413	8.004
27.493	8.002
27.572	8.000
27.651	7.997
27.730	7.993
27.809	7.988
27.887	7.984
27.965	7.979
28.043	7.974
28.121	7.970
28.198	7.966
28.275	7.963
28.352	7.962
28.428	7.961
28.504	7.961
28.580	7.961
28.656	7.961
28.732	7.962
28.808	7.963
28.884	7.964
28.961	7.965
29.037	7.966
29.113	7.967
29.188	7.969
29.262	7.973
29.336	7.978
29.408	7.986
29.478	7.996
29.546	8.009
29.612	8.026
29.677	8.045
29.740	8.068
29.801	8.093
29.862	8.122
29.921	8.153
29.979	8.188
30.036	8.225
30.092	8.265
30.147	8.308
30.199	8.354
30.249	8.404
30.296	8.456
30.340	8.512
30.380	8.570
30.416	8.632
30.448	8.696
30.476	8.763
30.498	8.832
30.516	8.902
30.528	8.974
30.535	9.047
30.536	9.121
30.531	9.195
30.523	9.270
30.510	9.346
30.496	9.424
30.479	9.502
30.462	9.582
30.445	9.663
30.429	9.745
30.415	9.830
30.403	9.915
30.390	10.002
30.377	10.089
30.363	10.176
30.347	10.262
30.327	10.348
30.303	10.432
30.274	10.514
30.239	10.595
30.199	10.673
30.156	10.748
30.113	10.820
30.073	10.890
30.039	10.957
30.013	11.022
29.999	11.083
30.000	11.142
30.016	11.197
30.045	11.251
30.080	11.303
30.116	11.355
30.148	11.408
30.171	11.462
30.179	11.519
30.170	11.578
30.145	11.638
30.107	11.697
30.058	11.753
30.001	11.805
29.937	11.850
29.869	11.887
29.800	11.915
29.734	11.936
29.677	11.952
29.634	11.968
29.610	11.985
29.610	12.009
29.636	12.039
29.677	12.076
29.726	12.118
29.772	12.164
29.808	12.213
29.823	12.266
29.815	12.319
29.786	12.372
29.742	12.423
29.688	12.471
29.629	12.515
29.570	12.552
29.515	12.582
29.468	12.605
29.427	12.624
29.388	12.641
29.350	12.661
29.312	12.685
29.272	12.716
29.230	12.752
29.186	12.794
29.142	12.840
29.098	12.889
29.055	12.940
29.013	12.993
28.971	13.045
28.929	13.095
28.884	13.139
28.837	13.175
28.784	13.201
28.725	13.214
28.659	13.212
28.591	13.200
28.524	13.184
28.466	13.170
28.421	13.165
28.395	13.175
28.392	13.205
28.408	13.252
28.435	13.310
28.465	13.373
28.489	13.434
28.500	13.487
28.491	13.527
28.460	13.553
28.412	13.568
28.350	13.575
28.277	13.576
28.196	13.573
28.112	13.570
28.028	13.569
27.944	13.569
27.863	13.573
27.786	13.579
27.715	13.590
27.652	13.606
27.599	13.627
27.557	13.654
27.526	13.686
27.500	13.723
27.477	13.761
27.450	13.798
27.416	13.833
27.373	13.862
27.322	13.886
27.266	13.902
27.207	13.908
27.148	13.903
27.090	13.886
27.036	13.857
26.984	13.820
26.933	13.777
26.883	13.734
26.834	13.693
26.784	13.660
26.732	13.636
26.679	13.625
26.623	13.624
26.567	13.631
26.509	13.644
26.450	13.661
26.391	13.679
26.330	13.698
26.270	13.715
26.210	13.730
26.150	13.742
26.091	13.749
26.034	13.752
25.979	13.748
25.926	13.738
25.874	13.722
25.822	13.703
25.770	13.682
25.718	13.659
25.665	13.637
25.610	13.616
25.554	13.595
25.500	13.573
25.448	13.551
25.400	13.526
25.357	13.500
25.318	13.471
25.284	13.442
25.249	13.417
25.212	13.399
25.169	13.392
25.119	13.398
25.063	13.413
25.001	13.435
24.935	13.461
24.866	13.488
24.795	13.513
24.723	13.534
24.652	13.547
24.580	13.553
24.508	13.553
24.435	13.548
24.362	13.540
24.287	13.529
24.212	13.517
24.134	13.504
24.054	13.492
23.973	13.482
23.889	13.473
23.805	13.465
23.720	13.457
23.635	13.450
23.549	13.444
23.464	13.438
23.379	13.432
23.296	13.427
23.213	13.421
23.133	13.415
23.054	13.409
22.976	13.402
22.901	13.393
22.828	13.384
22.757	13.372
22.689	13.359
22.623	13.344
22.560	13.327
22.500	13.308
22.442	13.287
22.386	13.264
22.334	13.240
22.284	13.213
22.236	13.185
22.191	13.159
22.146	13.135
22.102	13.117
22.057	13.108
22.010	13.109
21.962	13.121
21.911	13.139
21.859	13.162
21.805	13.184
21.748	13.205
21.689	13.220
21.628	13.227
21.566	13.230
21.503	13.228
21.439	13.225
21.376	13.220
21.314	13.216
21.254	13.214
21.195	13.214
21.138	13.215
21.080	13.217
21.021	13.218
20.960	13.218
20.897	13.215
20.831	13.208
20.763	13.199
20.693	13.188
20.622	13.176
20.551	13.165
20.480	13.155
20.411	13.147
20.345	13.142
20.281	13.141
20.219	13.143
20.159	13.146
20.098	13.148
20.037	13.149
19.974	13.147
19.909	13.140
19.840	13.129
19.769	13.114
19.696	13.096
19.621	13.076
19.544	13.056
19.465	13.036
19.386	13.018
19.305	13.003
19.225	12.992
19.145	12.984
19.065	12.977
18.986	12.971
18.909	12.963
18.834	12.952
18.762	12.936
18.692	12.914
18.626	12.884
18.564	12.847
18.505	12.803
18.447	12.755
18.392	12.705
18.336	12.655
18.281	12.608
18.225	12.565
18.167	12.529
18.107	12.501
18.045	12.480
17.981	12.466
17.916	12.458
17.850	12.456
17.783	12.458
17.715	12.464
17.648	12.473
17.583	12.483
17.523	12.490
17.469	12.491
17.425	12.483
17.392	12.464
17.373	12.431
17.366	12.386
17.366	12.330
17.373	12.267
17.382	12.199
17.391	12.127
17.397	12.055
17.400	11.982
17.401	11.909
17.400	11.836
17.398	11.764
17.396	11.693
17.394	11.622
17.393	11.552
17.394	11.483
17.396	11.416
17.398	11.350
17.400	11.287
17.401	11.226
17.399	11.168
17.394	11.114
17.385	11.063
17.376	11.016
17.371	10.972
17.375	10.931
17.393	10.893
