X	Y
16.393	12.821
16.398	12.883
16.417	12.941
16.445	12.998
16.480	13.053
16.520	13.108
16.561	13.164
16.600	13.220
16.636	13.278
16.668	13.337
16.696	13.397
16.720	13.458
16.739	13.521
16.752	13.585
16.760	13.650
16.763	13.716
16.762	13.783
16.760	13.849
16.755	13.916
16.751	13.982
16.748	14.047
16.745	14.112
16.744	14.176
16.744	14.241
16.746	14.307
16.748	14.375
16.751	14.444
16.755	14.516
16.759	14.591
16.762	14.668
16.764	14.747
16.764	14.830
16.762	14.916
16.756	15.005
16.747	15.097
16.734	15.190
16.721	15.277
16.710	15.351
16.704	15.405
16.706	15.430
16.720	15.421
16.746	15.378
16.780	15.311
16.818	15.234
16.858	15.160
16.895	15.102
16.927	15.072
16.949	15.081
16.962	15.124
16.967	15.193
16.965	15.280
16.958	15.376
16.946	15.474
16.930	15.564
16.912	15.640
16.896	15.702
16.884	15.751
16.881	15.789
16.891	15.819
16.917	15.844
16.952	15.867
16.990	15.896
17.023	15.936
17.044	15.993
17.051	16.065
17.049	16.140
17.043	16.203
17.037	16.244
17.036	16.248
17.043	16.210
17.056	16.145
17.071	16.068
17.088	15.995
17.102	15.943
17.111	15.926
17.114	15.951
17.112	16.008
17.107	16.090
17.099	16.188
17.090	16.294
17.081	16.400
17.072	16.497
17.065	16.579
17.060	16.647
17.058	16.706
17.059	16.758
17.063	16.808
17.072	16.859
17.084	16.914
17.101	16.973
17.121	17.035
17.144	17.099
17.172	17.163
17.202	17.226
17.235	17.288
17.271	17.349
17.308	17.409
17.345	17.470
17.381	17.534
17.416	17.600
17.447	17.671
17.475	17.747
17.500	17.828
17.522	17.913
17.543	18.002
17.565	18.091
17.590	18.180
17.619	18.268
17.653	18.353
17.695	18.433
17.745	18.508
17.804	18.577
17.869	18.639
17.941	18.696
18.015	18.747
18.093	18.792
18.171	18.831
18.249	18.865
18.325	18.894
18.397	18.918
18.466	18.936
18.533	18.950
18.597	18.960
18.660	18.965
18.720	18.965
18.780	18.962
18.839	18.956
18.898	18.948
18.957	18.940
19.017	18.933
19.079	18.929
19.143	18.929
19.209	18.932
19.273	18.934
19.336	18.933
19.394	18.924
19.446	18.904
19.491	18.870
19.529	18.827
19.562	18.781
19.595	18.742
19.629	18.718
19.668	18.716
19.712	18.737
19.760	18.772
19.811	18.814
19.865	18.856
19.921	18.890
19.979	18.909
20.036	18.916
20.094	18.914
20.152	18.906
20.208	18.898
20.264	18.892
20.318	18.891
20.371	18.892
20.424	18.895
20.478	18.896
20.533	18.893
20.589	18.885
20.648	18.872
20.707	18.855
20.767	18.835
20.827	18.812
20.886	18.788
20.945	18.764
21.003	18.739
21.060	18.715
21.118	18.691
21.175	18.669
21.234	18.648
21.294	18.629
21.355	18.611
21.417	18.593
21.478	18.573
21.540	18.550
21.602	18.522
21.662	18.489
21.722	18.449
21.781	18.406
21.840	18.361
21.900	18.317
21.960	18.275
22.021	18.238
22.084	18.209
22.149	18.188
22.215	18.175
22.283	18.168
22.353	18.167
22.423	18.169
22.495	18.175
22.567	18.182
22.639	18.189
22.711	18.193
22.780	18.194
22.845	18.187
22.906	18.172
22.960	18.145
23.008	18.106
23.050	18.056
23.090	18.000
23.128	17.940
23.168	17.881
23.212	17.825
23.261	17.776
23.318	17.736
23.382	17.704
23.450	17.677
23.521	17.652
23.595	17.629
23.669	17.604
23.743	17.575
23.814	17.540
23.883	17.500
23.949	17.456
24.012	17.408
24.072	17.357
24.128	17.305
24.180	17.251
24.229	17.198
24.273	17.145
24.313	17.093
24.352	17.041
24.389	16.991
24.426	16.942
24.463	16.894
24.502	16.847
24.540	16.801
24.575	16.754
24.606	16.704
24.630	16.652
24.645	16.594
24.652	16.532
24.653	16.467
24.653	16.400
24.654	16.335
24.662	16.272
24.678	16.215
24.707	16.165
24.747	16.122
24.794	16.087
24.846	16.060
24.901	16.042
24.954	16.032
25.006	16.029
25.056	16.028
25.106	16.024
25.154	16.011
25.203	15.985
25.252	15.945
25.300	15.892
25.349	15.828
25.398	15.756
25.447	15.678
25.495	15.597
25.543	15.513
25.591	15.430
25.639	15.348
25.684	15.268
25.727	15.189
25.765	15.112
25.799	15.036
25.826	14.961
25.846	14.887
25.858	14.815
25.861	14.743
25.856	14.673
25.846	14.604
25.832	14.536
25.815	14.469
25.798	14.403
25.781	14.338
25.766	14.275
25.751	14.213
25.736	14.153
25.718	14.095
25.697	14.040
25.672	13.988
25.641	13.938
25.606	13.891
25.565	13.845
25.521	13.800
25.473	13.754
25.422	13.708
25.368	13.661
25.312	13.613
25.253	13.565
25.192	13.517
25.128	13.469
25.063	13.423
24.996	13.378
24.928	13.334
24.857	13.293
24.786	13.254
24.714	13.217
24.641	13.181
24.568	13.147
24.495	13.115
24.422	13.084
24.349	13.053
24.277	13.024
24.205	12.996
24.132	12.969
24.059	12.942
23.985	12.915
23.910	12.888
23.833	12.861
23.754	12.834
23.674	12.807
23.593	12.780
23.512	12.753
23.432	12.726
23.353	12.700
23.276	12.675
23.201	12.650
23.130	12.627
23.062	12.605
22.997	12.585
22.933	12.568
22.870	12.554
22.807	12.542
22.744	12.535
22.680	12.532
22.614	12.532
22.547	12.533
22.479	12.535
22.408	12.537
22.335	12.537
22.261	12.534
22.184	12.528
22.105	12.518
22.024	12.505
21.942	12.488
21.858	12.468
21.773	12.446
21.687	12.420
21.601	12.391
21.514	12.359
21.426	12.325
21.337	12.290
21.248	12.254
21.156	12.218
21.064	12.183
20.969	12.149
20.873	12.117
20.774	12.087
20.673	12.061
20.570	12.038
20.465	12.018
20.359	12.001
20.252	11.985
20.146	11.970
20.040	11.956
19.936	11.941
19.833	11.926
19.733	11.910
19.636	11.892
19.543	11.871
19.452	11.849
19.364	11.825
19.278	11.800
19.192	11.774
19.107	11.749
19.021	11.724
18.935	11.699
18.847	11.676
18.757	11.654
18.665	11.634
18.573	11.615
18.480	11.596
18.388	11.577
18.297	11.559
18.207	11.540
18.119	11.520
18.034	11.500
17.952	11.478
17.873	11.455
17.795	11.432
17.718	11.408
17.641	11.385
17.563	11.363
17.483	11.342
17.400	11.323
17.314	11.306
17.225	11.291
17.136	11.278
17.047	11.268
16.961	11.260
16.879	11.254
16.802	11.251
16.732	11.250
16.671	11.252
16.620	11.258
16.579	11.273
16.549	11.298
16.530	11.338
16.524	11.392
16.526	11.458
16.536	11.533
16.552	11.614
16.570	11.698
16.590	11.782
16.608	11.863
16.624	11.939
16.636	12.011
16.642	12.079
16.643	12.145
16.637	12.211
16.622	12.276
16.599	12.343
16.567	12.411
16.530	12.481
16.492	12.552
16.455	12.621
16.424	12.690
16.402	12.757
16.393	12.821
