X,Y
59.449,34.977
59.535,34.779
59.632,34.587
59.74,34.399
59.859,34.216
59.987,34.038
60.125,33.864
60.27,33.693
60.423,33.526
60.583,33.363
60.749,33.202
60.921,33.044
61.098,32.888
61.278,32.734
61.463,32.582
61.65,32.432
61.839,32.282
62.029,32.134
62.221,31.986
62.412,31.838
62.603,31.69
62.792,31.542
62.98,31.394
63.167,31.246
63.351,31.098
63.535,30.95
63.716,30.804
63.897,30.658
64.075,30.514
64.253,30.371
64.429,30.231
64.603,30.093
64.777,29.957
64.948,29.824
65.119,29.694
65.288,29.567
65.456,29.444
65.623,29.325
65.788,29.21
65.952,29.099
66.115,28.993
66.277,28.892
66.438,28.796
66.599,28.703
66.761,28.613
66.924,28.526
67.088,28.44
67.255,28.355
67.426,28.27
67.6,28.185
67.778,28.099
67.961,28.011
68.15,27.92
68.345,27.826
68.546,27.727
68.756,27.624
68.973,27.516
69.199,27.401
69.434,27.28
69.68,27.15
69.936,27.013
70.202,26.867
70.477,26.714
70.762,26.554
71.056,26.386
71.357,26.212
71.667,26.032
71.983,25.846
72.305,25.655
72.634,25.458
72.968,25.257
73.307,25.052
73.65,24.843
73.997,24.63
74.347,24.415
74.699,24.196
75.054,23.976
75.411,23.753
75.769,23.529
76.127,23.304
76.485,23.078
76.843,22.852
77.199,22.626
77.554,22.4
77.907,22.175
78.257,21.951
78.604,21.729
78.947,21.509
79.286,21.291
79.62,21.076
79.948,20.864
80.271,20.656
80.587,20.451
80.896,20.251
81.198,20.055
81.492,19.865
81.778,19.679
82.057,19.498
82.329,19.322
82.595,19.15
82.855,18.983
83.11,18.82
83.359,18.661
83.603,18.506
83.843,18.355
84.08,18.208
84.312,18.065
84.541,17.926
84.768,17.79
84.992,17.657
85.214,17.528
85.434,17.402
85.653,17.278
85.871,17.158
86.089,17.041
86.307,16.926
86.525,16.814
86.744,16.705
86.964,16.598
87.185,16.493
87.408,16.39
87.633,16.29
87.859,16.192
88.086,16.097
88.314,16.005
88.542,15.917
88.771,15.832
88.999,15.75
89.227,15.672
89.455,15.599
89.682,15.529
89.907,15.465
90.131,15.404
90.354,15.349
90.575,15.299
90.793,15.254
91.01,15.215
91.223,15.181
91.434,15.154
91.641,15.132
91.845,15.117
92.045,15.109
92.241,15.107
92.432,15.112
92.618,15.123
92.8,15.142
92.975,15.168
93.145,15.201
93.308,15.242
93.464,15.29
93.613,15.345
93.755,15.408
93.889,15.479
94.015,15.558
94.132,15.645
94.24,15.741
94.339,15.844
94.431,15.955
94.514,16.074
94.591,16.2
94.661,16.333
94.726,16.473
94.786,16.62
94.842,16.773
94.894,16.932
94.943,17.096
94.991,17.266
95.036,17.441
95.081,17.621
95.126,17.806
95.171,17.995
95.216,18.188
95.261,18.385
95.306,18.585
95.35,18.787
95.394,18.992
95.437,19.199
95.479,19.408
95.519,19.617
95.559,19.828
95.597,20.039
95.633,20.25
95.667,20.46
95.699,20.67
95.729,20.878
95.756,21.085
95.781,21.29
95.802,21.493
95.821,21.693
95.836,21.89
95.849,22.085
95.858,22.277
95.864,22.469
95.867,22.658
95.868,22.847
95.865,23.036
95.86,23.224
95.852,23.413
95.841,23.602
95.827,23.793
95.81,23.985
95.791,24.178
95.77,24.374
95.745,24.572
95.719,24.774
95.69,24.978
95.658,25.186
95.624,25.398
95.588,25.612
95.549,25.828
95.508,26.047
95.465,26.268
95.419,26.49
95.372,26.713
95.322,26.937
95.271,27.161
95.217,27.385
95.161,27.609
95.103,27.832
95.044,28.054
94.982,28.275
94.919,28.494
94.854,28.711
94.787,28.926
94.719,29.137
94.648,29.346
94.576,29.551
94.503,29.753
94.428,29.953
94.352,30.149
94.274,30.343
94.195,30.534
94.115,30.724
94.034,30.912
93.952,31.098
93.869,31.282
93.785,31.466
93.7,31.648
93.615,31.83
93.529,32.011
93.442,32.192
93.355,32.373
93.267,32.555
93.179,32.736
93.091,32.918
93.003,33.101
92.914,33.285
92.825,33.469
92.736,33.654
92.646,33.84
92.556,34.026
92.466,34.214
92.375,34.402
92.284,34.591
92.192,34.781
92.1,34.972
92.007,35.164
91.914,35.357
91.82,35.551
91.725,35.746
91.63,35.942
91.534,36.138
91.437,36.336
91.34,36.535
91.242,36.735
91.143,36.935
91.043,37.135
90.941,37.335
90.838,37.534
90.734,37.731
90.628,37.927
90.52,38.121
90.41,38.313
90.297,38.502
90.183,38.687
90.066,38.869
89.946,39.047
89.823,39.221
89.698,39.39
89.569,39.554
89.438,39.712
89.303,39.864
89.164,40.01
89.022,40.15
88.877,40.283
88.728,40.41
88.576,40.531
88.421,40.645
88.263,40.754
88.102,40.857
87.938,40.954
87.772,41.045
87.604,41.131
87.433,41.211
87.259,41.286
87.084,41.355
86.906,41.42
86.727,41.479
86.546,41.533
86.363,41.583
86.179,41.627
85.993,41.667
85.805,41.702
85.616,41.733
85.425,41.76
85.232,41.783
85.038,41.801
84.843,41.816
84.646,41.826
84.448,41.833
84.248,41.837
84.046,41.837
83.844,41.833
83.639,41.827
83.434,41.817
83.226,41.805
83.018,41.789
82.808,41.771
82.597,41.751
82.384,41.728
82.17,41.703
81.955,41.676
81.739,41.648
81.522,41.618
81.303,41.587
81.084,41.555
80.863,41.523
80.642,41.49
80.419,41.457
80.196,41.424
79.972,41.391
79.747,41.358
79.521,41.327
79.295,41.296
79.067,41.266
78.84,41.237
78.611,41.21
78.383,41.185
78.153,41.162
77.923,41.14
77.692,41.119
77.46,41.1
77.227,41.082
76.993,41.065
76.759,41.049
76.522,41.034
76.285,41.02
76.046,41.006
75.806,40.993
75.565,40.98
75.322,40.967
75.077,40.954
74.831,40.941
74.582,40.929
74.332,40.915
74.08,40.902
73.826,40.888
73.57,40.873
73.311,40.858
73.05,40.842
72.788,40.824
72.523,40.807
72.256,40.788
71.988,40.769
71.717,40.749
71.445,40.728
71.171,40.707
70.896,40.685
70.62,40.663
70.342,40.64
70.063,40.616
69.782,40.592
69.501,40.568
69.218,40.543
68.935,40.518
68.651,40.492
68.366,40.466
68.08,40.439
67.794,40.412
67.508,40.385
67.221,40.358
66.933,40.33
66.646,40.302
66.358,40.274
66.071,40.246
65.784,40.217
65.498,40.188
65.214,40.159
64.932,40.129
64.653,40.098
64.377,40.067
64.104,40.036
63.835,40.003
63.571,39.969
63.312,39.935
63.059,39.9
62.812,39.863
62.571,39.826
62.337,39.787
62.111,39.747
61.892,39.705
61.683,39.663
61.482,39.618
61.291,39.572
61.109,39.525
60.939,39.476
60.779,39.424
60.629,39.37
60.489,39.313
60.359,39.251
60.238,39.184
60.124,39.111
60.019,39.03
59.921,38.942
59.83,38.845
59.745,38.738
59.666,38.621
59.592,38.493
59.523,38.352
59.458,38.199
59.399,38.036
59.346,37.863
59.299,37.68
59.259,37.49
59.225,37.294
59.199,37.091
59.181,36.884
59.171,36.673
59.171,36.459
59.179,36.244
59.197,36.028
59.226,35.813
59.264,35.599
59.314,35.388
59.376,35.18
59.449,34.977
