X,Y
2073.000,1039.000
2073.215,1037.137
2073.456,1035.193
2073.724,1033.173
2074.020,1031.085
2074.345,1028.935
2074.699,1026.728
2075.085,1024.473
2075.501,1022.175
2075.949,1019.840
2076.430,1017.476
2076.945,1015.088
2077.494,1012.684
2078.078,1010.269
2078.699,1007.850
2079.356,1005.434
2080.051,1003.027
2080.784,1000.636
2081.557,998.266
2082.370,995.925
2083.223,993.620
2084.119,991.355
2085.057,989.139
2086.038,986.977
2087.063,984.876
2088.132,982.840
2089.245,980.867
2090.398,978.953
2091.591,977.093
2092.821,975.284
2094.086,973.522
2095.386,971.801
2096.717,970.120
2098.078,968.472
2099.468,966.855
2100.883,965.264
2102.323,963.695
2103.786,962.144
2105.270,960.607
2106.772,959.081
2108.292,957.560
2109.827,956.041
2111.376,954.519
2112.936,952.992
2114.506,951.454
2116.084,949.902
2117.668,948.331
2119.257,946.739
2120.850,945.123
2122.448,943.487
2124.053,941.830
2125.665,940.153
2127.285,938.458
2128.914,936.746
2130.552,935.018
2132.202,933.275
2133.863,931.517
2135.536,929.746
2137.223,927.964
2138.923,926.170
2140.639,924.367
2142.371,922.554
2144.119,920.734
2145.885,918.907
2147.669,917.074
2149.473,915.237
2151.297,913.396
2153.142,911.553
2155.010,909.708
2156.899,907.862
2158.813,906.017
2160.751,904.174
2162.715,902.333
2164.704,900.496
2166.717,898.662
2168.753,896.833
2170.809,895.007
2172.886,893.187
2174.981,891.371
2177.093,889.560
2179.219,887.754
2181.361,885.954
2183.514,884.160
2185.679,882.372
2187.853,880.590
2190.035,878.815
2192.225,877.047
2194.419,875.286
2196.618,873.532
2198.819,871.787
2201.021,870.049
2203.222,868.319
2205.422,866.598
2207.618,864.886
2209.810,863.183
2211.996,861.489
2214.173,859.805
2216.342,858.131
2218.500,856.467
2220.647,854.813
2222.780,853.170
2224.898,851.538
2227.003,849.917
2229.096,848.307
2231.178,846.710
2233.251,845.126
2235.316,843.554
2237.375,841.995
2239.429,840.450
2241.480,838.918
2243.530,837.401
2245.579,835.899
2247.630,834.412
2249.683,832.940
2251.740,831.484
2253.804,830.044
2255.874,828.621
2257.953,827.214
2260.043,825.825
2262.144,824.454
2264.258,823.100
2266.387,821.765
2268.532,820.449
2270.695,819.152
2272.877,817.875
2275.079,816.617
2277.304,815.380
2279.552,814.164
2281.823,812.967
2284.116,811.791
2286.429,810.634
2288.761,809.496
2291.110,808.375
2293.476,807.273
2295.855,806.187
2298.249,805.117
2300.653,804.064
2303.068,803.026
2305.492,802.002
2307.923,800.992
2310.360,799.997
2312.802,799.014
2315.247,798.043
2317.693,797.084
2320.140,796.137
2322.586,795.200
2325.029,794.273
2327.469,793.356
2329.903,792.448
2332.330,791.548
2334.749,790.656
2337.158,789.771
2339.556,788.893
2341.941,788.021
2344.313,787.155
2346.672,786.296
2349.018,785.444
2351.353,784.601
2353.676,783.768
2355.990,782.945
2358.293,782.135
2360.589,781.337
2362.876,780.554
2365.157,779.786
2367.431,779.034
2369.699,778.299
2371.963,777.583
2374.223,776.886
2376.479,776.210
2378.733,775.556
2380.985,774.924
2383.236,774.316
2385.487,773.733
2387.738,773.176
2389.991,772.646
2392.246,772.144
2394.504,771.671
2396.765,771.228
2399.031,770.817
2401.302,770.437
2403.577,770.089
2405.859,769.770
2408.146,769.482
2410.440,769.223
2412.740,768.992
2415.047,768.790
2417.361,768.614
2419.682,768.466
2422.012,768.344
2424.349,768.247
2426.695,768.176
2429.049,768.129
2431.413,768.105
2433.786,768.105
2436.168,768.127
2438.561,768.172
2440.963,768.237
2443.377,768.324
2445.801,768.431
2448.237,768.557
2450.684,768.702
2453.143,768.865
2455.614,769.047
2458.096,769.245
2460.587,769.461
2463.082,769.696
2465.579,769.948
2468.073,770.218
2470.562,770.508
2473.042,770.816
2475.509,771.143
2477.961,771.490
2480.393,771.856
2482.803,772.242
2485.186,772.649
2487.540,773.075
2489.861,773.523
2492.146,773.991
2494.390,774.481
2496.592,774.992
2498.747,775.525
2500.851,776.080
2502.902,776.656
2504.897,777.256
2506.830,777.878
2508.700,778.523
2510.503,779.191
2512.238,779.883
2513.906,780.596
2515.512,781.329
2517.058,782.081
2518.548,782.850
2519.984,783.636
2521.370,784.436
2522.709,785.250
2524.003,786.075
2525.257,786.911
2526.472,787.756
2527.652,788.609
2528.801,789.468
2529.920,790.332
2531.014,791.200
2532.085,792.070
2533.135,792.941
2534.158,793.816
2535.151,794.698
2536.107,795.589
2537.020,796.491
2537.886,797.408
2538.698,798.342
2539.452,799.296
2540.141,800.272
2540.760,801.273
2541.304,802.302
2541.768,803.362
2542.145,804.454
2542.433,805.581
2542.637,806.742
2542.759,807.936
2542.801,809.164
2542.767,810.425
2542.661,811.718
2542.484,813.044
2542.241,814.401
2541.934,815.790
2541.566,817.210
2541.140,818.660
2540.660,820.140
2540.128,821.650
2539.549,823.190
2538.926,824.757
2538.266,826.348
2537.576,827.961
2536.862,829.593
2536.129,831.241
2535.385,832.902
2534.635,834.575
2533.885,836.255
2533.143,837.940
2532.413,839.628
2531.702,841.315
2531.017,842.999
2530.363,844.677
2529.748,846.347
2529.176,848.005
2528.654,849.649
2528.189,851.277
2527.786,852.884
2527.443,854.471
2527.151,856.037
2526.901,857.582
2526.684,859.107
2526.490,860.610
2526.310,862.093
2526.135,863.555
2525.956,864.996
2525.763,866.417
2525.548,867.817
2525.301,869.197
2525.012,870.556
2524.673,871.894
2524.274,873.212
2523.807,874.510
2523.269,875.788
2522.670,877.049
2522.019,878.296
2521.325,879.532
2520.597,880.758
2519.846,881.978
2519.079,883.193
2518.308,884.408
2517.540,885.623
2516.785,886.843
2516.053,888.068
2515.353,889.303
2514.694,890.549
2514.086,891.810
2513.536,893.086
2513.041,894.378
2512.590,895.684
2512.178,897.001
2511.794,898.328
2511.430,899.663
2511.079,901.004
2510.731,902.349
2510.379,903.695
2510.013,905.043
2509.625,906.388
2509.208,907.730
2508.751,909.066
2508.248,910.395
2507.690,911.715
2507.076,913.026
2506.412,914.330
2505.706,915.630
2504.962,916.927
2504.188,918.224
2503.389,919.523
2502.573,920.827
2501.745,922.138
2500.912,923.457
2500.080,924.787
2499.255,926.131
2498.444,927.490
2497.653,928.867
2496.888,930.264
2496.157,931.683
2495.463,933.126
2494.807,934.592
2494.184,936.078
2493.592,937.581
2493.025,939.098
2492.480,940.626
2491.954,942.163
2491.442,943.706
2490.941,945.251
2490.447,946.796
2489.955,948.339
2489.463,949.875
2488.966,951.404
2488.461,952.921
2487.943,954.423
2487.409,955.909
2486.855,957.375
2486.280,958.819
2485.685,960.245
2485.073,961.655
2484.446,963.052
2483.806,964.438
2483.158,965.815
2482.502,967.188
2481.842,968.557
2481.179,969.926
2480.518,971.297
2479.859,972.673
2479.206,974.058
2478.561,975.452
2477.926,976.859
2477.305,978.282
2476.699,979.723
2476.108,981.182
2475.530,982.658
2474.962,984.148
2474.400,985.649
2473.842,987.161
2473.284,988.680
2472.724,990.204
2472.159,991.731
2471.585,993.260
2471.001,994.787
2470.403,996.312
2469.787,997.830
2469.152,999.341
2468.494,1000.842
2467.809,1002.331
2467.096,1003.806
2466.352,1005.266
2465.575,1006.710
2464.766,1008.141
2463.923,1009.562
2463.046,1010.975
2462.136,1012.381
2461.192,1013.782
2460.213,1015.182
2459.199,1016.581
2458.149,1017.982
2457.064,1019.388
2455.943,1020.799
2454.786,1022.219
2453.592,1023.649
2452.360,1025.092
2451.092,1026.550
2449.785,1028.024
2448.440,1029.516
2447.057,1031.030
2445.639,1032.562
2444.193,1034.111
2442.724,1035.672
2441.238,1037.243
2439.741,1038.820
2438.240,1040.400
2436.739,1041.979
2435.246,1043.554
2433.765,1045.122
2432.303,1046.680
2430.866,1048.224
2429.460,1049.751
2428.091,1051.257
2426.764,1052.740
2425.486,1054.195
2424.263,1055.621
2423.100,1057.013
2422.003,1058.368
2420.979,1059.682
2420.034,1060.953
2419.169,1062.178
2418.374,1063.356
2417.632,1064.486
2416.928,1065.570
2416.246,1066.606
2415.570,1067.595
2414.883,1068.536
2414.171,1069.430
2413.417,1070.277
2412.606,1071.076
2411.722,1071.828
2410.749,1072.532
2409.671,1073.188
2408.480,1073.797
2407.181,1074.362
2405.782,1074.883
2404.288,1075.363
2402.706,1075.804
2401.043,1076.209
2399.305,1076.578
2397.499,1076.916
2395.632,1077.222
2393.709,1077.500
2391.739,1077.751
2389.727,1077.977
2387.679,1078.181
2385.603,1078.365
2383.505,1078.531
2381.391,1078.680
2379.269,1078.815
2377.144,1078.938
2375.024,1079.051
2372.910,1079.155
2370.802,1079.249
2368.698,1079.334
2366.597,1079.410
2364.497,1079.476
2362.395,1079.532
2360.292,1079.578
2358.185,1079.614
2356.072,1079.640
2353.952,1079.656
2351.824,1079.660
2349.686,1079.654
2347.536,1079.637
2345.373,1079.609
2343.196,1079.570
2341.002,1079.519
2338.790,1079.457
2336.558,1079.383
2334.306,1079.298
2332.031,1079.200
2329.732,1079.090
2327.407,1078.968
2325.056,1078.833
2322.682,1078.688
2320.286,1078.533
2317.871,1078.369
2315.439,1078.198
2312.994,1078.021
2310.537,1077.838
2308.071,1077.651
2305.598,1077.461
2303.120,1077.269
2300.641,1077.077
2298.163,1076.885
2295.687,1076.696
2293.217,1076.508
2290.755,1076.325
2288.304,1076.148
2285.865,1075.976
2283.441,1075.812
2281.035,1075.657
2278.649,1075.511
2276.286,1075.376
2273.948,1075.254
2271.637,1075.145
2269.356,1075.050
2267.108,1074.970
2264.892,1074.907
2262.707,1074.859
2260.549,1074.826
2258.417,1074.807
2256.308,1074.801
2254.220,1074.808
2252.150,1074.827
2250.096,1074.858
2248.055,1074.900
2246.025,1074.952
2244.004,1075.013
2241.989,1075.084
2239.977,1075.162
2237.966,1075.249
2235.955,1075.343
2233.939,1075.443
2231.917,1075.548
2229.887,1075.659
2227.846,1075.775
2225.791,1075.894
2223.721,1076.017
2221.633,1076.142
2219.529,1076.269
2217.409,1076.396
2215.277,1076.525
2213.132,1076.652
2210.976,1076.779
2208.811,1076.903
2206.638,1077.024
2204.458,1077.142
2202.274,1077.256
2200.086,1077.364
2197.895,1077.467
2195.704,1077.563
2193.513,1077.651
2191.324,1077.732
2189.139,1077.803
2186.958,1077.865
2184.783,1077.916
2182.616,1077.956
2180.458,1077.984
2178.311,1077.999
2176.175,1078.000
2174.052,1077.988
2171.943,1077.961
2169.848,1077.920
2167.767,1077.864
2165.701,1077.795
2163.650,1077.711
2161.614,1077.614
2159.594,1077.502
2157.589,1077.377
2155.601,1077.238
2153.629,1077.085
2151.675,1076.919
2149.738,1076.739
2147.818,1076.546
2145.916,1076.339
2144.032,1076.119
2142.167,1075.886
2140.321,1075.640
2138.494,1075.380
2136.686,1075.108
2134.898,1074.822
2133.129,1074.524
2131.376,1074.214
2129.636,1073.891
2127.907,1073.557
2126.187,1073.212
2124.473,1072.856
2122.763,1072.489
2121.055,1072.113
2119.345,1071.726
2117.631,1071.331
2115.912,1070.926
2114.184,1070.513
2112.444,1070.092
2110.692,1069.662
2108.924,1069.226
2107.137,1068.782
2105.329,1068.332
2103.499,1067.875
2101.646,1067.411
2099.780,1066.939
2097.909,1066.455
2096.043,1065.958
2094.190,1065.446
2092.359,1064.916
2090.560,1064.366
2088.802,1063.794
2087.093,1063.197
2085.442,1062.573
2083.858,1061.921
2082.352,1061.238
2080.930,1060.521
2079.603,1059.769
2078.380,1058.979
2077.269,1058.149
2076.279,1057.277
2075.418,1056.361
2074.686,1055.397
2074.073,1054.383
2073.573,1053.315
2073.176,1052.190
2072.876,1051.006
2072.665,1049.759
2072.533,1048.445
2072.475,1047.063
2072.482,1045.607
2072.545,1044.077
2072.658,1042.467
2072.812,1040.776
2073.000,1039.000
