X	Y
31.718	17.014
31.744	16.938
31.774	16.863
31.806	16.790
31.842	16.720
31.880	16.651
31.922	16.584
31.966	16.518
32.012	16.454
32.061	16.392
32.113	16.330
32.166	16.270
32.222	16.211
32.280	16.153
32.339	16.095
32.400	16.039
32.463	15.983
32.527	15.927
32.592	15.872
32.659	15.817
32.726	15.762
32.795	15.708
32.864	15.653
32.935	15.599
33.006	15.544
33.078	15.490
33.151	15.435
33.225	15.380
33.300	15.325
33.375	15.270
33.451	15.215
33.528	15.159
33.606	15.103
33.684	15.047
33.763	14.990
33.843	14.933
33.923	14.876
34.004	14.817
34.085	14.759
34.167	14.700
34.249	14.640
34.332	14.580
34.415	14.519
34.499	14.457
34.583	14.394
34.667	14.331
34.752	14.267
34.838	14.203
34.923	14.138
35.009	14.072
35.095	14.006
35.182	13.940
35.269	13.873
35.356	13.806
35.444	13.738
35.532	13.670
35.620	13.601
35.708	13.533
35.797	13.464
35.886	13.395
35.975	13.325
36.064	13.256
36.154	13.186
36.244	13.117
36.334	13.047
36.424	12.978
36.514	12.908
36.604	12.838
36.695	12.769
36.786	12.699
36.876	12.630
36.967	12.561
37.058	12.492
37.150	12.424
37.241	12.355
37.332	12.287
37.424	12.219
37.516	12.151
37.608	12.084
37.700	12.017
37.792	11.950
37.885	11.883
37.977	11.816
38.070	11.750
38.163	11.685
38.256	11.619
38.350	11.554
38.443	11.489
38.537	11.425
38.631	11.361
38.726	11.297
38.820	11.234
38.915	11.171
39.010	11.108
39.105	11.046
39.201	10.985
39.297	10.923
39.393	10.863
39.489	10.802
39.586	10.743
39.683	10.683
39.780	10.625
39.876	10.567
39.973	10.509
40.070	10.452
40.167	10.396
40.264	10.340
40.360	10.285
40.456	10.231
40.552	10.178
40.647	10.125
40.743	10.073
40.837	10.022
40.931	9.972
41.025	9.922
41.118	9.874
41.210	9.826
41.301	9.780
41.392	9.734
41.482	9.690
41.571	9.646
41.659	9.604
41.746	9.562
41.832	9.522
41.917	9.483
42.001	9.444
42.084	9.407
42.166	9.371
42.247	9.336
42.327	9.301
42.406	9.268
42.484	9.235
42.561	9.204
42.636	9.172
42.711	9.142
42.785	9.112
42.858	9.083
42.931	9.055
43.002	9.027
43.072	9.000
43.142	8.973
43.210	8.946
43.278	8.920
43.345	8.894
43.410	8.869
43.476	8.844
43.540	8.820
43.604	8.797
43.667	8.775
43.729	8.755
43.791	8.735
43.853	8.718
43.914	8.702
43.975	8.688
44.036	8.676
44.096	8.667
44.156	8.660
44.216	8.656
44.276	8.654
44.335	8.656
44.395	8.660
44.455	8.667
44.514	8.677
44.573	8.689
44.632	8.703
44.691	8.720
44.749	8.739
44.806	8.760
44.864	8.782
44.920	8.807
44.976	8.832
45.032	8.859
45.086	8.888
45.140	8.918
45.193	8.948
45.245	8.980
45.296	9.014
45.345	9.048
45.394	9.084
45.441	9.122
45.486	9.161
45.529	9.202
45.571	9.245
45.611	9.290
45.649	9.337
45.684	9.386
45.717	9.438
45.748	9.491
45.776	9.547
45.802	9.606
45.825	9.666
45.846	9.728
45.865	9.791
45.881	9.856
45.894	9.921
45.905	9.988
45.914	10.055
45.921	10.122
45.926	10.189
45.928	10.256
45.928	10.323
45.926	10.389
45.922	10.453
45.916	10.517
45.908	10.580
45.898	10.641
45.887	10.702
45.874	10.761
45.859	10.821
45.843	10.880
45.826	10.938
45.808	10.997
45.789	11.056
45.770	11.116
45.750	11.176
45.729	11.237
45.708	11.300
45.687	11.363
45.666	11.428
45.644	11.494
45.623	11.562
45.602	11.631
45.581	11.702
45.560	11.773
45.540	11.844
45.519	11.916
45.497	11.988
45.476	12.060
45.455	12.132
45.433	12.204
45.412	12.274
45.390	12.344
45.368	12.413
45.346	12.481
45.323	12.547
45.300	12.611
45.277	12.674
45.254	12.734
45.230	12.793
45.205	12.851
45.181	12.908
45.155	12.964
45.130	13.020
45.104	13.076
45.077	13.132
45.050	13.188
45.022	13.245
44.994	13.304
44.965	13.364
44.935	13.426
44.905	13.489
44.874	13.556
44.842	13.624
44.810	13.696
44.777	13.769
44.743	13.845
44.709	13.921
44.674	14.000
44.638	14.079
44.602	14.159
44.565	14.239
44.528	14.319
44.490	14.399
44.452	14.478
44.413	14.557
44.374	14.634
44.334	14.710
44.294	14.784
44.253	14.856
44.212	14.925
44.171	14.992
44.129	15.056
44.087	15.117
44.044	15.174
44.001	15.229
43.958	15.281
43.914	15.331
43.869	15.379
43.824	15.426
43.778	15.472
43.731	15.518
43.684	15.564
43.635	15.610
43.586	15.656
43.535	15.704
43.484	15.753
43.431	15.804
43.377	15.857
43.322	15.913
43.265	15.972
43.208	16.034
43.149	16.098
43.089	16.165
43.028	16.234
42.966	16.305
42.904	16.377
42.841	16.451
42.777	16.526
42.713	16.602
42.649	16.678
42.584	16.755
42.520	16.832
42.455	16.909
42.391	16.986
42.326	17.062
42.262	17.137
42.198	17.211
42.135	17.284
42.072	17.355
42.010	17.424
41.949	17.491
41.889	17.556
41.830	17.618
41.771	17.678
41.713	17.736
41.656	17.791
41.599	17.843
41.542	17.894
41.485	17.942
41.428	17.988
41.370	18.033
41.312	18.075
41.253	18.116
41.193	18.154
41.132	18.191
41.070	18.227
41.006	18.261
40.940	18.293
40.873	18.325
40.803	18.354
40.732	18.383
40.658	18.410
40.582	18.436
40.504	18.461
40.425	18.485
40.344	18.508
40.262	18.529
40.179	18.549
40.094	18.568
40.009	18.585
39.922	18.602
39.835	18.617
39.748	18.630
39.660	18.643
39.572	18.654
39.484	18.664
39.396	18.673
39.308	18.681
39.221	18.687
39.134	18.692
39.048	18.696
38.963	18.698
38.878	18.699
38.794	18.700
38.710	18.699
38.627	18.697
38.545	18.694
38.463	18.691
38.381	18.687
38.299	18.682
38.218	18.677
38.137	18.671
38.056	18.665
37.975	18.658
37.894	18.651
37.812	18.644
37.731	18.637
37.650	18.630
37.568	18.622
37.486	18.615
37.403	18.608
37.320	18.602
37.237	18.595
37.153	18.589
37.068	18.583
36.983	18.577
36.897	18.571
36.811	18.566
36.723	18.560
36.635	18.555
36.547	18.549
36.457	18.544
36.367	18.538
36.276	18.533
36.183	18.528
36.090	18.522
35.996	18.517
35.901	18.511
35.805	18.506
35.707	18.500
35.609	18.494
35.509	18.488
35.409	18.482
35.307	18.475
35.203	18.469
35.100	18.462
34.995	18.456
34.890	18.449
34.784	18.443
34.678	18.437
34.571	18.431
34.465	18.425
34.359	18.419
34.252	18.414
34.147	18.409
34.041	18.405
33.937	18.401
33.833	18.398
33.730	18.395
33.628	18.393
33.527	18.391
33.428	18.391
33.330	18.391
33.233	18.392
33.139	18.393
33.046	18.396
32.955	18.400
32.866	18.405
32.780	18.410
32.696	18.415
32.614	18.421
32.535	18.425
32.459	18.429
32.385	18.430
32.314	18.430
32.246	18.427
32.182	18.421
32.120	18.411
32.062	18.398
32.008	18.380
31.956	18.357
31.909	18.329
31.865	18.294
31.825	18.254
31.789	18.207
31.757	18.155
31.728	18.097
31.703	18.034
31.683	17.967
31.666	17.897
31.652	17.823
31.643	17.746
31.637	17.667
31.634	17.586
31.636	17.505
31.640	17.422
31.649	17.339
31.661	17.256
31.677	17.174
31.696	17.093
31.718	17.014
