X,Y
5.056,1.741
5.064,1.73
5.072,1.719
5.081,1.709
5.09,1.7
5.1,1.691
5.11,1.682
5.12,1.674
5.131,1.667
5.142,1.659
5.153,1.652
5.164,1.645
5.176,1.639
5.188,1.632
5.2,1.626
5.212,1.62
5.225,1.614
5.237,1.607
5.25,1.601
5.262,1.595
5.275,1.588
5.287,1.582
5.3,1.575
5.312,1.568
5.325,1.562
5.338,1.555
5.351,1.548
5.364,1.541
5.377,1.534
5.39,1.527
5.403,1.52
5.417,1.513
5.431,1.506
5.444,1.499
5.458,1.491
5.472,1.484
5.486,1.477
5.501,1.47
5.515,1.463
5.53,1.455
5.545,1.448
5.56,1.441
5.575,1.433
5.59,1.426
5.606,1.419
5.622,1.411
5.637,1.404
5.653,1.396
5.67,1.389
5.686,1.381
5.702,1.373
5.719,1.365
5.735,1.357
5.752,1.349
5.769,1.341
5.786,1.332
5.803,1.324
5.82,1.315
5.837,1.306
5.855,1.297
5.872,1.288
5.89,1.279
5.907,1.269
5.925,1.26
5.943,1.25
5.961,1.24
5.978,1.23
5.996,1.219
6.014,1.209
6.032,1.198
6.05,1.188
6.068,1.177
6.086,1.166
6.103,1.156
6.121,1.145
6.139,1.134
6.156,1.123
6.174,1.113
6.191,1.102
6.208,1.091
6.225,1.081
6.242,1.07
6.259,1.06
6.275,1.05
6.292,1.04
6.308,1.03
6.324,1.02
6.34,1.01
6.355,1.001
6.371,0.991
6.386,0.982
6.401,0.973
6.415,0.965
6.43,0.956
6.444,0.948
6.458,0.94
6.472,0.932
6.486,0.924
6.5,0.916
6.513,0.909
6.527,0.901
6.541,0.894
6.554,0.887
6.568,0.88
6.581,0.873
6.595,0.866
6.609,0.859
6.623,0.853
6.637,0.846
6.651,0.84
6.665,0.833
6.679,0.827
6.694,0.82
6.708,0.814
6.723,0.807
6.738,0.801
6.753,0.795
6.768,0.788
6.784,0.782
6.799,0.776
6.814,0.769
6.83,0.763
6.845,0.757
6.861,0.75
6.876,0.744
6.892,0.737
6.908,0.731
6.923,0.724
6.939,0.718
6.954,0.711
6.97,0.704
6.986,0.698
7.001,0.691
7.017,0.684
7.032,0.677
7.048,0.67
7.063,0.662
7.079,0.655
7.094,0.648
7.109,0.641
7.125,0.634
7.141,0.626
7.156,0.619
7.172,0.612
7.188,0.605
7.203,0.598
7.219,0.592
7.235,0.585
7.252,0.578
7.268,0.572
7.285,0.565
7.301,0.559
7.318,0.553
7.335,0.547
7.353,0.542
7.37,0.536
7.388,0.531
7.406,0.526
7.424,0.522
7.442,0.517
7.461,0.513
7.48,0.509
7.498,0.505
7.517,0.502
7.537,0.499
7.556,0.496
7.575,0.493
7.594,0.49
7.614,0.488
7.633,0.486
7.653,0.484
7.672,0.482
7.692,0.481
7.711,0.479
7.731,0.478
7.75,0.477
7.77,0.477
7.789,0.476
7.808,0.476
7.827,0.476
7.846,0.476
7.865,0.477
7.884,0.478
7.902,0.478
7.92,0.479
7.939,0.481
7.957,0.482
7.974,0.484
7.992,0.485
8.01,0.487
8.027,0.489
8.044,0.491
8.061,0.493
8.078,0.495
8.094,0.498
8.111,0.5
8.127,0.503
8.143,0.505
8.159,0.508
8.175,0.511
8.19,0.513
8.206,0.516
8.221,0.519
8.236,0.521
8.25,0.524
8.265,0.526
8.279,0.529
8.293,0.532
8.307,0.535
8.32,0.538
8.332,0.542
8.344,0.545
8.356,0.55
8.367,0.554
8.377,0.559
8.386,0.565
8.395,0.571
8.402,0.578
8.409,0.585
8.415,0.593
8.42,0.602
8.423,0.612
8.426,0.623
8.428,0.634
8.429,0.646
8.429,0.658
8.429,0.67
8.427,0.683
8.426,0.697
8.423,0.71
8.42,0.724
8.417,0.737
8.413,0.751
8.409,0.764
8.405,0.777
8.4,0.79
8.395,0.803
8.39,0.815
8.385,0.827
8.38,0.838
8.375,0.849
8.37,0.86
8.364,0.87
8.359,0.881
8.354,0.891
8.348,0.901
8.343,0.911
8.338,0.92
8.332,0.93
8.327,0.94
8.322,0.949
8.317,0.959
8.312,0.969
8.307,0.979
8.302,0.989
8.298,0.999
8.293,1.009
8.288,1.019
8.284,1.03
8.279,1.04
8.274,1.051
8.269,1.062
8.264,1.072
8.259,1.083
8.253,1.094
8.248,1.105
8.242,1.117
8.236,1.128
8.229,1.139
8.223,1.151
8.216,1.162
8.209,1.174
8.202,1.185
8.194,1.197
8.187,1.209
8.179,1.221
8.171,1.233
8.163,1.245
8.156,1.257
8.148,1.269
8.14,1.282
8.132,1.294
8.124,1.306
8.116,1.319
8.108,1.331
8.1,1.344
8.093,1.357
8.085,1.37
8.078,1.382
8.071,1.395
8.064,1.408
8.057,1.421
8.049,1.434
8.042,1.447
8.035,1.461
8.028,1.474
8.021,1.487
8.014,1.501
8.006,1.515
7.998,1.528
7.991,1.542
7.982,1.556
7.974,1.57
7.966,1.584
7.957,1.599
7.947,1.613
7.938,1.628
7.928,1.642
7.917,1.657
7.907,1.672
7.895,1.687
7.884,1.702
7.872,1.718
7.86,1.733
7.847,1.748
7.834,1.764
7.821,1.779
7.808,1.795
7.795,1.81
7.781,1.826
7.767,1.842
7.753,1.857
7.739,1.873
7.725,1.888
7.71,1.904
7.696,1.919
7.682,1.935
7.667,1.95
7.653,1.966
7.639,1.981
7.625,1.996
7.61,2.011
7.596,2.026
7.582,2.04
7.569,2.055
7.555,2.069
7.542,2.083
7.528,2.097
7.515,2.111
7.503,2.124
7.49,2.137
7.477,2.15
7.465,2.162
7.452,2.174
7.44,2.185
7.428,2.195
7.416,2.205
7.404,2.214
7.392,2.223
7.38,2.23
7.369,2.237
7.357,2.243
7.345,2.248
7.334,2.252
7.322,2.256
7.311,2.258
7.299,2.259
7.288,2.259
7.276,2.258
7.265,2.256
7.254,2.254
7.242,2.251
7.231,2.247
7.22,2.243
7.209,2.239
7.198,2.235
7.187,2.23
7.177,2.226
7.166,2.221
7.156,2.217
7.146,2.213
7.136,2.21
7.126,2.207
7.116,2.204
7.107,2.202
7.097,2.2
7.087,2.199
7.077,2.197
7.067,2.196
7.057,2.195
7.046,2.194
7.036,2.193
7.024,2.192
7.012,2.191
7,2.19
6.987,2.189
6.974,2.187
6.96,2.186
6.945,2.185
6.931,2.183
6.915,2.181
6.9,2.18
6.883,2.178
6.867,2.177
6.851,2.175
6.834,2.174
6.817,2.172
6.8,2.171
6.782,2.17
6.765,2.168
6.748,2.167
6.731,2.167
6.713,2.166
6.696,2.166
6.679,2.166
6.663,2.166
6.646,2.166
6.63,2.167
6.614,2.167
6.599,2.169
6.583,2.17
6.568,2.172
6.553,2.173
6.538,2.175
6.524,2.177
6.509,2.179
6.495,2.182
6.481,2.184
6.467,2.186
6.454,2.188
6.44,2.19
6.426,2.192
6.413,2.194
6.4,2.196
6.386,2.198
6.373,2.2
6.36,2.201
6.347,2.202
6.334,2.203
6.321,2.204
6.307,2.205
6.294,2.206
6.281,2.206
6.268,2.207
6.254,2.207
6.241,2.208
6.228,2.208
6.214,2.208
6.2,2.209
6.186,2.209
6.172,2.209
6.158,2.21
6.144,2.211
6.129,2.211
6.115,2.212
6.1,2.213
6.085,2.215
6.07,2.216
6.054,2.217
6.039,2.218
6.024,2.219
6.008,2.22
5.993,2.221
5.977,2.222
5.962,2.223
5.946,2.223
5.931,2.224
5.915,2.224
5.9,2.223
5.885,2.222
5.87,2.221
5.856,2.22
5.841,2.217
5.827,2.215
5.813,2.212
5.799,2.208
5.786,2.204
5.773,2.199
5.76,2.194
5.747,2.189
5.734,2.183
5.722,2.177
5.709,2.171
5.697,2.165
5.685,2.159
5.672,2.152
5.66,2.146
5.648,2.14
5.636,2.135
5.624,2.129
5.611,2.124
5.599,2.119
5.587,2.115
5.574,2.111
5.561,2.108
5.548,2.105
5.535,2.102
5.522,2.1
5.509,2.098
5.495,2.097
5.481,2.095
5.467,2.094
5.453,2.093
5.439,2.092
5.425,2.092
5.41,2.091
5.395,2.09
5.38,2.09
5.365,2.089
5.349,2.088
5.334,2.087
5.318,2.086
5.302,2.085
5.285,2.083
5.269,2.081
5.252,2.079
5.236,2.076
5.22,2.074
5.203,2.07
5.188,2.067
5.172,2.063
5.157,2.058
5.142,2.053
5.127,2.048
5.114,2.042
5.101,2.035
5.088,2.028
5.077,2.02
5.066,2.012
5.056,2.003
5.047,1.993
5.039,1.982
5.032,1.971
5.027,1.959
5.022,1.947
5.018,1.934
5.016,1.92
5.014,1.906
5.013,1.892
5.013,1.878
5.014,1.863
5.016,1.849
5.019,1.834
5.022,1.82
5.026,1.806
5.031,1.792
5.036,1.778
5.042,1.765
5.049,1.753
5.056,1.741
