X	Y
21.745	8.329
21.754	8.325
21.765	8.323
21.777	8.323
21.790	8.325
21.804	8.329
21.819	8.334
21.835	8.340
21.852	8.348
21.869	8.357
21.888	8.366
21.907	8.376
21.927	8.386
21.947	8.397
21.968	8.407
21.989	8.418
22.011	8.427
22.033	8.437
22.055	8.445
22.078	8.453
22.101	8.459
22.123	8.464
22.146	8.468
22.169	8.470
22.192	8.470
22.215	8.470
22.238	8.468
22.261	8.464
22.285	8.459
22.308	8.454
22.331	8.447
22.354	8.439
22.378	8.430
22.401	8.421
22.424	8.410
22.448	8.399
22.472	8.387
22.495	8.375
22.519	8.361
22.543	8.348
22.567	8.334
22.591	8.320
22.615	8.305
22.639	8.290
22.663	8.275
22.687	8.260
22.712	8.245
22.736	8.230
22.761	8.215
22.785	8.200
22.810	8.185
22.835	8.171
22.860	8.157
22.885	8.143
22.910	8.129
22.935	8.116
22.960	8.102
22.985	8.089
23.011	8.077
23.036	8.064
23.062	8.052
23.087	8.039
23.113	8.027
23.138	8.015
23.164	8.003
23.190	7.992
23.216	7.980
23.242	7.969
23.268	7.958
23.294	7.947
23.320	7.936
23.346	7.925
23.372	7.914
23.398	7.903
23.424	7.892
23.450	7.882
23.476	7.871
23.502	7.861
23.528	7.850
23.555	7.840
23.581	7.830
23.607	7.819
23.633	7.809
23.660	7.799
23.686	7.789
23.712	7.778
23.738	7.768
23.765	7.758
23.791	7.748
23.817	7.738
23.844	7.728
23.870	7.719
23.896	7.709
23.923	7.700
23.950	7.690
23.976	7.681
24.003	7.672
24.030	7.663
24.056	7.654
24.083	7.645
24.110	7.637
24.137	7.628
24.164	7.620
24.192	7.612
24.219	7.604
24.246	7.597
24.274	7.589
24.301	7.582
24.329	7.575
24.357	7.568
24.385	7.562
24.413	7.556
24.441	7.550
24.470	7.544
24.498	7.539
24.527	7.533
24.555	7.528
24.584	7.524
24.613	7.519
24.642	7.515
24.671	7.511
24.701	7.507
24.730	7.503
24.759	7.499
24.789	7.495
24.818	7.492
24.848	7.489
24.878	7.485
24.907	7.482
24.937	7.479
24.967	7.476
24.997	7.473
25.027	7.470
25.057	7.467
25.087	7.464
25.117	7.460
25.147	7.457
25.177	7.454
25.207	7.451
25.238	7.448
25.268	7.444
25.298	7.441
25.328	7.437
25.358	7.434
25.388	7.430
25.418	7.426
25.449	7.422
25.479	7.418
25.509	7.413
25.539	7.409
25.569	7.404
25.599	7.399
25.629	7.394
25.659	7.389
25.689	7.384
25.719	7.378
25.749	7.373
25.779	7.367
25.810	7.362
25.840	7.356
25.870	7.350
25.900	7.344
25.931	7.338
25.961	7.332
25.992	7.326
26.022	7.320
26.053	7.314
26.083	7.308
26.114	7.301
26.145	7.295
26.176	7.288
26.206	7.282
26.237	7.276
26.269	7.269
26.300	7.263
26.331	7.256
26.362	7.250
26.394	7.243
26.426	7.237
26.457	7.231
26.489	7.224
26.521	7.218
26.553	7.212
26.585	7.205
26.618	7.199
26.650	7.193
26.683	7.187
26.715	7.180
26.748	7.174
26.781	7.168
26.813	7.162
26.846	7.156
26.879	7.150
26.912	7.144
26.945	7.137
26.979	7.131
27.012	7.125
27.045	7.119
27.078	7.113
27.112	7.107
27.145	7.102
27.178	7.096
27.212	7.090
27.245	7.084
27.278	7.078
27.312	7.072
27.345	7.066
27.379	7.060
27.412	7.054
27.445	7.049
27.479	7.043
27.512	7.037
27.545	7.031
27.579	7.026
27.612	7.020
27.645	7.014
27.678	7.008
27.711	7.003
27.744	6.997
27.777	6.991
27.810	6.985
27.843	6.980
27.876	6.974
27.909	6.968
27.941	6.963
27.974	6.957
28.007	6.952
28.039	6.946
28.072	6.941
28.104	6.935
28.137	6.930
28.169	6.925
28.201	6.920
28.234	6.915
28.266	6.909
28.298	6.904
28.330	6.900
28.363	6.895
28.395	6.890
28.427	6.885
28.459	6.881
28.491	6.876
28.523	6.872
28.555	6.867
28.586	6.863
28.618	6.859
28.650	6.855
28.682	6.851
28.714	6.847
28.745	6.844
28.777	6.840
28.809	6.837
28.840	6.834
28.872	6.831
28.903	6.828
28.935	6.825
28.966	6.822
28.998	6.819
29.029	6.817
29.061	6.814
29.092	6.812
29.124	6.810
29.155	6.807
29.186	6.805
29.218	6.803
29.249	6.801
29.280	6.798
29.312	6.796
29.343	6.794
29.374	6.792
29.406	6.789
29.437	6.787
29.468	6.785
29.499	6.782
29.531	6.780
29.562	6.777
29.593	6.774
29.624	6.771
29.655	6.768
29.687	6.765
29.718	6.762
29.749	6.759
29.780	6.755
29.812	6.751
29.843	6.748
29.874	6.743
29.905	6.739
29.937	6.735
29.968	6.730
29.999	6.725
30.030	6.720
30.062	6.714
30.093	6.709
30.124	6.703
30.155	6.697
30.187	6.691
30.218	6.685
30.249	6.679
30.281	6.673
30.312	6.667
30.343	6.661
30.374	6.655
30.406	6.649
30.437	6.642
30.468	6.636
30.499	6.630
30.531	6.625
30.562	6.619
30.593	6.613
30.624	6.608
30.656	6.603
30.687	6.597
30.718	6.593
30.749	6.588
30.780	6.584
30.811	6.579
30.842	6.576
30.873	6.572
30.904	6.569
30.935	6.566
30.966	6.564
30.997	6.562
31.028	6.560
31.059	6.559
31.090	6.558
31.121	6.557
31.151	6.557
31.182	6.557
31.213	6.558
31.244	6.559
31.274	6.560
31.305	6.562
31.335	6.564
31.366	6.566
31.396	6.569
31.426	6.572
31.457	6.574
31.487	6.578
31.517	6.581
31.547	6.585
31.577	6.588
31.607	6.592
31.636	6.596
31.666	6.601
31.696	6.605
31.725	6.609
31.755	6.614
31.784	6.619
31.813	6.623
31.842	6.628
31.871	6.633
31.900	6.637
31.929	6.642
31.957	6.647
31.986	6.651
32.014	6.656
32.042	6.660
32.071	6.665
32.099	6.669
32.126	6.674
32.154	6.678
32.182	6.682
32.209	6.687
32.237	6.691
32.264	6.695
32.291	6.699
32.318	6.704
32.345	6.708
32.372	6.712
32.398	6.717
32.425	6.721
32.451	6.726
32.478	6.731
32.504	6.735
32.530	6.740
32.556	6.745
32.582	6.750
32.608	6.756
32.634	6.761
32.660	6.767
32.685	6.773
32.711	6.778
32.736	6.785
32.761	6.791
32.787	6.797
32.812	6.804
32.837	6.811
32.862	6.818
32.887	6.826
32.911	6.833
32.936	6.841
32.960	6.849
32.985	6.858
33.009	6.866
33.033	6.875
33.057	6.884
33.080	6.892
33.104	6.902
33.127	6.911
33.150	6.920
33.173	6.930
33.195	6.939
33.217	6.949
33.239	6.959
33.261	6.969
33.282	6.979
33.303	6.989
33.324	6.999
33.344	7.010
33.364	7.020
33.384	7.030
33.403	7.041
33.422	7.051
33.441	7.062
33.459	7.072
33.476	7.083
33.494	7.094
33.510	7.104
33.526	7.115
33.542	7.127
33.557	7.138
33.572	7.150
33.586	7.162
33.599	7.174
33.611	7.187
33.623	7.200
33.634	7.214
33.645	7.228
33.655	7.243
33.663	7.258
33.671	7.273
33.679	7.289
33.685	7.306
33.691	7.324
33.695	7.342
33.699	7.360
33.702	7.380
33.704	7.400
33.706	7.420
33.707	7.441
33.707	7.462
33.707	7.484
33.706	7.505
33.705	7.528
33.704	7.550
33.702	7.573
33.700	7.596
33.698	7.619
33.696	7.643
33.693	7.666
33.691	7.689
33.688	7.713
33.686	7.736
33.683	7.760
33.681	7.783
33.679	7.807
33.677	7.830
33.675	7.853
33.674	7.875
33.672	7.898
33.672	7.920
33.671	7.942
33.670	7.964
33.670	7.986
33.669	8.007
33.669	8.029
33.668	8.050
33.667	8.071
33.666	8.092
33.665	8.113
33.664	8.134
33.662	8.155
33.660	8.175
33.658	8.196
33.655	8.216
33.652	8.237
33.648	8.257
33.644	8.277
33.639	8.297
33.633	8.318
33.627	8.338
33.620	8.358
33.612	8.378
33.604	8.398
33.595	8.418
33.585	8.438
33.575	8.458
33.564	8.478
33.552	8.498
33.541	8.518
33.529	8.538
33.516	8.558
33.503	8.578
33.490	8.597
33.477	8.617
33.463	8.637
33.450	8.657
33.436	8.676
33.422	8.696
33.408	8.716
33.394	8.735
33.381	8.755
33.367	8.774
33.353	8.794
33.340	8.813
33.327	8.833
33.314	8.852
33.302	8.872
33.289	8.891
33.277	8.910
33.266	8.929
33.254	8.948
33.242	8.967
33.231	8.986
33.220	9.005
33.209	9.024
33.197	9.043
33.186	9.061
33.175	9.079
33.164	9.098
33.152	9.116
33.141	9.133
33.129	9.151
33.118	9.169
33.106	9.186
33.094	9.203
33.081	9.220
33.069	9.237
33.056	9.253
33.042	9.270
33.029	9.286
33.014	9.302
33.000	9.317
32.985	9.333
32.970	9.348
32.955	9.363
32.939	9.378
32.923	9.392
32.907	9.407
32.890	9.421
32.874	9.436
32.857	9.450
32.840	9.464
32.822	9.479
32.805	9.493
32.788	9.507
32.770	9.521
32.752	9.535
32.735	9.550
32.717	9.564
32.699	9.578
32.682	9.593
32.664	9.607
32.646	9.622
32.628	9.637
32.611	9.652
32.593	9.667
32.576	9.682
32.559	9.697
32.541	9.712
32.524	9.727
32.507	9.742
32.490	9.757
32.472	9.772
32.455	9.786
32.438	9.800
32.420	9.814
32.403	9.828
32.386	9.841
32.368	9.853
32.351	9.865
32.333	9.876
32.315	9.887
32.297	9.898
32.279	9.907
32.261	9.916
32.243	9.924
32.224	9.931
32.206	9.937
32.187	9.942
32.168	9.947
32.149	9.951
32.129	9.954
32.110	9.956
32.090	9.958
32.071	9.959
32.051	9.960
32.031	9.960
32.012	9.961
31.992	9.961
31.972	9.961
31.952	9.961
31.933	9.962
31.913	9.962
31.893	9.963
31.874	9.964
31.854	9.965
31.835	9.967
31.816	9.969
31.796	9.972
31.778	9.976
31.759	9.981
31.740	9.986
31.722	9.992
31.703	9.998
31.685	10.005
31.667	10.013
31.649	10.021
31.631	10.030
31.612	10.039
31.594	10.048
31.576	10.058
31.558	10.067
31.540	10.077
31.522	10.088
31.503	10.098
31.485	10.108
31.466	10.119
31.447	10.129
31.428	10.139
31.409	10.149
31.390	10.159
31.370	10.169
31.350	10.178
31.330	10.187
31.310	10.196
31.289	10.205
31.268	10.213
31.247	10.221
31.226	10.229
31.205	10.236
31.183	10.243
31.161	10.250
31.139	10.256
31.117	10.263
31.095	10.269
31.073	10.274
31.050	10.280
31.027	10.285
31.005	10.290
30.982	10.295
30.959	10.299
30.936	10.303
30.913	10.307
30.890	10.311
30.867	10.314
30.844	10.317
30.820	10.320
30.797	10.322
30.774	10.325
30.751	10.327
30.728	10.329
30.704	10.330
30.681	10.332
30.658	10.333
30.635	10.335
30.612	10.336
30.589	10.337
30.567	10.337
30.544	10.338
30.521	10.339
30.499	10.339
30.477	10.340
30.455	10.340
30.433	10.341
30.411	10.341
30.389	10.342
30.368	10.343
30.347	10.343
30.326	10.344
30.305	10.344
30.285	10.345
30.265	10.346
30.245	10.347
30.225	10.348
30.206	10.349
30.186	10.351
30.167	10.352
30.148	10.353
30.129	10.354
30.110	10.356
30.091	10.357
30.072	10.357
30.053	10.358
30.033	10.359
30.014	10.359
29.994	10.359
29.974	10.359
29.954	10.359
29.933	10.358
29.912	10.357
29.891	10.355
29.869	10.353
29.847	10.351
29.824	10.348
29.801	10.345
29.778	10.341
29.753	10.336
29.729	10.332
29.704	10.327
29.678	10.321
29.653	10.315
29.627	10.309
29.601	10.303
29.574	10.296
29.548	10.289
29.522	10.282
29.496	10.275
29.469	10.268
29.443	10.261
29.418	10.253
29.392	10.246
29.367	10.239
29.342	10.232
29.317	10.224
29.293	10.217
29.269	10.211
29.246	10.204
29.223	10.198
29.201	10.191
29.180	10.186
29.159	10.180
29.140	10.175
29.121	10.170
29.103	10.166
29.085	10.162
29.068	10.158
29.052	10.155
29.036	10.152
29.021	10.149
29.006	10.147
28.991	10.146
28.977	10.145
28.962	10.144
28.948	10.143
28.933	10.143
28.918	10.144
28.903	10.144
28.888	10.146
28.873	10.147
28.856	10.149
28.840	10.151
28.823	10.154
28.805	10.157
28.787	10.160
28.768	10.164
28.749	10.168
28.729	10.172
28.709	10.177
28.688	10.182
28.667	10.187
28.646	10.192
28.624	10.197
28.601	10.202
28.578	10.208
28.555	10.214
28.531	10.220
28.507	10.226
28.483	10.231
28.458	10.237
28.432	10.243
28.407	10.249
28.380	10.255
28.354	10.261
28.327	10.267
28.300	10.273
28.272	10.279
28.244	10.284
28.216	10.290
28.187	10.295
28.158	10.301
28.129	10.306
28.100	10.311
28.070	10.317
28.040	10.322
28.010	10.327
27.980	10.332
27.949	10.337
27.919	10.342
27.888	10.348
27.857	10.353
27.826	10.358
27.795	10.363
27.764	10.368
27.733	10.373
27.702	10.378
27.670	10.384
27.639	10.389
27.608	10.394
27.577	10.400
27.546	10.405
27.515	10.411
27.484	10.417
27.453	10.422
27.422	10.428
27.392	10.434
27.361	10.440
27.331	10.446
27.301	10.453
27.271	10.459
27.242	10.466
27.212	10.472
27.183	10.479
27.154	10.486
27.126	10.493
27.097	10.500
27.069	10.506
27.041	10.513
27.014	10.520
26.986	10.527
26.959	10.534
26.933	10.540
26.906	10.547
26.880	10.553
26.854	10.560
26.828	10.566
26.803	10.571
26.778	10.577
26.753	10.583
26.728	10.588
26.704	10.593
26.680	10.597
26.657	10.601
26.634	10.605
26.611	10.609
26.588	10.612
26.566	10.614
26.544	10.617
26.523	10.619
26.501	10.620
26.481	10.621
26.460	10.621
26.440	10.622
26.420	10.621
26.400	10.621
26.380	10.620
26.360	10.619
26.341	10.618
26.321	10.616
26.301	10.615
26.282	10.613
26.262	10.611
26.242	10.609
26.223	10.607
26.202	10.605
26.182	10.603
26.162	10.601
26.141	10.599
26.120	10.598
26.098	10.596
26.076	10.595
26.054	10.593
26.031	10.592
26.008	10.592
25.985	10.591
25.961	10.591
25.937	10.590
25.912	10.590
25.887	10.590
25.862	10.590
25.836	10.590
25.810	10.591
25.784	10.591
25.758	10.592
25.731	10.592
25.705	10.593
25.678	10.593
25.650	10.594
25.623	10.594
25.596	10.595
25.568	10.595
25.540	10.595
25.512	10.596
25.484	10.596
25.456	10.596
25.428	10.596
25.400	10.596
25.372	10.596
25.344	10.595
25.316	10.594
25.288	10.594
25.260	10.593
25.232	10.591
25.204	10.590
25.176	10.589
25.148	10.587
25.120	10.585
25.093	10.583
25.065	10.581
25.037	10.579
25.009	10.576
24.982	10.574
24.954	10.572
24.926	10.569
24.899	10.566
24.871	10.563
24.844	10.561
24.816	10.558
24.789	10.555
24.762	10.552
24.734	10.549
24.707	10.546
24.680	10.543
24.652	10.540
24.625	10.537
24.598	10.534
24.571	10.531
24.543	10.529
24.516	10.526
24.489	10.523
24.462	10.520
24.435	10.518
24.408	10.515
24.381	10.513
24.354	10.510
24.327	10.508
24.300	10.506
24.274	10.504
24.247	10.502
24.220	10.499
24.194	10.497
24.168	10.495
24.141	10.493
24.115	10.491
24.089	10.489
24.064	10.487
24.038	10.485
24.013	10.483
23.988	10.481
23.963	10.479
23.938	10.477
23.913	10.475
23.889	10.473
23.865	10.471
23.841	10.468
23.817	10.466
23.794	10.464
23.771	10.461
23.748	10.459
23.726	10.456
23.704	10.454
23.682	10.451
23.660	10.448
23.639	10.445
23.618	10.442
23.597	10.439
23.576	10.436
23.556	10.432
23.535	10.429
23.515	10.425
23.496	10.421
23.476	10.417
23.456	10.412
23.437	10.407
23.417	10.403
23.398	10.397
23.379	10.392
23.360	10.386
23.341	10.380
23.322	10.374
23.303	10.367
23.284	10.361
23.265	10.353
23.246	10.346
23.227	10.338
23.209	10.330
23.190	10.321
23.171	10.313
23.153	10.304
23.134	10.295
23.115	10.285
23.097	10.275
23.079	10.266
23.061	10.256
23.042	10.245
23.024	10.235
23.007	10.224
22.989	10.214
22.971	10.203
22.954	10.192
22.937	10.181
22.920	10.169
22.903	10.158
22.886	10.147
22.870	10.135
22.854	10.124
22.838	10.112
22.822	10.101
22.806	10.089
22.791	10.077
22.775	10.065
22.760	10.053
22.745	10.041
22.731	10.029
22.716	10.017
22.701	10.005
22.687	9.993
22.673	9.980
22.659	9.968
22.645	9.955
22.631	9.942
22.617	9.930
22.603	9.917
22.590	9.904
22.576	9.890
22.563	9.877
22.549	9.864
22.536	9.850
22.522	9.836
22.509	9.823
22.496	9.809
22.483	9.794
22.469	9.780
22.456	9.766
22.443	9.751
22.430	9.737
22.417	9.722
22.403	9.707
22.390	9.692
22.377	9.676
22.364	9.661
22.350	9.645
22.337	9.629
22.323	9.613
22.310	9.597
22.296	9.581
22.283	9.564
22.269	9.547
22.255	9.530
22.241	9.513
22.227	9.496
22.213	9.478
22.199	9.461
22.185	9.443
22.171	9.426
22.157	9.409
22.143	9.391
22.129	9.374
22.116	9.357
22.102	9.340
22.089	9.323
22.076	9.306
22.063	9.290
22.050	9.274
22.038	9.259
22.026	9.243
22.014	9.228
22.002	9.214
21.991	9.200
21.980	9.187
21.970	9.174
21.960	9.161
21.950	9.150
21.941	9.138
21.933	9.127
21.924	9.117
21.916	9.106
21.908	9.096
21.901	9.087
21.893	9.077
21.886	9.067
21.879	9.058
21.873	9.048
21.866	9.038
21.860	9.028
21.853	9.018
21.847	9.007
21.841	8.996
21.835	8.985
21.829	8.973
21.824	8.961
21.818	8.948
21.812	8.935
21.806	8.922
21.801	8.907
21.795	8.892
21.790	8.876
21.784	8.860
21.779	8.843
21.774	8.824
21.768	8.805
21.763	8.785
21.758	8.765
21.752	8.743
21.747	8.720
21.742	8.697
21.737	8.673
21.732	8.648
21.728	8.624
21.724	8.599
21.720	8.575
21.717	8.550
21.714	8.526
21.712	8.503
21.711	8.480
21.710	8.459
21.710	8.438
21.711	8.419
21.713	8.400
21.715	8.384
21.719	8.369
21.724	8.356
21.730	8.345
21.737	8.336
21.745	8.329
