X	Y
837.000	571.500
838.302	573.310
839.647	575.252
840.740	577.293
841.311	579.410
841.389	581.652
841.201	584.120
840.974	586.913
840.870	590.069
840.869	593.456
840.922	596.917
840.981	600.292
840.998	603.427
840.959	606.294
840.911	609.090
840.905	612.028
840.992	615.323
841.211	619.138
841.533	623.393
841.911	627.939
842.298	632.625
842.648	637.300
842.913	641.816
843.048	646.027
843.059	649.932
842.998	653.676
842.924	657.409
842.893	661.282
842.962	665.445
843.181	670.030
843.541	675.008
844.005	680.271
844.533	685.708
845.089	691.210
845.634	696.668
846.129	701.972
846.538	707.012
846.843	711.725
847.094	716.175
847.350	720.455
847.674	724.653
848.124	728.861
848.762	733.169
849.642	737.663
850.763	742.389
852.089	747.369
853.583	752.623
855.210	758.175
856.933	764.043
858.716	770.251
860.523	776.819
862.317	783.768
864.069	791.027
865.759	798.307
867.371	805.287
868.888	811.647
870.295	817.066
871.575	821.223
872.711	823.797
873.686	824.468
874.506	823.117
875.215	820.068
875.866	815.701
876.512	810.397
877.206	804.539
877.999	798.507
878.935	792.656
880.019	787.229
881.249	782.444
882.619	778.516
884.127	775.663
885.768	774.100
887.520	773.994
889.242	775.202
890.750	777.465
891.886	780.533
892.684	784.211
893.261	788.327
893.734	792.710
894.221	797.188
894.840	801.591
895.695	805.764
896.789	809.688
898.075	813.408
899.507	816.966
901.042	820.407
902.632	823.775
904.266	827.100
906.043	830.375
908.082	833.580
910.501	836.699
913.419	839.715
916.953	842.610
921.097	845.344
925.681	847.851
930.528	850.060
935.456	851.901
940.286	853.304
944.838	854.201
948.934	854.521
952.518	854.278
955.780	853.647
958.941	852.825
962.220	852.008
965.837	851.391
969.915	851.088
974.378	851.044
979.121	851.182
984.042	851.425
989.037	851.697
994.005	851.920
998.842	852.019
1003.515	851.955
1008.081	851.743
1012.600	851.401
1017.137	850.947
1021.752	850.398
1026.510	849.772
1031.468	849.087
1036.613	848.343
1041.881	847.531
1047.203	846.641
1052.511	845.663
1057.739	844.585
1062.817	843.399
1067.679	842.093
1072.277	840.666
1076.655	839.157
1080.889	837.616
1085.055	836.095
1089.226	834.646
1093.478	833.318
1097.886	832.164
1102.460	831.191
1107.113	830.339
1111.744	829.541
1116.253	828.732
1120.543	827.843
1124.513	826.808
1128.064	825.555
1131.094	823.963
1133.501	821.887
1135.182	819.179
1136.035	815.694
1136.013	811.362
1135.250	806.359
1133.914	800.910
1132.174	795.237
1130.198	789.566
1128.156	784.120
1126.214	779.124
1124.542	774.799
1123.281	771.224
1122.529	768.229
1122.377	765.620
1122.919	763.203
1124.181	760.805
1125.852	758.343
1127.513	755.771
1128.743	753.039
1129.148	750.101
1128.680	746.962
1127.533	743.663
1125.903	740.242
1123.987	736.741
1121.980	733.197
1119.994	729.618
1118.060	725.979
1116.209	722.253
1114.469	718.414
1112.870	714.435
1111.442	710.297
1110.275	706.199
1109.537	702.618
1109.397	700.052
1110.027	698.996
1111.536	699.761
1113.803	701.963
1116.653	705.058
1119.912	708.503
1123.406	711.752
1126.964	714.285
1130.508	715.980
1134.036	717.070
1137.552	717.798
1141.058	718.405
1144.556	719.134
1148.046	720.173
1151.528	721.569
1154.999	723.349
1158.456	725.538
1161.897	728.163
1165.321	731.248
1168.735	734.746
1172.161	738.514
1175.620	742.402
1179.134	746.261
1182.727	749.939
1186.419	753.287
1190.233	756.156
1194.172	758.458
1198.181	760.318
1202.187	761.904
1206.121	763.385
1209.913	764.930
1213.492	766.707
1216.804	768.844
1219.892	771.212
1222.834	773.583
1225.712	775.730
1228.606	777.423
1231.588	778.442
1234.596	778.687
1237.441	778.173
1239.928	776.921
1241.873	774.954
1243.324	772.395
1244.574	769.470
1245.923	766.407
1247.674	763.437
1250.070	760.756
1252.977	758.358
1256.114	756.152
1259.198	754.049
1261.947	751.960
1264.098	749.804
1265.740	747.653
1267.271	745.719
1269.098	744.214
1271.579	743.320
1274.710	742.985
1278.332	743.060
1282.286	743.394
1286.414	743.835
1290.559	744.238
1294.637	744.525
1298.611	744.670
1302.445	744.646
1306.105	744.429
1309.554	743.991
1312.772	743.308
1315.789	742.359
1318.650	741.122
1321.397	739.577
1324.074	737.705
1326.724	735.522
1329.391	733.097
1332.118	730.499
1334.948	727.799
1337.925	725.067
1341.074	722.358
1344.356	719.660
1347.707	716.944
1351.069	714.182
1354.380	711.344
1357.579	708.400
1360.615	705.325
1363.531	702.119
1366.422	698.802
1369.386	695.390
1372.521	691.904
1375.924	688.360
1379.693	684.776
1383.899	681.173
1388.488	677.575
1393.365	674.007
1398.432	670.496
1403.596	667.067
1408.761	663.746
1413.830	660.560
1418.709	657.533
1423.303	654.693
1427.562	652.024
1431.512	649.444
1435.189	646.862
1438.628	644.189
1441.863	641.334
1444.931	638.208
1447.861	634.728
1450.630	630.904
1453.175	626.810
1455.436	622.521
1457.348	618.112
1458.849	613.658
1459.878	609.235
1460.383	604.907
1460.393	600.661
1459.970	596.454
1459.176	592.243
1458.072	587.984
1456.720	583.635
1455.179	579.156
1453.470	574.600
1451.574	570.109
1449.471	565.826
1447.140	561.897
1444.563	558.465
1441.718	555.674
1438.596	553.631
1435.229	552.248
1431.667	551.378
1427.958	550.875
1424.150	550.591
1420.287	550.384
1416.363	550.198
1412.325	550.044
1408.122	549.937
1403.701	549.892
1399.009	549.923
1393.995	550.046
1388.662	550.257
1383.111	550.523
1377.451	550.807
1371.792	551.073
1366.244	551.286
1360.918	551.408
1355.922	551.404
1351.363	551.237
1347.231	550.900
1343.384	550.413
1339.671	549.800
1335.942	549.082
1332.047	548.284
1327.847	547.428
1323.333	546.536
1318.581	545.630
1313.672	544.731
1308.681	543.862
1303.689	543.043
1298.773	542.298
1294.009	541.645
1289.432	541.078
1285.041	540.565
1280.835	540.075
1276.812	539.576
1272.970	539.037
1269.308	538.427
1265.791	537.735
1262.344	536.983
1258.888	536.193
1255.342	535.388
1251.628	534.590
1247.700	533.814
1243.613	533.054
1239.442	532.299
1235.260	531.540
1231.142	530.765
1227.163	529.964
1223.368	529.123
1219.707	528.216
1216.108	527.213
1212.497	526.083
1208.803	524.799
1204.956	523.333
1200.944	521.718
1196.829	520.062
1192.675	518.475
1188.546	517.068
1184.507	515.951
1180.622	515.235
1176.913	514.964
1173.306	515.031
1169.710	515.305
1166.038	515.656
1162.201	515.955
1158.120	516.085
1153.807	516.050
1149.313	515.903
1144.690	515.703
1139.991	515.505
1135.267	515.365
1130.570	515.339
1125.945	515.462
1121.414	515.708
1116.996	516.045
1112.712	516.439
1108.581	516.858
1104.623	517.270
1100.850	517.643
1097.227	517.968
1093.699	518.241
1090.212	518.459
1086.710	518.620
1083.142	518.721
1079.489	518.769
1075.760	518.774
1071.964	518.750
1068.108	518.708
1064.201	518.661
1060.253	518.619
1056.272	518.589
1052.267	518.576
1048.247	518.584
1044.221	518.621
1040.199	518.690
1036.193	518.799
1032.225	518.958
1028.315	519.177
1024.485	519.465
1020.756	519.833
1017.146	520.287
1013.620	520.793
1010.103	521.283
1006.521	521.690
1002.798	521.947
998.859	521.985
994.682	521.783
990.336	521.399
985.902	520.898
981.460	520.346
977.088	519.809
972.867	519.352
968.860	519.029
965.056	518.828
961.423	518.720
957.929	518.676
954.542	518.667
951.229	518.665
947.956	518.661
944.685	518.658
941.381	518.658
938.005	518.664
934.531	518.679
930.983	518.697
927.414	518.709
923.876	518.707
920.420	518.681
917.093	518.626
913.884	518.561
910.748	518.523
907.638	518.549
904.506	518.676
901.316	518.923
898.062	519.241
894.748	519.572
891.374	519.853
887.943	520.024
884.471	520.071
881.005	520.077
877.597	520.140
874.296	520.357
871.154	520.826
868.193	521.577
865.380	522.528
862.681	523.582
860.057	524.644
857.486	525.643
854.992	526.624
852.614	527.660
850.393	528.825
848.335	530.163
846.362	531.635
844.379	533.191
842.298	534.778
840.127	536.365
837.974	537.940
835.954	539.492
834.176	541.015
832.712	542.540
831.608	544.126
830.906	545.828
830.597	547.686
830.638	549.725
830.981	551.961
831.533	554.351
832.187	556.832
832.834	559.339
833.418	561.803
833.973	564.141
834.546	566.271
835.185	568.132
835.971	569.819
837.000	571.500
