X	Y
26.769	13.407
26.768	13.344
26.775	13.276
26.788	13.204
26.807	13.128
26.831	13.051
26.859	12.973
26.892	12.894
26.928	12.817
26.966	12.742
27.006	12.671
27.048	12.603
27.091	12.539
27.136	12.477
27.182	12.417
27.229	12.359
27.277	12.302
27.326	12.245
27.376	12.188
27.427	12.130
27.479	12.070
27.531	12.010
27.584	11.948
27.637	11.885
27.692	11.822
27.747	11.757
27.803	11.693
27.859	11.627
27.917	11.562
27.975	11.496
28.034	11.431
28.094	11.365
28.154	11.300
28.215	11.236
28.277	11.172
28.339	11.109
28.401	11.048
28.463	10.987
28.525	10.928
28.587	10.871
28.649	10.816
28.711	10.762
28.772	10.710
28.834	10.659
28.896	10.610
28.958	10.560
29.022	10.511
29.086	10.460
29.152	10.409
29.220	10.356
29.289	10.302
29.361	10.244
29.435	10.184
29.511	10.122
29.588	10.059
29.666	9.993
29.746	9.927
29.826	9.861
29.906	9.795
29.986	9.729
30.065	9.663
30.144	9.599
30.221	9.537
30.297	9.477
30.372	9.420
30.445	9.365
30.516	9.311
30.587	9.260
30.657	9.209
30.727	9.159
30.798	9.109
30.869	9.059
30.941	9.009
31.014	8.957
31.090	8.904
31.167	8.850
31.246	8.793
31.326	8.735
31.408	8.676
31.492	8.615
31.576	8.553
31.660	8.490
31.745	8.427
31.830	8.362
31.914	8.297
31.998	8.232
32.081	8.166
32.163	8.100
32.243	8.035
32.323	7.969
32.402	7.904
32.480	7.839
32.558	7.774
32.636	7.710
32.714	7.647
32.793	7.584
32.873	7.523
32.954	7.462
33.037	7.402
33.122	7.343
33.208	7.285
33.297	7.228
33.389	7.173
33.481	7.119
33.575	7.066
33.670	7.014
33.766	6.963
33.862	6.913
33.958	6.864
34.054	6.817
34.149	6.770
34.244	6.724
34.337	6.679
34.428	6.635
34.518	6.591
34.606	6.549
34.692	6.508
34.778	6.467
34.862	6.427
34.946	6.389
35.028	6.351
35.111	6.314
35.193	6.278
35.275	6.244
35.357	6.210
35.440	6.178
35.523	6.146
35.606	6.116
35.690	6.087
35.774	6.060
35.859	6.035
35.944	6.011
36.030	5.989
36.115	5.969
36.201	5.951
36.288	5.935
36.374	5.922
36.461	5.911
36.547	5.902
36.633	5.895
36.718	5.890
36.802	5.886
36.884	5.884
36.964	5.883
37.042	5.883
37.117	5.884
37.190	5.885
37.259	5.888
37.325	5.893
37.389	5.901
37.450	5.914
37.509	5.933
37.566	5.958
37.621	5.993
37.675	6.036
37.727	6.090
37.777	6.152
37.824	6.222
37.870	6.299
37.913	6.381
37.953	6.468
37.990	6.558
38.024	6.650
38.054	6.744
38.080	6.838
38.102	6.931
38.121	7.023
38.135	7.113
38.147	7.203
38.155	7.293
38.162	7.382
38.167	7.472
38.171	7.563
38.174	7.655
38.177	7.749
38.180	7.846
38.183	7.944
38.188	8.046
38.194	8.150
38.201	8.256
38.209	8.365
38.217	8.475
38.225	8.586
38.233	8.699
38.241	8.812
38.249	8.925
38.256	9.038
38.262	9.150
38.267	9.261
38.271	9.372
38.273	9.480
38.274	9.587
38.273	9.692
38.270	9.795
38.267	9.897
38.263	9.997
38.258	10.095
38.253	10.192
38.248	10.287
38.242	10.381
38.237	10.474
38.233	10.565
38.229	10.656
38.226	10.745
38.224	10.833
38.222	10.921
38.220	11.008
38.218	11.096
38.215	11.183
38.212	11.270
38.207	11.358
38.202	11.447
38.194	11.537
38.185	11.628
38.174	11.721
38.161	11.814
38.146	11.910
38.130	12.006
38.114	12.103
38.097	12.201
38.080	12.299
38.064	12.398
38.049	12.498
38.034	12.597
38.021	12.697
38.011	12.797
38.002	12.896
37.996	12.995
37.991	13.094
37.988	13.192
37.986	13.289
37.984	13.385
37.983	13.480
37.981	13.573
37.979	13.665
37.975	13.756
37.970	13.844
37.964	13.931
37.955	14.015
37.943	14.097
37.928	14.176
37.909	14.253
37.886	14.327
37.858	14.399
37.824	14.468
37.784	14.535
37.738	14.598
37.685	14.659
37.625	14.716
37.559	14.771
37.487	14.822
37.411	14.871
37.332	14.917
37.250	14.960
37.167	15.001
37.083	15.039
37.000	15.075
36.918	15.108
36.839	15.139
36.762	15.168
36.688	15.194
36.615	15.217
36.544	15.239
36.472	15.257
36.400	15.274
36.326	15.288
36.251	15.299
36.173	15.307
36.092	15.313
36.007	15.316
35.919	15.317
35.828	15.316
35.735	15.314
35.639	15.310
35.541	15.304
35.441	15.298
35.340	15.291
35.236	15.283
35.132	15.275
35.026	15.267
34.920	15.259
34.813	15.252
34.706	15.245
34.598	15.238
34.490	15.231
34.382	15.224
34.274	15.218
34.167	15.211
34.060	15.205
33.953	15.199
33.848	15.193
33.743	15.186
33.639	15.180
33.536	15.173
33.435	15.167
33.334	15.160
33.235	15.154
33.136	15.148
33.037	15.143
32.938	15.138
32.840	15.135
32.741	15.132
32.642	15.130
32.542	15.129
32.442	15.130
32.340	15.132
32.237	15.136
32.134	15.141
32.029	15.148
31.924	15.155
31.818	15.163
31.712	15.171
31.606	15.180
31.499	15.188
31.394	15.196
31.288	15.204
31.183	15.211
31.079	15.216
30.976	15.221
30.874	15.223
30.773	15.225
30.673	15.225
30.573	15.225
30.474	15.224
30.375	15.222
30.276	15.221
30.178	15.219
30.079	15.218
29.979	15.218
29.879	15.218
29.779	15.220
29.677	15.222
29.575	15.226
29.473	15.231
29.371	15.237
29.269	15.242
29.169	15.248
29.070	15.254
28.974	15.259
28.879	15.263
28.788	15.265
28.700	15.267
28.617	15.266
28.537	15.263
28.462	15.258
28.389	15.251
28.320	15.242
28.252	15.232
28.184	15.220
28.117	15.208
28.050	15.194
27.980	15.180
27.909	15.165
27.835	15.150
27.760	15.135
27.684	15.120
27.607	15.105
27.530	15.091
27.454	15.077
27.379	15.064
27.306	15.052
27.235	15.040
27.166	15.030
27.102	15.018
27.044	15.004
26.993	14.986
26.949	14.963
26.916	14.932
26.893	14.892
26.881	14.844
26.877	14.789
26.879	14.728
26.884	14.664
26.892	14.598
26.898	14.532
26.902	14.467
26.900	14.405
26.895	14.346
26.887	14.290
26.878	14.235
26.869	14.180
26.862	14.126
26.857	14.072
26.857	14.017
26.859	13.962
26.862	13.907
26.864	13.853
26.865	13.800
26.862	13.749
26.854	13.701
26.841	13.654
26.824	13.609
26.806	13.563
26.790	13.515
26.777	13.463
26.769	13.407
