X	Y
53.421	27.403
53.403	27.334
53.396	27.261
53.400	27.184
53.414	27.105
53.437	27.023
53.468	26.939
53.506	26.854
53.550	26.769
53.599	26.685
53.652	26.602
53.708	26.520
53.766	26.441
53.825	26.365
53.885	26.292
53.944	26.223
54.004	26.156
54.064	26.091
54.125	26.028
54.186	25.966
54.248	25.904
54.310	25.842
54.373	25.779
54.436	25.714
54.501	25.648
54.566	25.579
54.633	25.506
54.701	25.430
54.769	25.350
54.839	25.266
54.910	25.179
54.982	25.088
55.055	24.993
55.130	24.896
55.205	24.797
55.281	24.695
55.358	24.591
55.436	24.486
55.515	24.379
55.594	24.271
55.675	24.161
55.756	24.052
55.838	23.942
55.921	23.831
56.004	23.721
56.088	23.612
56.173	23.503
56.258	23.395
56.344	23.288
56.431	23.182
56.518	23.077
56.606	22.973
56.694	22.869
56.783	22.767
56.873	22.665
56.963	22.564
57.055	22.464
57.147	22.364
57.239	22.265
57.332	22.166
57.426	22.068
57.521	21.971
57.617	21.873
57.713	21.776
57.810	21.680
57.908	21.584
58.007	21.488
58.106	21.392
58.206	21.296
58.307	21.201
58.409	21.106
58.511	21.010
58.614	20.915
58.718	20.820
58.822	20.725
58.926	20.629
59.031	20.534
59.136	20.438
59.242	20.342
59.347	20.247
59.453	20.150
59.559	20.054
59.665	19.957
59.771	19.860
59.877	19.763
59.982	19.665
60.088	19.567
60.194	19.469
60.299	19.370
60.404	19.270
60.508	19.170
60.612	19.070
60.717	18.969
60.821	18.867
60.925	18.766
61.028	18.664
61.133	18.562
61.237	18.460
61.341	18.358
61.446	18.256
61.551	18.154
61.656	18.052
61.762	17.950
61.868	17.848
61.975	17.746
62.083	17.645
62.191	17.544
62.300	17.443
62.410	17.343
62.520	17.244
62.632	17.144
62.745	17.046
62.859	16.948
62.973	16.850
63.089	16.753
63.206	16.657
63.325	16.560
63.444	16.464
63.564	16.368
63.686	16.272
63.809	16.176
63.933	16.079
64.058	15.983
64.184	15.886
64.312	15.789
64.441	15.691
64.571	15.593
64.703	15.494
64.835	15.394
64.970	15.294
65.105	15.193
65.242	15.091
65.380	14.987
65.519	14.883
65.660	14.777
65.802	14.670
65.946	14.562
66.091	14.453
66.237	14.342
66.385	14.230
66.534	14.117
66.683	14.004
66.834	13.890
66.986	13.775
67.139	13.659
67.292	13.544
67.446	13.428
67.601	13.311
67.756	13.195
67.912	13.079
68.068	12.963
68.225	12.848
68.382	12.733
68.539	12.618
68.696	12.504
68.854	12.391
69.011	12.278
69.169	12.167
69.326	12.057
69.483	11.948
69.640	11.840
69.797	11.734
69.953	11.629
70.108	11.526
70.263	11.425
70.418	11.326
70.572	11.228
70.725	11.133
70.877	11.039
71.029	10.947
71.180	10.857
71.330	10.769
71.479	10.682
71.626	10.597
71.773	10.514
71.919	10.432
72.064	10.352
72.207	10.273
72.349	10.197
72.490	10.121
72.630	10.047
72.768	9.975
72.905	9.904
73.040	9.834
73.174	9.766
73.306	9.700
73.437	9.634
73.565	9.570
73.693	9.507
73.818	9.446
73.942	9.385
74.064	9.326
74.185	9.268
74.305	9.211
74.425	9.155
74.544	9.100
74.663	9.046
74.782	8.992
74.901	8.939
75.021	8.887
75.143	8.835
75.265	8.784
75.389	8.734
75.515	8.683
75.643	8.633
75.773	8.584
75.905	8.534
76.041	8.485
76.179	8.435
76.321	8.386
76.467	8.337
76.616	8.287
76.769	8.238
76.925	8.188
77.083	8.139
77.244	8.091
77.407	8.042
77.572	7.995
77.739	7.947
77.907	7.901
78.076	7.855
78.246	7.810
78.416	7.766
78.587	7.723
78.758	7.682
78.928	7.641
79.098	7.602
79.266	7.564
79.434	7.528
79.600	7.494
79.764	7.461
79.927	7.429
80.087	7.400
80.244	7.373
80.399	7.348
80.550	7.325
80.698	7.304
80.843	7.285
80.985	7.268
81.124	7.254
81.260	7.241
81.393	7.230
81.525	7.221
81.654	7.213
81.781	7.207
81.906	7.202
82.030	7.199
82.152	7.196
82.273	7.196
82.393	7.196
82.511	7.197
82.629	7.199
82.746	7.202
82.863	7.206
82.980	7.210
83.096	7.215
83.213	7.220
83.329	7.226
83.445	7.233
83.561	7.241
83.676	7.250
83.791	7.259
83.906	7.270
84.020	7.282
84.134	7.295
84.247	7.309
84.360	7.325
84.472	7.342
84.583	7.361
84.693	7.381
84.802	7.403
84.911	7.426
85.018	7.452
85.125	7.479
85.230	7.509
85.335	7.540
85.439	7.573
85.541	7.608
85.642	7.646
85.743	7.685
85.842	7.726
85.940	7.770
86.038	7.816
86.134	7.864
86.229	7.914
86.323	7.966
86.415	8.021
86.507	8.078
86.598	8.137
86.687	8.199
86.775	8.263
86.862	8.329
86.948	8.398
87.032	8.468
87.114	8.541
87.195	8.615
87.274	8.691
87.352	8.770
87.427	8.850
87.501	8.931
87.572	9.015
87.641	9.099
87.708	9.186
87.773	9.274
87.835	9.363
87.895	9.453
87.952	9.545
88.007	9.637
88.060	9.731
88.110	9.826
88.158	9.921
88.204	10.018
88.249	10.115
88.291	10.213
88.331	10.311
88.370	10.410
88.407	10.509
88.442	10.608
88.476	10.708
88.508	10.808
88.539	10.908
88.569	11.008
88.597	11.107
88.625	11.208
88.651	11.308
88.677	11.408
88.702	11.510
88.726	11.612
88.750	11.714
88.774	11.818
88.797	11.923
88.820	12.029
88.843	12.136
88.866	12.245
88.889	12.355
88.912	12.467
88.936	12.581
88.960	12.697
88.985	12.815
89.010	12.935
89.034	13.056
89.058	13.177
89.081	13.298
89.103	13.419
89.122	13.538
89.139	13.656
89.154	13.772
89.166	13.886
89.174	13.996
89.178	14.102
89.178	14.204
89.173	14.301
89.163	14.393
89.147	14.479
89.125	14.559
89.098	14.633
89.066	14.701
89.031	14.764
88.994	14.825
88.955	14.884
88.918	14.942
88.882	15.001
88.848	15.061
88.820	15.124
88.796	15.191
88.779	15.262
88.770	15.339
88.766	15.421
88.767	15.507
88.772	15.598
88.779	15.691
88.788	15.788
88.797	15.887
88.806	15.988
88.814	16.091
88.818	16.194
88.819	16.298
88.815	16.403
88.804	16.506
88.787	16.609
88.762	16.711
88.730	16.811
88.691	16.909
88.648	17.006
88.600	17.101
88.550	17.194
88.498	17.286
88.446	17.375
88.393	17.463
88.343	17.548
88.295	17.631
88.251	17.713
88.211	17.792
88.178	17.868
88.151	17.942
88.132	18.014
88.120	18.084
88.114	18.153
88.113	18.220
88.116	18.288
88.121	18.356
88.128	18.424
88.136	18.494
88.143	18.566
88.149	18.641
88.152	18.719
88.152	18.799
88.148	18.883
88.141	18.969
88.131	19.057
88.117	19.147
88.100	19.238
88.079	19.329
88.055	19.421
88.027	19.513
87.996	19.604
87.961	19.694
87.923	19.782
87.881	19.869
87.835	19.953
87.786	20.035
87.735	20.116
87.681	20.194
87.625	20.271
87.568	20.347
87.511	20.422
87.454	20.497
87.397	20.571
87.341	20.646
87.287	20.721
87.235	20.797
87.185	20.874
87.139	20.952
87.096	21.032
87.057	21.113
87.022	21.196
86.990	21.281
86.960	21.367
86.932	21.453
86.906	21.541
86.881	21.630
86.856	21.718
86.831	21.808
86.806	21.897
86.781	21.987
86.754	22.076
86.725	22.165
86.694	22.254
86.660	22.342
86.624	22.429
86.586	22.517
86.546	22.605
86.503	22.693
86.458	22.781
86.412	22.870
86.363	22.960
86.312	23.051
86.260	23.143
86.206	23.237
86.150	23.332
86.092	23.430
86.033	23.529
85.973	23.630
85.911	23.734
85.847	23.840
85.783	23.947
85.718	24.053
85.652	24.159
85.586	24.263
85.519	24.365
85.453	24.463
85.387	24.557
85.321	24.646
85.255	24.729
85.191	24.805
85.127	24.874
85.065	24.934
85.004	24.984
84.945	25.024
84.888	25.053
84.832	25.072
84.779	25.085
84.727	25.093
84.676	25.100
84.628	25.108
84.581	25.121
84.535	25.142
84.491	25.173
84.448	25.214
84.405	25.266
84.364	25.326
84.323	25.393
84.281	25.468
84.240	25.548
84.198	25.632
84.155	25.720
84.110	25.810
84.065	25.902
84.017	25.994
83.968	26.085
83.916	26.174
83.861	26.261
83.805	26.346
83.745	26.428
83.684	26.508
83.620	26.586
83.554	26.661
83.486	26.735
83.416	26.806
83.344	26.875
83.270	26.942
83.195	27.007
83.117	27.070
83.038	27.131
82.957	27.191
82.875	27.248
82.791	27.304
82.706	27.358
82.620	27.411
82.532	27.463
82.444	27.514
82.355	27.564
82.265	27.614
82.175	27.663
82.085	27.713
81.994	27.763
81.903	27.813
81.812	27.864
81.721	27.916
81.631	27.968
81.541	28.023
81.452	28.078
81.363	28.135
81.275	28.193
81.188	28.252
81.101	28.312
81.014	28.371
80.928	28.431
80.842	28.490
80.757	28.548
80.673	28.605
80.588	28.662
80.504	28.716
80.421	28.769
80.337	28.819
80.254	28.868
80.171	28.913
80.089	28.956
80.006	28.995
79.923	29.032
79.840	29.067
79.756	29.099
79.672	29.130
79.586	29.158
79.500	29.184
79.412	29.209
79.323	29.232
79.232	29.254
79.140	29.274
79.045	29.294
78.949	29.312
78.850	29.330
78.749	29.347
78.646	29.363
78.541	29.378
78.436	29.392
78.329	29.406
78.221	29.418
78.112	29.429
78.003	29.439
77.893	29.449
77.784	29.457
77.674	29.464
77.565	29.469
77.456	29.474
77.348	29.478
77.241	29.480
77.135	29.481
77.030	29.481
76.926	29.480
76.823	29.478
76.720	29.475
76.617	29.472
76.515	29.468
76.414	29.463
76.312	29.458
76.210	29.453
76.108	29.447
76.006	29.442
75.903	29.436
75.799	29.430
75.695	29.425
75.590	29.420
75.484	29.416
75.377	29.411
75.269	29.407
75.161	29.404
75.052	29.400
74.943	29.397
74.834	29.393
74.724	29.390
74.614	29.387
74.505	29.384
74.395	29.381
74.285	29.378
74.176	29.375
74.068	29.372
73.959	29.368
73.852	29.365
73.745	29.361
73.638	29.357
73.532	29.353
73.426	29.349
73.321	29.344
73.215	29.340
73.109	29.336
73.003	29.332
72.896	29.328
72.788	29.324
72.680	29.320
72.570	29.317
72.460	29.314
72.348	29.311
72.234	29.309
72.119	29.308
72.002	29.306
71.884	29.306
71.763	29.306
71.641	29.306
71.518	29.307
71.394	29.308
71.268	29.310
71.141	29.312
71.014	29.315
70.886	29.318
70.757	29.321
70.628	29.325
70.498	29.329
70.369	29.334
70.239	29.338
70.110	29.343
69.981	29.349
69.852	29.354
69.724	29.360
69.597	29.366
69.471	29.373
69.345	29.379
69.220	29.386
69.096	29.393
68.973	29.401
68.851	29.408
68.729	29.416
68.608	29.425
68.488	29.434
68.369	29.443
68.250	29.453
68.132	29.464
68.015	29.475
67.898	29.486
67.782	29.498
67.667	29.511
67.553	29.524
67.439	29.538
67.326	29.552
67.213	29.567
67.101	29.583
66.989	29.599
66.878	29.616
66.768	29.633
66.658	29.650
66.548	29.668
66.439	29.686
66.330	29.704
66.221	29.722
66.113	29.740
66.005	29.758
65.897	29.776
65.790	29.794
65.682	29.812
65.575	29.829
65.468	29.846
65.361	29.864
65.253	29.881
65.146	29.898
65.038	29.915
64.929	29.932
64.819	29.950
64.709	29.968
64.598	29.987
64.486	30.006
64.372	30.026
64.257	30.047
64.141	30.069
64.023	30.091
63.903	30.115
63.782	30.140
63.658	30.167
63.533	30.194
63.405	30.223
63.276	30.253
63.146	30.284
63.016	30.315
62.885	30.347
62.754	30.378
62.624	30.410
62.494	30.442
62.366	30.472
62.240	30.502
62.116	30.531
61.994	30.559
61.875	30.586
61.760	30.611
61.648	30.634
61.541	30.655
61.437	30.673
61.339	30.689
61.246	30.703
61.158	30.713
61.073	30.721
60.992	30.727
60.914	30.730
60.837	30.731
60.761	30.730
60.686	30.727
60.610	30.722
60.533	30.715
60.454	30.706
60.373	30.695
60.289	30.683
60.201	30.670
60.109	30.655
60.015	30.639
59.918	30.623
59.819	30.605
59.718	30.586
59.614	30.567
59.509	30.547
59.402	30.527
59.294	30.507
59.185	30.486
59.075	30.466
58.964	30.445
58.854	30.425
58.743	30.405
58.632	30.386
58.521	30.367
58.411	30.349
58.301	30.330
58.191	30.312
58.082	30.293
57.973	30.275
57.864	30.256
57.756	30.236
57.649	30.216
57.542	30.195
57.435	30.174
57.330	30.151
57.225	30.128
57.121	30.103
57.017	30.077
56.915	30.050
56.813	30.021
56.712	29.990
56.611	29.959
56.512	29.927
56.413	29.893
56.314	29.860
56.216	29.825
56.118	29.791
56.020	29.756
55.922	29.721
55.825	29.687
55.727	29.652
55.630	29.619
55.532	29.586
55.435	29.554
55.337	29.523
55.239	29.493
55.142	29.463
55.046	29.433
54.953	29.403
54.862	29.371
54.776	29.337
54.694	29.301
54.617	29.262
54.546	29.220
54.482	29.174
54.425	29.123
54.377	29.067
54.337	29.006
54.307	28.938
54.284	28.866
54.267	28.790
54.254	28.711
54.244	28.630
54.234	28.548
54.224	28.465
54.212	28.384
54.195	28.304
54.173	28.226
54.144	28.152
54.106	28.083
54.058	28.018
54.002	27.958
53.940	27.901
53.874	27.847
53.806	27.794
53.737	27.742
53.669	27.690
53.605	27.638
53.547	27.584
53.495	27.527
53.453	27.467
53.421	27.403
