X	Y
8.631	3.555
8.647	3.536
8.664	3.518
8.683	3.500
8.703	3.483
8.724	3.466
8.747	3.450
8.771	3.435
8.796	3.420
8.822	3.406
8.849	3.392
8.877	3.378
8.906	3.365
8.936	3.352
8.967	3.339
8.999	3.327
9.031	3.315
9.064	3.303
9.098	3.292
9.133	3.280
9.168	3.269
9.204	3.258
9.240	3.247
9.277	3.236
9.314	3.225
9.351	3.214
9.389	3.204
9.427	3.193
9.465	3.182
9.504	3.170
9.542	3.159
9.581	3.148
9.619	3.136
9.658	3.124
9.696	3.112
9.735	3.100
9.773	3.087
9.811	3.074
9.848	3.061
9.886	3.048
9.923	3.034
9.960	3.019
9.997	3.005
10.033	2.990
10.070	2.975
10.106	2.959
10.141	2.944
10.177	2.928
10.212	2.912
10.247	2.896
10.282	2.879
10.317	2.862
10.351	2.846
10.385	2.829
10.419	2.811
10.453	2.794
10.486	2.777
10.520	2.759
10.553	2.741
10.586	2.724
10.618	2.706
10.651	2.688
10.683	2.670
10.715	2.652
10.746	2.634
10.778	2.616
10.809	2.598
10.840	2.580
10.871	2.561
10.902	2.543
10.933	2.525
10.963	2.507
10.993	2.489
11.023	2.472
11.053	2.454
11.082	2.436
11.112	2.419
11.141	2.401
11.170	2.384
11.198	2.367
11.227	2.350
11.256	2.333
11.284	2.316
11.312	2.299
11.340	2.283
11.368	2.266
11.396	2.250
11.423	2.233
11.451	2.217
11.479	2.201
11.506	2.185
11.533	2.169
11.561	2.153
11.588	2.137
11.615	2.121
11.642	2.105
11.669	2.090
11.697	2.074
11.724	2.059
11.751	2.043
11.778	2.027
11.805	2.012
11.832	1.997
11.859	1.981
11.887	1.966
11.914	1.950
11.941	1.935
11.969	1.920
11.996	1.905
12.024	1.889
12.052	1.874
12.080	1.859
12.108	1.843
12.136	1.828
12.164	1.813
12.192	1.798
12.220	1.782
12.249	1.767
12.277	1.752
12.306	1.737
12.335	1.721
12.363	1.706
12.392	1.691
12.421	1.676
12.450	1.661
12.479	1.646
12.508	1.632
12.537	1.617
12.566	1.602
12.596	1.587
12.625	1.573
12.654	1.558
12.683	1.544
12.713	1.530
12.742	1.515
12.771	1.501
12.800	1.487
12.830	1.473
12.859	1.460
12.888	1.446
12.917	1.432
12.947	1.419
12.976	1.406
13.005	1.393
13.034	1.380
13.063	1.367
13.092	1.354
13.121	1.341
13.150	1.329
13.179	1.317
13.208	1.305
13.237	1.293
13.266	1.281
13.295	1.270
13.323	1.258
13.352	1.247
13.381	1.236
13.411	1.226
13.440	1.215
13.469	1.205
13.498	1.195
13.527	1.185
13.557	1.176
13.586	1.166
13.616	1.157
13.646	1.148
13.676	1.140
13.706	1.132
13.736	1.124
13.766	1.116
13.797	1.108
13.827	1.101
13.858	1.094
13.889	1.088
13.920	1.082
13.952	1.076
13.984	1.070
14.016	1.065
14.048	1.060
14.080	1.055
14.113	1.051
14.145	1.047
14.178	1.043
14.210	1.040
14.243	1.037
14.274	1.034
14.305	1.032
14.336	1.030
14.365	1.029
14.394	1.028
14.421	1.027
14.448	1.027
14.472	1.027
14.496	1.028
14.517	1.029
14.537	1.030
14.555	1.032
14.571	1.034
14.585	1.037
14.596	1.040
14.605	1.043
14.612	1.047
14.616	1.052
14.616	1.057
14.614	1.062
14.610	1.068
14.602	1.074
14.592	1.081
14.580	1.088
14.566	1.095
14.550	1.103
14.532	1.110
14.512	1.118
14.491	1.127
14.468	1.135
14.445	1.144
14.420	1.152
14.395	1.161
14.369	1.170
14.342	1.179
14.315	1.188
14.288	1.197
14.261	1.206
14.234	1.214
14.207	1.223
14.181	1.232
14.156	1.240
14.131	1.248
14.107	1.256
14.083	1.264
14.061	1.272
14.038	1.280
14.017	1.287
13.996	1.295
13.975	1.302
13.955	1.309
13.935	1.316
13.916	1.323
13.897	1.330
13.878	1.336
13.859	1.343
13.841	1.350
13.823	1.356
13.805	1.363
13.787	1.369
13.769	1.375
13.751	1.382
13.733	1.388
13.716	1.394
13.698	1.401
13.679	1.407
13.661	1.413
13.643	1.419
13.624	1.426
13.606	1.432
13.587	1.439
13.568	1.445
13.549	1.452
13.530	1.458
13.510	1.465
13.491	1.472
13.471	1.479
13.451	1.486
13.431	1.493
13.411	1.500
13.390	1.508
13.369	1.516
13.348	1.524
13.327	1.532
13.305	1.540
13.284	1.549
13.262	1.557
13.239	1.566
13.217	1.575
13.194	1.585
13.171	1.594
13.148	1.604
13.125	1.614
13.101	1.625
13.078	1.635
13.054	1.646
13.030	1.656
13.006	1.667
12.982	1.678
12.957	1.690
12.933	1.701
12.908	1.712
12.884	1.724
12.859	1.736
12.835	1.748
12.810	1.760
12.785	1.772
12.760	1.784
12.736	1.796
12.711	1.809
12.686	1.821
12.662	1.834
12.637	1.846
12.613	1.859
12.588	1.871
12.564	1.884
12.540	1.897
12.516	1.910
12.492	1.922
12.468	1.935
12.444	1.948
12.421	1.961
12.397	1.973
12.373	1.986
12.350	1.999
12.327	2.012
12.303	2.025
12.280	2.037
12.257	2.050
12.234	2.063
12.211	2.075
12.188	2.088
12.166	2.101
12.143	2.113
12.120	2.126
12.098	2.138
12.075	2.150
12.053	2.163
12.031	2.175
12.008	2.187
11.986	2.199
11.964	2.211
11.942	2.223
11.920	2.235
11.898	2.246
11.877	2.258
11.855	2.269
11.834	2.281
11.813	2.292
11.793	2.303
11.773	2.314
11.754	2.324
11.736	2.335
11.718	2.346
11.701	2.356
11.685	2.366
11.670	2.376
11.656	2.386
11.643	2.396
11.631	2.405
11.620	2.415
11.611	2.424
11.602	2.433
11.596	2.442
11.590	2.450
11.587	2.458
11.585	2.466
11.585	2.473
11.586	2.479
11.590	2.484
11.596	2.487
11.603	2.489
11.613	2.490
11.625	2.490
11.638	2.488
11.654	2.485
11.671	2.481
11.690	2.476
11.710	2.470
11.732	2.462
11.755	2.454
11.779	2.446
11.805	2.436
11.832	2.426
11.859	2.415
11.888	2.404
11.918	2.392
11.948	2.379
11.979	2.366
12.011	2.353
12.043	2.340
12.076	2.327
12.109	2.313
12.142	2.299
12.176	2.286
12.210	2.272
12.243	2.258
12.277	2.245
12.310	2.232
12.344	2.219
12.377	2.207
12.409	2.195
12.441	2.184
12.473	2.172
12.505	2.162
12.537	2.151
12.568	2.141
12.599	2.131
12.630	2.121
12.660	2.112
12.691	2.103
12.721	2.094
12.751	2.085
12.781	2.076
12.811	2.068
12.841	2.060
12.870	2.051
12.900	2.043
12.930	2.035
12.959	2.027
12.989	2.019
13.018	2.011
13.048	2.003
13.077	1.995
13.107	1.987
13.137	1.979
13.167	1.971
13.197	1.963
13.227	1.955
13.257	1.946
13.287	1.938
13.318	1.929
13.349	1.920
13.380	1.911
13.411	1.902
13.442	1.892
13.474	1.882
13.505	1.872
13.537	1.862
13.569	1.852
13.602	1.842
13.634	1.831
13.666	1.820
13.698	1.810
13.731	1.799
13.763	1.788
13.795	1.777
13.828	1.766
13.860	1.755
13.892	1.744
13.924	1.733
13.956	1.722
13.988	1.711
14.019	1.700
14.051	1.690
14.082	1.679
14.113	1.668
14.144	1.658
14.174	1.648
14.204	1.638
14.234	1.628
14.263	1.618
14.292	1.608
14.321	1.599
14.349	1.590
14.377	1.581
14.404	1.572
14.431	1.564
14.458	1.556
14.483	1.548
14.509	1.541
14.534	1.534
14.558	1.527
14.582	1.521
14.605	1.515
14.628	1.509
14.651	1.504
14.673	1.499
14.694	1.495
14.715	1.491
14.736	1.488
14.756	1.485
14.776	1.483
14.796	1.481
14.815	1.480
14.834	1.480
14.852	1.480
14.871	1.480
14.888	1.481
14.906	1.483
14.923	1.486
14.940	1.489
14.956	1.493
14.972	1.497
14.987	1.502
15.002	1.507
15.016	1.513
15.029	1.520
15.041	1.527
15.051	1.534
15.061	1.542
15.068	1.550
15.075	1.558
15.079	1.567
15.082	1.576
15.082	1.585
15.081	1.594
15.078	1.603
15.073	1.613
15.067	1.622
15.058	1.631
15.048	1.641
15.037	1.650
15.024	1.659
15.010	1.668
14.994	1.677
14.977	1.685
14.959	1.693
14.940	1.701
14.919	1.709
14.898	1.716
14.876	1.722
14.853	1.729
14.829	1.734
14.804	1.740
14.779	1.745
14.753	1.750
14.727	1.755
14.700	1.759
14.673	1.764
14.645	1.768
14.618	1.772
14.590	1.776
14.562	1.780
14.534	1.784
14.506	1.788
14.478	1.793
14.450	1.797
14.422	1.801
14.395	1.806
14.368	1.811
14.342	1.816
14.316	1.821
14.291	1.827
14.266	1.833
14.242	1.840
14.218	1.847
14.196	1.854
14.174	1.862
14.154	1.871
14.134	1.880
14.115	1.889
14.097	1.899
14.080	1.909
14.063	1.919
14.046	1.930
14.030	1.941
14.014	1.952
13.998	1.964
13.983	1.975
13.967	1.986
13.951	1.998
13.935	2.009
13.919	2.020
13.903	2.031
13.886	2.042
13.869	2.053
13.851	2.063
13.832	2.074
13.813	2.083
13.792	2.093
13.771	2.101
13.749	2.110
13.726	2.118
13.702	2.126
13.678	2.133
13.653	2.140
13.627	2.147
13.600	2.153
13.573	2.159
13.546	2.165
13.518	2.171
13.489	2.177
13.460	2.182
13.430	2.188
13.401	2.193
13.370	2.198
13.340	2.203
13.309	2.208
13.279	2.214
13.247	2.219
13.216	2.224
13.185	2.229
13.154	2.235
13.123	2.240
13.092	2.246
13.060	2.252
13.029	2.258
12.999	2.264
12.968	2.270
12.938	2.277
12.907	2.284
12.878	2.291
12.848	2.299
12.819	2.307
12.790	2.315
12.761	2.324
12.733	2.332
12.704	2.341
12.676	2.351
12.649	2.360
12.621	2.369
12.593	2.379
12.566	2.389
12.539	2.399
12.512	2.409
12.484	2.419
12.458	2.430
12.431	2.440
12.404	2.451
12.377	2.461
12.350	2.472
12.323	2.483
12.297	2.493
12.270	2.504
12.243	2.515
12.216	2.526
12.189	2.536
12.162	2.547
12.135	2.557
12.108	2.568
12.080	2.578
12.053	2.588
12.025	2.598
11.997	2.608
11.969	2.618
11.941	2.628
11.913	2.638
11.885	2.647
11.857	2.657
11.828	2.666
11.800	2.675
11.772	2.685
11.744	2.694
11.716	2.702
11.688	2.711
11.660	2.720
11.632	2.729
11.604	2.737
11.576	2.746
11.549	2.754
11.522	2.762
11.495	2.770
11.468	2.778
11.442	2.786
11.415	2.794
11.390	2.802
11.364	2.810
11.339	2.818
11.314	2.825
11.289	2.833
11.265	2.840
11.241	2.848
11.218	2.855
11.195	2.862
11.173	2.870
11.151	2.877
11.129	2.884
11.107	2.891
11.086	2.898
11.065	2.905
11.044	2.912
11.023	2.919
11.003	2.927
10.982	2.934
10.961	2.941
10.941	2.948
10.920	2.956
10.899	2.963
10.879	2.971
10.858	2.978
10.836	2.986
10.815	2.994
10.793	3.002
10.771	3.010
10.749	3.018
10.726	3.026
10.703	3.035
10.679	3.043
10.656	3.052
10.631	3.061
10.607	3.070
10.582	3.080
10.557	3.089
10.532	3.098
10.507	3.108
10.482	3.118
10.457	3.127
10.432	3.137
10.407	3.147
10.382	3.156
10.358	3.166
10.334	3.176
10.310	3.186
10.287	3.195
10.264	3.205
10.241	3.215
10.219	3.224
10.198	3.234
10.177	3.243
10.157	3.252
10.138	3.261
10.119	3.270
10.102	3.279
10.085	3.288
10.069	3.297
10.055	3.305
10.041	3.313
10.029	3.321
10.019	3.329
10.010	3.337
10.003	3.344
9.997	3.351
9.994	3.358
9.992	3.364
9.993	3.371
9.996	3.376
10.002	3.382
10.009	3.387
10.019	3.392
10.030	3.397
10.044	3.401
10.059	3.405
10.075	3.408
10.093	3.411
10.113	3.414
10.133	3.416
10.155	3.418
10.177	3.420
10.201	3.421
10.225	3.421
10.250	3.422
10.275	3.422
10.301	3.421
10.327	3.420
10.353	3.419
10.379	3.417
10.405	3.415
10.431	3.412
10.457	3.409
10.483	3.406
10.509	3.402
10.535	3.398
10.561	3.393
10.587	3.388
10.613	3.383
10.639	3.378
10.665	3.372
10.691	3.366
10.718	3.360
10.744	3.354
10.770	3.347
10.796	3.340
10.823	3.333
10.849	3.326
10.876	3.319
10.902	3.311
10.929	3.304
10.955	3.296
10.982	3.288
11.009	3.280
11.036	3.273
11.063	3.265
11.090	3.257
11.117	3.249
11.144	3.241
11.171	3.233
11.199	3.225
11.226	3.217
11.253	3.209
11.281	3.201
11.308	3.193
11.335	3.185
11.363	3.177
11.390	3.169
11.417	3.161
11.444	3.153
11.471	3.145
11.498	3.137
11.525	3.130
11.551	3.122
11.578	3.114
11.604	3.106
11.630	3.098
11.656	3.091
11.681	3.083
11.707	3.075
11.732	3.068
11.756	3.060
11.781	3.052
11.805	3.045
11.829	3.037
11.852	3.030
11.875	3.022
11.898	3.015
11.920	3.008
11.942	3.000
11.963	2.993
11.985	2.986
12.006	2.978
12.027	2.971
12.047	2.964
12.068	2.956
12.088	2.949
12.109	2.942
12.129	2.934
12.149	2.927
12.170	2.919
12.190	2.912
12.210	2.904
12.230	2.896
12.251	2.888
12.272	2.881
12.293	2.873
12.314	2.864
12.335	2.856
12.356	2.848
12.378	2.840
12.401	2.831
12.423	2.822
12.446	2.814
12.469	2.805
12.492	2.796
12.516	2.787
12.540	2.778
12.564	2.769
12.589	2.759
12.614	2.750
12.639	2.741
12.664	2.732
12.690	2.722
12.716	2.713
12.742	2.704
12.768	2.694
12.794	2.685
12.821	2.676
12.848	2.667
12.874	2.657
12.902	2.648
12.929	2.639
12.956	2.631
12.984	2.622
13.012	2.613
13.040	2.604
13.068	2.596
13.096	2.588
13.124	2.579
13.152	2.571
13.181	2.563
13.209	2.556
13.238	2.548
13.266	2.541
13.295	2.533
13.324	2.526
13.353	2.519
13.381	2.512
13.410	2.505
13.439	2.498
13.468	2.491
13.497	2.485
13.525	2.478
13.554	2.472
13.583	2.465
13.611	2.459
13.640	2.453
13.668	2.447
13.696	2.440
13.725	2.434
13.753	2.428
13.781	2.422
13.809	2.416
13.836	2.410
13.864	2.404
13.891	2.398
13.919	2.392
13.946	2.386
13.973	2.380
13.999	2.375
14.026	2.369
14.052	2.363
14.078	2.357
14.104	2.351
14.129	2.345
14.155	2.339
14.180	2.332
14.205	2.326
14.229	2.320
14.254	2.314
14.278	2.308
14.302	2.302
14.325	2.296
14.349	2.290
14.372	2.283
14.394	2.277
14.417	2.271
14.439	2.265
14.461	2.259
14.483	2.252
14.504	2.246
14.525	2.240
14.546	2.233
14.566	2.227
14.586	2.221
14.606	2.214
14.626	2.208
14.645	2.202
14.664	2.195
14.682	2.189
14.701	2.184
14.719	2.178
14.736	2.173
14.754	2.169
14.771	2.165
14.788	2.162
14.805	2.159
14.821	2.157
14.837	2.156
14.854	2.156
14.869	2.157
14.885	2.159
14.901	2.162
14.916	2.167
14.931	2.172
14.946	2.179
14.960	2.187
14.974	2.196
14.987	2.206
14.999	2.216
15.010	2.227
15.020	2.238
15.027	2.249
15.034	2.260
15.038	2.272
15.040	2.283
15.040	2.293
15.038	2.303
15.033	2.312
15.025	2.321
15.015	2.329
15.003	2.336
14.988	2.343
14.972	2.349
14.954	2.355
14.934	2.360
14.913	2.365
14.890	2.369
14.866	2.373
14.841	2.377
14.815	2.381
14.789	2.384
14.762	2.388
14.735	2.391
14.707	2.394
14.679	2.397
14.651	2.400
14.624	2.404
14.596	2.407
14.569	2.411
14.543	2.414
14.518	2.418
14.494	2.423
14.470	2.427
14.448	2.432
14.426	2.437
14.405	2.442
14.384	2.448
14.364	2.454
14.345	2.459
14.326	2.465
14.307	2.471
14.289	2.478
14.271	2.484
14.254	2.490
14.236	2.496
14.218	2.503
14.201	2.509
14.183	2.515
14.165	2.521
14.147	2.528
14.128	2.534
14.109	2.539
14.090	2.545
14.070	2.551
14.050	2.556
14.030	2.561
14.009	2.567
13.987	2.572
13.966	2.577
13.943	2.581
13.921	2.586
13.898	2.591
13.876	2.596
13.852	2.600
13.829	2.605
13.806	2.610
13.782	2.614
13.758	2.619
13.734	2.624
13.711	2.629
13.687	2.634
13.663	2.639
13.639	2.644
13.615	2.649
13.591	2.654
13.567	2.659
13.543	2.665
13.520	2.670
13.496	2.676
13.473	2.682
13.450	2.688
13.427	2.695
13.404	2.701
13.382	2.707
13.359	2.714
13.337	2.721
13.314	2.727
13.292	2.734
13.270	2.741
13.248	2.748
13.227	2.754
13.205	2.761
13.184	2.768
13.162	2.775
13.141	2.782
13.120	2.788
13.099	2.795
13.078	2.802
13.057	2.808
13.036	2.815
13.016	2.821
12.995	2.827
12.975	2.833
12.954	2.839
12.934	2.845
12.914	2.851
12.894	2.856
12.874	2.862
12.854	2.867
12.835	2.873
12.815	2.878
12.796	2.883
12.777	2.889
12.758	2.894
12.739	2.899
12.721	2.904
12.703	2.909
12.685	2.914
12.667	2.920
12.649	2.925
12.632	2.930
12.614	2.935
12.597	2.941
12.581	2.946
12.564	2.952
12.548	2.957
12.532	2.963
12.517	2.968
12.502	2.974
12.487	2.980
12.473	2.986
12.458	2.992
12.445	2.999
12.432	3.005
12.419	3.012
12.407	3.019
12.395	3.026
12.383	3.033
12.373	3.040
12.362	3.048
12.353	3.056
12.343	3.063
12.334	3.071
12.325	3.079
12.316	3.086
12.307	3.093
12.297	3.100
12.288	3.106
12.277	3.111
12.267	3.116
12.256	3.120
12.243	3.123
12.231	3.125
12.217	3.126
12.202	3.127
12.187	3.126
12.171	3.125
12.155	3.124
12.138	3.122
12.120	3.120
12.103	3.118
12.085	3.116
12.067	3.114
12.048	3.112
12.030	3.110
12.012	3.109
11.993	3.109
11.975	3.109
11.957	3.110
11.939	3.111
11.921	3.114
11.904	3.118
11.887	3.122
11.871	3.128
11.854	3.134
11.838	3.140
11.821	3.147
11.805	3.155
11.789	3.163
11.773	3.171
11.756	3.180
11.740	3.188
11.724	3.197
11.707	3.205
11.690	3.213
11.673	3.222
11.655	3.229
11.638	3.237
11.619	3.244
11.601	3.250
11.582	3.256
11.563	3.261
11.544	3.266
11.525	3.270
11.507	3.274
11.489	3.277
11.473	3.280
11.458	3.283
11.444	3.285
11.432	3.287
11.421	3.289
11.413	3.290
11.407	3.292
11.403	3.293
11.403	3.294
11.405	3.295
11.409	3.296
11.417	3.297
11.426	3.298
11.438	3.299
11.452	3.299
11.468	3.300
11.486	3.300
11.506	3.300
11.527	3.301
11.550	3.301
11.574	3.301
11.599	3.300
11.625	3.300
11.652	3.299
11.680	3.299
11.708	3.298
11.737	3.297
11.766	3.296
11.795	3.294
11.825	3.293
11.854	3.291
11.883	3.289
11.913	3.287
11.942	3.285
11.971	3.282
12.000	3.280
12.029	3.277
12.057	3.274
12.086	3.271
12.114	3.268
12.142	3.265
12.170	3.261
12.198	3.258
12.226	3.254
12.253	3.250
12.280	3.246
12.307	3.242
12.333	3.238
12.360	3.234
12.386	3.230
12.411	3.226
12.437	3.221
12.462	3.217
12.486	3.212
12.511	3.208
12.535	3.203
12.558	3.199
12.581	3.194
12.604	3.189
12.626	3.185
12.648	3.180
12.670	3.175
12.691	3.171
12.712	3.166
12.733	3.161
12.754	3.156
12.774	3.152
12.795	3.147
12.815	3.142
12.836	3.137
12.856	3.132
12.877	3.127
12.898	3.123
12.919	3.118
12.940	3.113
12.962	3.108
12.984	3.103
13.006	3.098
13.029	3.093
13.052	3.089
13.075	3.084
13.100	3.079
13.124	3.074
13.150	3.069
13.176	3.065
13.202	3.060
13.229	3.055
13.256	3.051
13.284	3.046
13.312	3.041
13.340	3.037
13.369	3.032
13.398	3.028
13.427	3.024
13.456	3.019
13.485	3.015
13.515	3.011
13.544	3.007
13.574	3.003
13.603	3.000
13.633	2.996
13.662	2.993
13.691	2.989
13.720	2.986
13.749	2.983
13.778	2.980
13.806	2.977
13.834	2.974
13.862	2.972
13.890	2.969
13.917	2.967
13.943	2.965
13.969	2.963
13.994	2.962
14.020	2.960
14.044	2.959
14.068	2.958
14.092	2.957
14.115	2.956
14.139	2.955
14.161	2.954
14.184	2.954
14.206	2.953
14.228	2.952
14.250	2.952
14.272	2.951
14.294	2.951
14.315	2.950
14.337	2.949
14.358	2.949
14.379	2.948
14.401	2.947
14.422	2.946
14.444	2.945
14.465	2.944
14.487	2.943
14.509	2.941
14.531	2.939
14.554	2.938
14.576	2.936
14.598	2.934
14.620	2.932
14.642	2.931
14.664	2.929
14.686	2.928
14.708	2.926
14.729	2.925
14.750	2.925
14.770	2.924
14.790	2.924
14.809	2.924
14.828	2.925
14.846	2.927
14.863	2.928
14.880	2.931
14.896	2.934
14.910	2.937
14.924	2.942
14.937	2.947
14.949	2.953
14.960	2.959
14.970	2.966
14.978	2.973
14.986	2.981
14.992	2.989
14.997	2.997
15.000	3.005
15.002	3.014
15.003	3.022
15.002	3.030
15.000	3.038
14.996	3.046
14.991	3.054
14.985	3.061
14.978	3.068
14.970	3.074
14.962	3.080
14.952	3.086
14.942	3.091
14.931	3.096
14.919	3.099
14.907	3.103
14.894	3.106
14.881	3.109
14.867	3.111
14.852	3.113
14.837	3.115
14.821	3.116
14.805	3.117
14.788	3.119
14.771	3.120
14.753	3.120
14.735	3.121
14.716	3.122
14.697	3.123
14.677	3.124
14.657	3.125
14.636	3.126
14.615	3.128
14.593	3.129
14.571	3.130
14.549	3.132
14.527	3.133
14.504	3.135
14.480	3.137
14.457	3.138
14.432	3.140
14.408	3.142
14.383	3.144
14.359	3.146
14.333	3.148
14.308	3.150
14.282	3.152
14.256	3.154
14.230	3.156
14.204	3.158
14.177	3.160
14.150	3.162
14.123	3.164
14.096	3.167
14.069	3.169
14.041	3.171
14.014	3.173
13.986	3.176
13.958	3.178
13.931	3.180
13.903	3.182
13.876	3.185
13.849	3.187
13.822	3.190
13.795	3.192
13.768	3.195
13.742	3.197
13.717	3.200
13.691	3.202
13.666	3.205
13.642	3.207
13.618	3.210
13.595	3.213
13.573	3.216
13.551	3.218
13.529	3.221
13.509	3.224
13.490	3.227
13.471	3.230
13.453	3.233
13.436	3.237
13.420	3.240
13.405	3.243
13.391	3.246
13.377	3.250
13.364	3.253
13.351	3.256
13.339	3.260
13.326	3.263
13.314	3.266
13.301	3.269
13.288	3.272
13.275	3.275
13.261	3.277
13.246	3.280
13.231	3.282
13.215	3.284
13.198	3.286
13.180	3.288
13.162	3.290
13.142	3.291
13.123	3.293
13.102	3.294
13.081	3.296
13.060	3.297
13.039	3.299
13.017	3.300
12.995	3.302
12.972	3.303
12.950	3.305
12.927	3.307
12.905	3.309
12.882	3.311
12.860	3.314
12.838	3.316
12.816	3.319
12.794	3.323
12.773	3.326
12.752	3.330
12.732	3.334
12.712	3.339
12.692	3.344
12.673	3.349
12.654	3.354
12.636	3.359
12.618	3.365
12.600	3.371
12.582	3.377
12.565	3.383
12.548	3.389
12.531	3.395
12.514	3.402
12.498	3.408
12.481	3.415
12.465	3.421
12.449	3.427
12.433	3.433
12.417	3.440
12.402	3.446
12.386	3.452
12.370	3.457
12.355	3.463
12.339	3.468
12.324	3.474
12.308	3.478
12.293	3.483
12.277	3.487
12.262	3.492
12.247	3.495
12.232	3.499
12.216	3.502
12.201	3.504
12.186	3.506
12.171	3.508
12.156	3.509
12.141	3.510
12.125	3.510
12.110	3.510
12.095	3.509
12.080	3.508
12.064	3.507
12.049	3.505
12.033	3.503
12.017	3.501
12.001	3.498
11.985	3.496
11.969	3.493
11.952	3.490
11.935	3.487
11.917	3.484
11.900	3.481
11.881	3.478
11.863	3.474
11.844	3.471
11.825	3.468
11.805	3.466
11.786	3.463
11.766	3.461
11.746	3.458
11.726	3.456
11.706	3.454
11.686	3.453
11.666	3.452
11.647	3.451
11.627	3.451
11.608	3.451
11.590	3.451
11.572	3.452
11.554	3.454
11.537	3.456
11.520	3.458
11.505	3.461
11.490	3.465
11.475	3.469
11.462	3.474
11.449	3.479
11.436	3.485
11.424	3.491
11.412	3.497
11.401	3.504
11.390	3.510
11.379	3.516
11.368	3.522
11.356	3.528
11.345	3.534
11.334	3.539
11.322	3.544
11.310	3.548
11.297	3.552
11.285	3.555
11.271	3.558
11.258	3.560
11.244	3.563
11.229	3.565
11.214	3.566
11.199	3.568
11.183	3.569
11.167	3.570
11.151	3.572
11.134	3.573
11.116	3.574
11.098	3.575
11.079	3.577
11.061	3.579
11.041	3.580
11.022	3.582
11.003	3.584
10.984	3.587
10.966	3.589
10.948	3.591
10.932	3.594
10.917	3.596
10.904	3.599
10.892	3.601
10.883	3.604
10.875	3.606
10.871	3.609
10.869	3.611
10.870	3.613
10.874	3.615
10.881	3.617
10.890	3.619
10.902	3.621
10.916	3.623
10.933	3.625
10.951	3.626
10.972	3.628
10.994	3.629
11.018	3.631
11.043	3.632
11.069	3.634
11.097	3.635
11.126	3.636
11.156	3.637
11.186	3.638
11.217	3.639
11.248	3.640
11.280	3.641
11.311	3.642
11.343	3.643
11.374	3.644
11.406	3.645
11.436	3.646
11.467	3.647
11.496	3.648
11.525	3.648
11.554	3.649
11.582	3.650
11.610	3.651
11.637	3.651
11.663	3.652
11.690	3.653
11.716	3.653
11.741	3.654
11.767	3.654
11.791	3.655
11.816	3.655
11.840	3.656
11.864	3.656
11.888	3.657
11.911	3.657
11.935	3.657
11.958	3.657
11.981	3.657
12.003	3.657
12.026	3.657
12.048	3.657
12.071	3.657
12.093	3.657
12.115	3.657
12.137	3.657
12.159	3.656
12.181	3.656
12.203	3.655
12.225	3.655
12.247	3.654
12.268	3.654
12.290	3.653
12.312	3.653
12.334	3.652
12.356	3.651
12.378	3.651
12.400	3.650
12.422	3.650
12.444	3.649
12.466	3.649
12.488	3.648
12.510	3.647
12.533	3.647
12.555	3.647
12.578	3.646
12.600	3.646
12.623	3.646
12.646	3.645
12.669	3.645
12.692	3.645
12.716	3.645
12.739	3.645
12.763	3.645
12.786	3.645
12.810	3.646
12.834	3.646
12.859	3.646
12.883	3.646
12.907	3.646
12.932	3.646
12.957	3.647
12.982	3.647
13.007	3.647
13.033	3.647
13.059	3.647
13.084	3.647
13.110	3.647
13.137	3.647
13.163	3.647
13.190	3.647
13.217	3.647
13.244	3.646
13.271	3.646
13.299	3.646
13.326	3.645
13.354	3.644
13.382	3.644
13.411	3.643
13.439	3.642
13.468	3.641
13.497	3.640
13.526	3.639
13.555	3.638
13.584	3.636
13.613	3.635
13.642	3.633
13.671	3.632
13.700	3.630
13.730	3.628
13.759	3.627
13.788	3.625
13.817	3.623
13.846	3.620
13.875	3.618
13.904	3.616
13.933	3.613
13.961	3.611
13.990	3.608
14.018	3.606
14.046	3.603
14.074	3.600
14.102	3.597
14.129	3.594
14.157	3.591
14.184	3.588
14.210	3.584
14.237	3.581
14.263	3.578
14.289	3.574
14.314	3.571
14.340	3.568
14.365	3.565
14.390	3.563
14.414	3.560
14.438	3.559
14.462	3.557
14.486	3.556
14.510	3.555
14.533	3.555
14.556	3.556
14.578	3.557
14.600	3.559
14.622	3.561
14.644	3.564
14.666	3.568
14.687	3.573
14.708	3.579
14.729	3.586
14.749	3.594
14.769	3.602
14.789	3.612
14.808	3.623
14.827	3.635
14.845	3.647
14.863	3.660
14.879	3.673
14.895	3.687
14.909	3.701
14.923	3.715
14.935	3.729
14.945	3.743
14.954	3.757
14.961	3.770
14.967	3.784
14.970	3.796
14.971	3.808
14.971	3.819
14.968	3.829
14.963	3.838
14.955	3.846
14.946	3.854
14.934	3.860
14.921	3.866
14.906	3.871
14.889	3.875
14.871	3.879
14.852	3.882
14.832	3.884
14.810	3.886
14.788	3.887
14.764	3.888
14.740	3.888
14.716	3.888
14.691	3.888
14.665	3.887
14.640	3.887
14.614	3.886
14.589	3.884
14.563	3.883
14.538	3.882
14.514	3.880
14.489	3.879
14.465	3.877
14.440	3.876
14.416	3.874
14.392	3.873
14.369	3.871
14.345	3.869
14.322	3.868
14.299	3.866
14.276	3.865
14.253	3.863
14.231	3.861
14.208	3.860
14.186	3.858
14.164	3.857
14.142	3.856
14.120	3.855
14.098	3.853
14.077	3.852
14.055	3.851
14.034	3.851
14.013	3.850
13.992	3.849
13.970	3.849
13.949	3.849
13.929	3.849
13.908	3.849
13.887	3.849
13.866	3.849
13.845	3.849
13.824	3.849
13.803	3.849
13.782	3.849
13.761	3.850
13.739	3.850
13.718	3.850
13.696	3.850
13.674	3.851
13.652	3.851
13.630	3.851
13.608	3.851
13.585	3.851
13.562	3.851
13.539	3.850
13.515	3.850
13.491	3.850
13.467	3.849
13.443	3.848
13.418	3.848
13.393	3.847
13.368	3.846
13.342	3.845
13.316	3.844
13.291	3.843
13.264	3.842
13.238	3.840
13.212	3.839
13.185	3.838
13.158	3.837
13.132	3.836
13.105	3.835
13.078	3.834
13.051	3.833
13.023	3.832
12.996	3.831
12.969	3.830
12.942	3.829
12.915	3.829
12.888	3.828
12.861	3.828
12.834	3.827
12.807	3.827
12.780	3.827
12.753	3.827
12.726	3.828
12.700	3.828
12.674	3.829
12.647	3.829
12.621	3.830
12.595	3.831
12.569	3.832
12.544	3.833
12.518	3.834
12.493	3.835
12.468	3.836
12.443	3.836
12.418	3.837
12.394	3.838
12.369	3.839
12.345	3.840
12.321	3.840
12.298	3.841
12.274	3.841
12.251	3.841
12.228	3.841
12.205	3.841
12.183	3.840
12.160	3.840
12.139	3.839
12.117	3.838
12.095	3.837
12.074	3.835
12.053	3.834
12.033	3.832
12.012	3.830
11.991	3.828
11.971	3.826
11.951	3.824
11.931	3.822
11.911	3.819
11.890	3.817
11.870	3.815
11.850	3.813
11.830	3.812
11.810	3.810
11.789	3.808
11.769	3.807
11.748	3.806
11.728	3.805
11.707	3.805
11.686	3.805
11.664	3.805
11.642	3.805
11.621	3.806
11.598	3.807
11.576	3.808
11.554	3.810
11.531	3.812
11.509	3.814
11.486	3.816
11.463	3.818
11.440	3.820
11.418	3.823
11.395	3.825
11.372	3.828
11.349	3.830
11.326	3.833
11.304	3.835
11.281	3.838
11.259	3.840
11.237	3.842
11.215	3.844
11.193	3.846
11.171	3.848
11.150	3.849
11.129	3.851
11.108	3.852
11.088	3.853
11.067	3.853
11.047	3.853
11.027	3.854
11.008	3.853
10.988	3.853
10.968	3.853
10.949	3.852
10.929	3.851
10.910	3.849
10.891	3.848
10.871	3.846
10.852	3.845
10.832	3.842
10.813	3.840
10.793	3.838
10.774	3.835
10.754	3.832
10.734	3.829
10.714	3.826
10.693	3.823
10.673	3.819
10.653	3.816
10.633	3.813
10.614	3.810
10.596	3.807
10.578	3.804
10.562	3.802
10.547	3.800
10.533	3.799
10.522	3.798
10.512	3.798
10.504	3.799
10.498	3.801
10.494	3.804
10.493	3.807
10.495	3.812
10.499	3.818
10.505	3.824
10.513	3.831
10.523	3.839
10.535	3.847
10.549	3.855
10.564	3.864
10.581	3.874
10.599	3.883
10.617	3.892
10.637	3.902
10.658	3.911
10.679	3.920
10.701	3.929
10.724	3.938
10.746	3.946
10.769	3.953
10.792	3.961
10.816	3.967
10.839	3.974
10.863	3.980
10.887	3.985
10.911	3.990
10.936	3.995
10.960	3.999
10.985	4.003
11.010	4.007
11.036	4.010
11.061	4.013
11.087	4.016
11.113	4.019
11.139	4.021
11.165	4.023
11.192	4.025
11.218	4.026
11.245	4.027
11.272	4.028
11.299	4.029
11.327	4.030
11.354	4.031
11.382	4.031
11.410	4.032
11.438	4.032
11.467	4.032
11.495	4.032
11.524	4.032
11.553	4.032
11.581	4.032
11.610	4.032
11.638	4.032
11.667	4.032
11.695	4.032
11.724	4.032
11.752	4.032
11.779	4.032
11.807	4.033
11.834	4.033
11.861	4.034
11.887	4.035
11.913	4.036
11.939	4.037
11.964	4.039
11.988	4.041
12.012	4.043
12.035	4.045
12.058	4.048
12.080	4.051
12.101	4.055
12.121	4.059
12.141	4.063
12.159	4.068
12.177	4.073
12.194	4.078
12.211	4.084
12.227	4.090
12.242	4.097
12.258	4.103
12.273	4.110
12.288	4.117
12.303	4.124
12.318	4.131
12.333	4.138
12.349	4.146
12.365	4.153
12.381	4.160
12.398	4.167
12.417	4.173
12.435	4.180
12.455	4.186
12.476	4.192
12.498	4.198
12.521	4.204
12.545	4.209
12.570	4.214
12.596	4.219
12.623	4.223
12.650	4.228
12.679	4.232
12.707	4.236
12.737	4.239
12.766	4.243
12.796	4.246
12.827	4.249
12.858	4.252
12.889	4.255
12.920	4.258
12.951	4.261
12.982	4.263
13.013	4.266
13.045	4.268
13.075	4.271
13.106	4.273
13.136	4.276
13.166	4.278
13.196	4.280
13.225	4.283
13.253	4.285
13.281	4.287
13.308	4.290
13.334	4.292
13.360	4.294
13.385	4.297
13.409	4.300
13.432	4.302
13.455	4.305
13.477	4.307
13.498	4.310
13.520	4.313
13.541	4.315
13.561	4.318
13.582	4.320
13.602	4.322
13.623	4.325
13.643	4.327
13.664	4.329
13.684	4.331
13.705	4.332
13.727	4.334
13.748	4.335
13.771	4.336
13.793	4.337
13.817	4.338
13.841	4.338
13.865	4.338
13.891	4.338
13.917	4.338
13.944	4.337
13.972	4.337
14.000	4.336
14.028	4.335
14.057	4.334
14.087	4.334
14.116	4.333
14.146	4.332
14.175	4.332
14.205	4.332
14.235	4.332
14.264	4.332
14.293	4.332
14.322	4.333
14.351	4.335
14.379	4.337
14.406	4.339
14.433	4.342
14.459	4.345
14.485	4.349
14.509	4.354
14.533	4.359
14.555	4.366
14.577	4.373
14.597	4.381
14.617	4.389
14.634	4.399
14.651	4.409
14.666	4.421
14.680	4.433
14.692	4.445
14.703	4.458
14.712	4.471
14.720	4.484
14.727	4.497
14.731	4.509
14.734	4.521
14.736	4.533
14.736	4.544
14.734	4.555
14.731	4.564
14.726	4.572
14.719	4.579
14.711	4.585
14.701	4.591
14.690	4.595
14.677	4.598
14.664	4.601
14.649	4.603
14.633	4.604
14.616	4.605
14.598	4.605
14.579	4.605
14.559	4.604
14.539	4.603
14.518	4.602
14.497	4.600
14.475	4.598
14.453	4.596
14.430	4.594
14.407	4.592
14.384	4.589
14.360	4.587
14.336	4.584
14.312	4.581
14.288	4.578
14.264	4.576
14.239	4.573
14.214	4.570
14.190	4.567
14.165	4.564
14.140	4.561
14.115	4.558
14.091	4.555
14.066	4.552
14.042	4.549
14.017	4.546
13.993	4.543
13.969	4.541
13.946	4.538
13.922	4.536
13.899	4.533
13.877	4.531
13.854	4.529
13.832	4.527
13.811	4.526
13.789	4.524
13.768	4.523
13.747	4.521
13.727	4.520
13.706	4.519
13.686	4.518
13.666	4.517
13.647	4.516
13.627	4.515
13.608	4.515
13.588	4.514
13.569	4.513
13.550	4.512
13.531	4.512
13.512	4.511
13.493	4.510
13.474	4.510
13.455	4.509
13.436	4.508
13.417	4.508
13.397	4.507
13.378	4.506
13.359	4.505
13.339	4.504
13.320	4.503
13.300	4.502
13.280	4.501
13.260	4.500
13.239	4.499
13.219	4.497
13.198	4.496
13.176	4.494
13.155	4.493
13.133	4.491
13.111	4.489
13.089	4.487
13.066	4.485
13.043	4.482
13.019	4.480
12.995	4.477
12.970	4.475
12.945	4.472
12.920	4.469
12.894	4.466
12.868	4.463
12.842	4.459
12.815	4.456
12.788	4.452
12.761	4.449
12.734	4.445
12.707	4.441
12.680	4.438
12.653	4.434
12.626	4.430
12.599	4.426
12.572	4.423
12.545	4.419
12.519	4.416
12.493	4.412
12.467	4.409
12.442	4.405
12.417	4.402
12.392	4.399
12.368	4.396
12.344	4.393
12.322	4.390
12.299	4.388
12.278	4.385
12.257	4.383
12.237	4.381
12.217	4.379
12.198	4.377
12.180	4.376
12.162	4.374
12.145	4.373
12.128	4.371
12.111	4.370
12.095	4.368
12.078	4.367
12.062	4.365
12.046	4.363
12.030	4.362
12.014	4.360
11.998	4.358
11.982	4.355
11.965	4.353
11.949	4.350
11.932	4.347
11.914	4.344
11.897	4.340
11.879	4.336
11.861	4.332
11.842	4.328
11.823	4.324
11.805	4.319
11.785	4.315
11.766	4.310
11.747	4.305
11.727	4.301
11.707	4.296
11.687	4.291
11.667	4.286
11.646	4.282
11.626	4.277
11.605	4.273
11.585	4.268
11.564	4.264
11.543	4.260
11.523	4.256
11.502	4.252
11.481	4.248
11.460	4.245
11.439	4.242
11.418	4.238
11.397	4.235
11.376	4.232
11.355	4.230
11.335	4.227
11.314	4.225
11.293	4.222
11.272	4.220
11.252	4.218
11.231	4.215
11.211	4.213
11.191	4.211
11.171	4.210
11.150	4.208
11.131	4.206
11.111	4.204
11.091	4.203
11.072	4.201
11.052	4.199
11.033	4.198
11.014	4.196
10.995	4.195
10.976	4.193
10.958	4.192
10.939	4.190
10.921	4.189
10.902	4.187
10.884	4.186
10.865	4.184
10.847	4.182
10.828	4.181
10.810	4.179
10.791	4.177
10.773	4.175
10.754	4.173
10.736	4.171
10.717	4.169
10.698	4.167
10.680	4.164
10.661	4.162
10.642	4.159
10.622	4.157
10.603	4.154
10.584	4.152
10.564	4.149
10.544	4.147
10.525	4.144
10.504	4.142
10.484	4.139
10.464	4.137
10.443	4.135
10.423	4.133
10.402	4.131
10.381	4.129
10.359	4.127
10.338	4.126
10.316	4.125
10.294	4.124
10.272	4.123
10.249	4.122
10.226	4.122
10.204	4.122
10.182	4.122
10.160	4.122
10.139	4.123
10.119	4.124
10.100	4.125
10.082	4.126
10.065	4.128
10.050	4.130
10.037	4.132
10.026	4.134
10.017	4.136
10.011	4.139
10.007	4.142
10.006	4.145
10.007	4.149
10.012	4.153
10.019	4.157
10.028	4.161
10.040	4.165
10.054	4.169
10.070	4.174
10.087	4.179
10.106	4.184
10.127	4.189
10.149	4.194
10.171	4.200
10.195	4.205
10.220	4.211
10.245	4.216
10.270	4.222
10.296	4.228
10.321	4.234
10.347	4.240
10.372	4.246
10.397	4.252
10.421	4.257
10.445	4.263
10.469	4.269
10.492	4.275
10.515	4.282
10.537	4.288
10.560	4.294
10.582	4.300
10.604	4.306
10.626	4.312
10.648	4.318
10.671	4.324
10.693	4.330
10.715	4.336
10.738	4.343
10.761	4.349
10.784	4.355
10.807	4.361
10.831	4.367
10.855	4.373
10.880	4.380
10.905	4.386
10.931	4.392
10.957	4.398
10.984	4.404
11.012	4.411
11.040	4.417
11.069	4.423
11.099	4.429
11.129	4.435
11.159	4.441
11.191	4.447
11.222	4.454
11.254	4.460
11.286	4.466
11.319	4.472
11.351	4.478
11.384	4.483
11.417	4.489
11.450	4.495
11.483	4.501
11.516	4.507
11.549	4.512
11.581	4.518
11.614	4.523
11.646	4.529
11.678	4.534
11.710	4.539
11.741	4.544
11.772	4.549
11.803	4.554
11.833	4.559
11.862	4.564
11.891	4.568
11.919	4.573
11.946	4.577
11.973	4.581
11.999	4.586
12.024	4.590
12.048	4.593
12.071	4.597
12.094	4.601
12.116	4.604
12.137	4.608
12.158	4.611
12.178	4.615
12.198	4.618
12.218	4.621
12.237	4.625
12.257	4.628
12.276	4.631
12.294	4.635
12.313	4.638
12.332	4.642
12.352	4.645
12.371	4.649
12.390	4.652
12.410	4.656
12.431	4.660
12.452	4.664
12.473	4.668
12.495	4.673
12.517	4.677
12.540	4.682
12.564	4.687
12.587	4.692
12.612	4.697
12.636	4.702
12.661	4.708
12.687	4.713
12.712	4.719
12.738	4.725
12.764	4.731
12.790	4.738
12.816	4.744
12.842	4.751
12.868	4.758
12.895	4.765
12.921	4.772
12.947	4.779
12.973	4.787
12.999	4.794
13.025	4.802
13.051	4.810
13.076	4.819
13.101	4.827
13.126	4.836
13.150	4.845
13.174	4.854
13.197	4.863
13.221	4.872
13.243	4.882
13.266	4.891
13.288	4.901
13.310	4.911
13.332	4.922
13.353	4.932
13.375	4.943
13.396	4.954
13.417	4.965
13.438	4.976
13.459	4.987
13.480	4.998
13.500	5.010
13.521	5.022
13.542	5.034
13.563	5.046
13.584	5.058
13.606	5.071
13.627	5.083
13.649	5.096
13.671	5.109
13.693	5.122
13.715	5.135
13.738	5.149
13.761	5.162
13.784	5.176
13.807	5.190
13.830	5.204
13.853	5.218
13.876	5.232
13.898	5.246
13.920	5.260
13.941	5.274
13.962	5.288
13.982	5.301
14.001	5.315
14.019	5.329
14.035	5.342
14.051	5.356
14.065	5.369
14.078	5.382
14.089	5.395
14.098	5.408
14.106	5.420
14.112	5.432
14.115	5.444
14.117	5.455
14.117	5.467
14.114	5.477
14.110	5.488
14.104	5.498
14.097	5.508
14.089	5.518
14.079	5.528
14.069	5.538
14.057	5.547
14.046	5.556
14.033	5.566
14.021	5.575
14.008	5.584
13.996	5.593
13.984	5.602
13.972	5.611
13.960	5.620
13.948	5.628
13.935	5.636
13.923	5.644
13.910	5.652
13.898	5.659
13.884	5.665
13.871	5.671
13.857	5.676
13.842	5.681
13.827	5.684
13.811	5.687
13.794	5.689
13.777	5.690
13.759	5.691
13.740	5.690
13.720	5.688
13.700	5.686
13.679	5.682
13.657	5.678
13.635	5.673
13.612	5.668
13.589	5.662
13.565	5.655
13.540	5.647
13.516	5.639
13.491	5.631
13.465	5.622
13.439	5.613
13.413	5.603
13.387	5.593
13.360	5.583
13.334	5.572
13.307	5.561
13.280	5.550
13.252	5.538
13.225	5.527
13.198	5.515
13.171	5.504
13.144	5.492
13.117	5.480
13.089	5.469
13.063	5.457
13.036	5.445
13.009	5.434
12.982	5.422
12.956	5.411
12.929	5.400
12.903	5.388
12.876	5.377
12.850	5.366
12.824	5.355
12.798	5.344
12.772	5.333
12.746	5.323
12.720	5.312
12.694	5.302
12.668	5.292
12.643	5.282
12.617	5.272
12.592	5.262
12.566	5.252
12.541	5.243
12.516	5.233
12.490	5.224
12.465	5.215
12.440	5.207
12.415	5.198
12.390	5.190
12.365	5.182
12.340	5.174
12.316	5.166
12.291	5.159
12.266	5.151
12.242	5.144
12.217	5.137
12.193	5.130
12.169	5.124
12.144	5.117
12.120	5.111
12.097	5.104
12.073	5.098
12.049	5.092
12.026	5.086
12.003	5.080
11.979	5.074
11.956	5.067
11.934	5.061
11.911	5.055
11.889	5.049
11.867	5.043
11.845	5.036
11.823	5.030
11.801	5.023
11.780	5.017
11.759	5.010
11.738	5.003
11.717	4.996
11.697	4.989
11.677	4.981
11.657	4.974
11.637	4.967
11.617	4.959
11.598	4.951
11.578	4.943
11.558	4.935
11.539	4.927
11.520	4.919
11.500	4.911
11.481	4.903
11.461	4.895
11.442	4.886
11.422	4.878
11.402	4.870
11.383	4.861
11.363	4.853
11.343	4.844
11.322	4.836
11.302	4.827
11.281	4.819
11.260	4.810
11.239	4.802
11.218	4.794
11.197	4.785
11.175	4.777
11.153	4.769
11.132	4.760
11.110	4.752
11.088	4.744
11.066	4.736
11.044	4.728
11.022	4.720
11.000	4.712
10.978	4.704
10.955	4.696
10.933	4.689
10.911	4.681
10.890	4.674
10.868	4.666
10.846	4.659
10.824	4.652
10.803	4.645
10.782	4.638
10.760	4.632
10.739	4.625
10.719	4.619
10.698	4.613
10.678	4.606
10.658	4.600
10.638	4.594
10.619	4.588
10.601	4.582
10.583	4.576
10.565	4.570
10.548	4.563
10.532	4.557
10.516	4.551
10.501	4.544
10.487	4.538
10.473	4.531
10.461	4.524
10.449	4.517
10.438	4.510
10.428	4.502
10.419	4.494
10.411	4.486
10.403	4.479
10.395	4.471
10.387	4.463
10.379	4.455
10.371	4.448
10.362	4.441
10.352	4.434
10.342	4.427
10.331	4.421
10.318	4.416
10.304	4.411
10.290	4.406
10.274	4.403
10.259	4.400
10.244	4.397
10.229	4.396
10.214	4.395
10.201	4.395
10.190	4.396
10.180	4.398
10.172	4.400
10.167	4.404
10.164	4.408
10.164	4.414
10.167	4.420
10.173	4.428
10.181	4.436
10.191	4.445
10.204	4.455
10.219	4.465
10.236	4.476
10.255	4.488
10.275	4.500
10.298	4.512
10.322	4.525
10.347	4.539
10.373	4.553
10.401	4.567
10.429	4.581
10.459	4.595
10.489	4.610
10.520	4.625
10.551	4.640
10.583	4.654
10.615	4.669
10.648	4.684
10.680	4.698
10.712	4.712
10.744	4.726
10.775	4.740
10.806	4.753
10.837	4.766
10.867	4.779
10.897	4.791
10.926	4.803
10.954	4.815
10.982	4.826
11.009	4.838
11.036	4.849
11.062	4.860
11.087	4.870
11.111	4.881
11.135	4.891
11.158	4.901
11.180	4.911
11.201	4.921
11.222	4.931
11.242	4.941
11.260	4.950
11.278	4.960
11.295	4.969
11.311	4.979
11.326	4.988
11.340	4.997
11.352	5.007
11.364	5.016
11.375	5.026
11.385	5.035
11.393	5.045
11.402	5.054
11.409	5.064
11.416	5.074
11.424	5.085
11.431	5.095
11.438	5.106
11.445	5.117
11.453	5.128
11.462	5.140
11.471	5.152
11.481	5.165
11.492	5.178
11.505	5.191
11.518	5.205
11.533	5.219
11.549	5.234
11.566	5.249
11.584	5.264
11.602	5.280
11.622	5.296
11.642	5.312
11.663	5.328
11.685	5.344
11.708	5.360
11.731	5.376
11.754	5.393
11.778	5.409
11.802	5.425
11.827	5.441
11.851	5.456
11.876	5.472
11.901	5.487
11.927	5.502
11.952	5.517
11.977	5.531
12.002	5.545
12.027	5.559
12.052	5.572
12.076	5.584
12.100	5.596
12.124	5.607
12.147	5.618
12.170	5.628
12.192	5.638
12.215	5.647
12.236	5.656
12.258	5.664
12.279	5.672
12.300	5.680
12.321	5.687
12.342	5.695
12.362	5.702
12.382	5.709
12.402	5.716
12.422	5.723
12.441	5.730
12.461	5.737
12.480	5.744
12.500	5.752
12.519	5.759
12.538	5.767
12.557	5.775
12.576	5.784
12.596	5.792
12.615	5.802
12.634	5.811
12.653	5.821
12.672	5.831
12.691	5.842
12.710	5.852
12.729	5.863
12.748	5.874
12.767	5.886
12.786	5.897
12.804	5.909
12.823	5.921
12.841	5.932
12.859	5.944
12.877	5.956
12.894	5.968
12.912	5.979
12.929	5.991
12.946	6.002
12.962	6.013
12.978	6.025
12.994	6.036
13.010	6.046
13.025	6.057
13.040	6.067
13.055	6.077
13.069	6.087
13.084	6.096
13.098	6.106
13.112	6.115
13.126	6.124
13.140	6.133
13.154	6.142
13.169	6.151
13.183	6.159
13.198	6.168
13.212	6.177
13.227	6.185
13.243	6.194
13.258	6.202
13.274	6.211
13.291	6.220
13.307	6.228
13.324	6.237
13.341	6.246
13.357	6.255
13.373	6.263
13.388	6.272
13.403	6.281
13.416	6.289
13.429	6.298
13.440	6.307
13.450	6.315
13.457	6.324
13.464	6.332
13.468	6.340
13.469	6.348
13.469	6.356
13.466	6.364
13.461	6.372
13.455	6.379
13.447	6.386
13.437	6.392
13.425	6.398
13.413	6.403
13.400	6.408
13.385	6.412
13.370	6.415
13.355	6.417
13.339	6.418
13.323	6.418
13.306	6.417
13.289	6.416
13.272	6.413
13.255	6.410
13.237	6.406
13.218	6.401
13.200	6.395
13.181	6.389
13.162	6.382
13.142	6.374
13.122	6.366
13.102	6.357
13.082	6.347
13.061	6.337
13.040	6.326
13.019	6.315
12.997	6.303
12.975	6.291
12.953	6.279
12.930	6.266
12.907	6.252
12.884	6.239
12.860	6.225
12.837	6.211
12.813	6.196
12.789	6.181
12.765	6.167
12.741	6.152
12.717	6.136
12.693	6.121
12.669	6.106
12.645	6.091
12.622	6.076
12.598	6.060
12.574	6.045
12.551	6.030
12.528	6.016
12.505	6.001
12.483	5.986
12.461	5.972
12.439	5.958
12.418	5.945
12.397	5.932
12.377	5.919
12.357	5.907
12.338	5.895
12.319	5.883
12.301	5.872
12.283	5.862
12.266	5.852
12.250	5.843
12.234	5.834
12.219	5.825
12.204	5.817
12.190	5.809
12.175	5.801
12.162	5.794
12.148	5.787
12.135	5.780
12.121	5.773
12.108	5.766
12.095	5.759
12.082	5.752
12.069	5.746
12.056	5.739
12.043	5.732
12.030	5.725
12.017	5.717
12.003	5.710
11.989	5.702
11.976	5.695
11.961	5.687
11.947	5.679
11.932	5.670
11.917	5.662
11.902	5.653
11.886	5.644
11.870	5.634
11.854	5.625
11.837	5.615
11.820	5.604
11.802	5.594
11.784	5.583
11.766	5.572
11.747	5.560
11.727	5.548
11.707	5.536
11.687	5.524
11.666	5.511
11.645	5.498
11.623	5.485
11.602	5.471
11.580	5.458
11.558	5.445
11.536	5.431
11.515	5.418
11.493	5.404
11.471	5.391
11.449	5.378
11.428	5.365
11.407	5.352
11.386	5.339
11.365	5.326
11.345	5.314
11.325	5.302
11.306	5.291
11.287	5.279
11.269	5.269
11.252	5.258
11.235	5.248
11.219	5.239
11.203	5.230
11.188	5.222
11.174	5.214
11.160	5.206
11.147	5.199
11.134	5.191
11.121	5.184
11.109	5.177
11.096	5.170
11.084	5.163
11.072	5.156
11.060	5.149
11.048	5.141
11.035	5.134
11.023	5.126
11.010	5.118
10.996	5.109
10.983	5.100
10.969	5.091
10.955	5.082
10.940	5.072
10.925	5.062
10.910	5.051
10.895	5.041
10.879	5.030
10.862	5.019
10.846	5.008
10.829	4.997
10.811	4.985
10.793	4.974
10.775	4.962
10.756	4.950
10.737	4.938
10.718	4.927
10.698	4.915
10.678	4.903
10.657	4.891
10.636	4.879
10.614	4.867
10.592	4.855
10.570	4.843
10.548	4.831
10.525	4.819
10.502	4.807
10.479	4.795
10.456	4.783
10.434	4.772
10.411	4.760
10.388	4.748
10.365	4.737
10.342	4.725
10.320	4.714
10.298	4.703
10.276	4.692
10.255	4.680
10.234	4.669
10.213	4.659
10.193	4.648
10.173	4.637
10.154	4.626
10.136	4.616
10.118	4.606
10.101	4.596
10.085	4.585
10.069	4.576
10.054	4.566
10.039	4.556
10.025	4.546
10.011	4.537
9.997	4.527
9.984	4.517
9.971	4.508
9.958	4.498
9.944	4.489
9.931	4.479
9.918	4.469
9.904	4.459
9.891	4.449
9.877	4.439
9.862	4.429
9.847	4.418
9.832	4.408
9.816	4.397
9.799	4.386
9.782	4.376
9.765	4.365
9.748	4.354
9.730	4.344
9.713	4.334
9.695	4.324
9.677	4.315
9.659	4.306
9.641	4.298
9.623	4.290
9.606	4.283
9.589	4.277
9.571	4.272
9.555	4.267
9.538	4.263
9.523	4.261
9.507	4.259
9.492	4.258
9.478	4.259
9.464	4.260
9.451	4.262
9.438	4.264
9.425	4.267
9.413	4.270
9.401	4.273
9.389	4.276
9.377	4.278
9.366	4.280
9.354	4.281
9.343	4.282
9.331	4.281
9.320	4.280
9.309	4.277
9.297	4.274
9.285	4.270
9.273	4.265
9.261	4.259
9.249	4.253
9.237	4.246
9.224	4.238
9.211	4.231
9.197	4.223
9.183	4.214
9.169	4.206
9.154	4.197
9.138	4.189
9.122	4.180
9.106	4.171
9.089	4.163
9.072	4.154
9.055	4.146
9.037	4.138
9.019	4.130
9.000	4.122
8.982	4.114
8.963	4.106
8.945	4.099
8.926	4.092
8.908	4.085
8.889	4.078
8.871	4.071
8.853	4.065
8.835	4.059
8.817	4.054
8.800	4.049
8.783	4.044
8.766	4.040
8.750	4.036
8.734	4.032
8.719	4.028
8.704	4.024
8.690	4.020
8.676	4.016
8.663	4.011
8.650	4.005
8.639	4.000
8.627	3.993
8.617	3.985
8.606	3.977
8.597	3.967
8.589	3.956
8.581	3.944
8.573	3.930
8.567	3.915
8.562	3.899
8.557	3.883
8.553	3.865
8.551	3.846
8.549	3.827
8.548	3.807
8.548	3.786
8.550	3.765
8.552	3.744
8.556	3.722
8.561	3.701
8.567	3.679
8.574	3.658
8.583	3.636
8.593	3.615
8.604	3.595
8.617	3.574
8.631	3.555
