X	Y
68.886	37.636
68.954	37.360
69.043	37.078
69.153	36.792
69.283	36.500
69.432	36.205
69.599	35.904
69.784	35.600
69.986	35.292
70.205	34.979
70.439	34.664
70.688	34.345
70.951	34.022
71.228	33.697
71.519	33.369
71.821	33.038
72.135	32.705
72.459	32.370
72.794	32.033
73.139	31.694
73.492	31.354
73.853	31.012
74.222	30.670
74.597	30.326
74.979	29.981
75.365	29.636
75.757	29.291
76.152	28.946
76.551	28.600
76.952	28.255
77.356	27.910
77.760	27.567
78.165	27.224
78.570	26.882
78.974	26.541
79.377	26.202
79.777	25.865
80.175	25.529
80.568	25.196
80.958	24.865
81.343	24.536
81.721	24.210
82.094	23.888
82.460	23.568
82.819	23.251
83.171	22.938
83.517	22.628
83.856	22.320
84.190	22.016
84.517	21.716
84.839	21.418
85.155	21.124
85.466	20.833
85.772	20.545
86.072	20.261
86.368	19.979
86.659	19.701
86.946	19.427
87.228	19.156
87.506	18.888
87.779	18.623
88.049	18.362
88.316	18.104
88.579	17.849
88.838	17.598
89.095	17.351
89.348	17.106
89.599	16.866
89.847	16.628
90.093	16.395
90.336	16.164
90.577	15.937
90.817	15.714
91.054	15.494
91.290	15.278
91.525	15.065
91.758	14.856
91.991	14.650
92.222	14.448
92.453	14.250
92.683	14.055
92.913	13.864
93.142	13.675
93.371	13.490
93.600	13.308
93.829	13.130
94.059	12.954
94.288	12.781
94.518	12.611
94.748	12.443
94.979	12.278
95.211	12.116
95.444	11.956
95.677	11.799
95.912	11.644
96.148	11.491
96.386	11.340
96.625	11.191
96.865	11.044
97.108	10.900
97.352	10.756
97.598	10.615
97.847	10.475
98.098	10.337
98.351	10.200
98.606	10.065
98.864	9.931
99.124	9.798
99.386	9.668
99.649	9.539
99.914	9.412
100.180	9.287
100.447	9.165
100.714	9.044
100.982	8.927
101.251	8.812
101.519	8.699
101.787	8.589
102.054	8.483
102.321	8.379
102.587	8.279
102.852	8.181
103.116	8.088
103.377	7.998
103.637	7.911
103.895	7.829
104.151	7.750
104.404	7.675
104.654	7.605
104.902	7.539
105.146	7.477
105.387	7.420
105.624	7.367
105.858	7.319
106.089	7.274
106.318	7.234
106.543	7.198
106.766	7.166
106.986	7.138
107.204	7.114
107.419	7.093
107.633	7.076
107.844	7.062
108.054	7.052
108.261	7.044
108.468	7.040
108.673	7.039
108.876	7.041
109.078	7.046
109.280	7.053
109.480	7.063
109.680	7.076
109.879	7.091
110.077	7.108
110.276	7.128
110.474	7.149
110.673	7.172
110.872	7.198
111.072	7.225
111.273	7.253
111.475	7.283
111.679	7.314
111.884	7.346
112.090	7.380
112.299	7.414
112.510	7.450
112.723	7.486
112.939	7.522
113.157	7.559
113.379	7.597
113.604	7.634
113.831	7.673
114.060	7.712
114.290	7.753
114.519	7.796
114.746	7.842
114.971	7.891
115.193	7.944
115.409	8.001
115.620	8.063
115.824	8.130
116.020	8.203
116.207	8.282
116.384	8.369
116.551	8.462
116.705	8.564
116.846	8.675
116.974	8.794
117.086	8.923
117.182	9.062
117.262	9.210
117.328	9.368
117.382	9.533
117.424	9.705
117.455	9.882
117.478	10.065
117.494	10.251
117.503	10.441
117.508	10.633
117.510	10.825
117.509	11.018
117.508	11.211
117.508	11.401
117.510	11.589
117.516	11.773
117.526	11.953
117.543	12.127
117.565	12.297
117.591	12.462
117.621	12.625
117.654	12.785
117.688	12.944
117.724	13.102
117.759	13.260
117.794	13.419
117.827	13.579
117.857	13.742
117.883	13.908
117.905	14.079
117.922	14.254
117.932	14.434
117.935	14.622
117.930	14.815
117.919	15.015
117.900	15.220
117.876	15.430
117.845	15.644
117.809	15.861
117.768	16.081
117.723	16.304
117.673	16.528
117.620	16.753
117.563	16.978
117.503	17.203
117.441	17.428
117.377	17.650
117.311	17.871
117.244	18.088
117.176	18.303
117.108	18.513
117.040	18.718
116.972	18.919
116.905	19.113
116.839	19.303
116.773	19.487
116.707	19.666
116.642	19.841
116.578	20.011
116.513	20.178
116.448	20.342
116.383	20.502
116.318	20.659
116.253	20.814
116.187	20.967
116.120	21.118
116.053	21.267
115.985	21.416
115.915	21.563
115.845	21.710
115.774	21.856
115.703	22.003
115.631	22.150
115.559	22.299
115.486	22.449
115.415	22.601
115.344	22.755
115.274	22.911
115.205	23.071
115.137	23.234
115.071	23.401
115.007	23.573
114.945	23.749
114.886	23.930
114.829	24.116
114.775	24.309
114.724	24.506
114.676	24.709
114.631	24.917
114.588	25.127
114.547	25.341
114.508	25.557
114.472	25.775
114.437	25.994
114.404	26.213
114.372	26.432
114.341	26.650
114.312	26.866
114.284	27.080
114.257	27.291
114.230	27.499
114.204	27.702
114.178	27.900
114.153	28.093
114.127	28.280
114.102	28.460
114.076	28.635
114.050	28.805
114.023	28.971
113.996	29.135
113.967	29.297
113.938	29.458
113.907	29.621
113.875	29.784
113.842	29.950
113.806	30.120
113.769	30.294
113.730	30.474
113.689	30.660
113.646	30.854
113.600	31.057
113.551	31.269
113.500	31.490
113.447	31.720
113.392	31.956
113.336	32.200
113.279	32.448
113.222	32.701
113.164	32.958
113.106	33.217
113.048	33.477
112.991	33.739
112.936	33.999
112.882	34.259
112.829	34.516
112.779	34.770
112.731	35.019
112.687	35.264
112.645	35.502
112.607	35.733
112.573	35.956
112.543	36.170
112.518	36.374
112.498	36.567
112.483	36.749
112.472	36.921
112.465	37.084
112.460	37.240
112.458	37.391
112.456	37.538
112.455	37.682
112.453	37.826
112.449	37.971
112.443	38.119
112.434	38.270
112.421	38.427
112.402	38.592
112.379	38.765
112.348	38.948
112.311	39.142
112.267	39.346
112.215	39.560
112.157	39.783
112.092	40.014
112.020	40.253
111.941	40.498
111.855	40.750
111.762	41.008
111.662	41.270
111.556	41.537
111.443	41.808
111.323	42.081
111.196	42.358
111.062	42.635
110.922	42.914
110.775	43.194
110.621	43.473
110.461	43.751
110.294	44.028
110.120	44.303
109.939	44.575
109.752	44.843
109.559	45.107
109.359	45.367
109.152	45.621
108.939	45.870
108.719	46.113
108.494	46.350
108.263	46.581
108.027	46.807
107.786	47.027
107.540	47.242
107.290	47.450
107.035	47.654
106.777	47.851
106.515	48.044
106.250	48.230
105.982	48.411
105.711	48.587
105.438	48.757
105.163	48.922
104.886	49.082
104.607	49.236
104.327	49.384
104.046	49.528
103.764	49.666
103.482	49.798
103.200	49.926
102.918	50.048
102.637	50.165
102.356	50.276
102.076	50.383
101.798	50.484
101.521	50.581
101.246	50.672
100.973	50.758
100.700	50.839
100.429	50.916
100.159	50.988
99.890	51.055
99.621	51.118
99.353	51.177
99.084	51.231
98.816	51.282
98.547	51.329
98.278	51.371
98.009	51.410
97.738	51.446
97.467	51.478
97.194	51.506
96.920	51.531
96.644	51.553
96.367	51.573
96.087	51.589
95.806	51.602
95.522	51.613
95.235	51.621
94.946	51.626
94.654	51.630
94.358	51.631
94.060	51.630
93.758	51.626
93.454	51.621
93.148	51.614
92.839	51.604
92.528	51.593
92.215	51.580
91.901	51.565
91.585	51.549
91.267	51.530
90.949	51.510
90.630	51.489
90.310	51.465
89.990	51.441
89.669	51.415
89.348	51.387
89.027	51.358
88.707	51.328
88.387	51.296
88.068	51.264
87.750	51.230
87.433	51.195
87.117	51.159
86.803	51.122
86.490	51.084
86.180	51.045
85.871	51.005
85.565	50.965
85.261	50.923
84.960	50.881
84.661	50.838
84.365	50.793
84.071	50.747
83.780	50.699
83.491	50.649
83.204	50.597
82.920	50.542
82.638	50.484
82.358	50.423
82.081	50.360
81.806	50.292
81.533	50.221
81.262	50.147
80.993	50.068
80.727	49.984
80.462	49.896
80.200	49.804
79.939	49.706
79.681	49.603
79.424	49.494
79.169	49.380
78.917	49.260
78.666	49.133
78.417	49.000
78.169	48.860
77.924	48.714
77.680	48.561
77.438	48.402
77.197	48.237
76.958	48.067
76.721	47.891
76.485	47.711
76.250	47.525
76.017	47.335
75.785	47.141
75.555	46.943
75.326	46.741
75.098	46.536
74.871	46.329
74.645	46.118
74.420	45.905
74.197	45.689
73.974	45.472
73.752	45.253
73.531	45.033
73.311	44.811
73.092	44.589
72.873	44.366
72.655	44.144
72.438	43.921
72.222	43.698
72.006	43.476
71.790	43.256
71.576	43.036
71.363	42.816
71.152	42.598
70.945	42.379
70.743	42.160
70.546	41.941
70.354	41.722
70.170	41.501
69.994	41.280
69.826	41.057
69.668	40.832
69.520	40.605
69.384	40.376
69.260	40.145
69.149	39.911
69.052	39.673
68.970	39.433
68.904	39.189
68.854	38.941
68.822	38.689
68.808	38.433
68.813	38.172
68.839	37.907
68.886	37.636
