X	Y
8.806	4.727
8.823	4.701
8.842	4.674
8.862	4.647
8.883	4.620
8.906	4.593
8.929	4.565
8.954	4.537
8.980	4.509
9.007	4.481
9.035	4.453
9.064	4.425
9.094	4.397
9.124	4.369
9.155	4.341
9.187	4.313
9.220	4.285
9.253	4.257
9.287	4.230
9.321	4.203
9.356	4.176
9.391	4.150
9.426	4.124
9.462	4.098
9.498	4.073
9.534	4.048
9.570	4.024
9.606	4.000
9.642	3.977
9.678	3.954
9.714	3.933
9.750	3.911
9.786	3.890
9.822	3.870
9.858	3.849
9.894	3.830
9.929	3.810
9.965	3.791
10.000	3.772
10.036	3.754
10.071	3.736
10.106	3.717
10.141	3.699
10.176	3.681
10.211	3.664
10.246	3.646
10.280	3.628
10.315	3.610
10.349	3.592
10.383	3.574
10.417	3.556
10.451	3.538
10.484	3.519
10.518	3.501
10.551	3.482
10.584	3.462
10.617	3.443
10.650	3.423
10.683	3.403
10.715	3.382
10.748	3.361
10.780	3.340
10.812	3.319
10.844	3.297
10.876	3.275
10.909	3.253
10.941	3.231
10.973	3.209
11.005	3.186
11.037	3.163
11.069	3.140
11.101	3.117
11.133	3.093
11.166	3.070
11.198	3.046
11.231	3.022
11.264	2.998
11.297	2.974
11.330	2.950
11.363	2.926
11.396	2.902
11.430	2.877
11.464	2.853
11.498	2.829
11.533	2.804
11.567	2.780
11.602	2.755
11.637	2.731
11.672	2.706
11.707	2.682
11.742	2.658
11.777	2.633
11.812	2.609
11.847	2.585
11.882	2.561
11.917	2.537
11.952	2.513
11.986	2.489
12.020	2.466
12.054	2.442
12.088	2.419
12.122	2.396
12.155	2.373
12.188	2.350
12.220	2.327
12.252	2.305
12.283	2.282
12.314	2.260
12.345	2.239
12.375	2.217
12.404	2.196
12.433	2.175
12.461	2.154
12.489	2.134
12.516	2.114
12.543	2.094
12.569	2.074
12.595	2.054
12.620	2.035
12.646	2.016
12.671	1.997
12.696	1.979
12.720	1.960
12.745	1.942
12.769	1.923
12.794	1.905
12.818	1.887
12.843	1.870
12.867	1.852
12.892	1.835
12.917	1.817
12.942	1.800
12.967	1.783
12.993	1.765
13.019	1.748
13.045	1.731
13.071	1.714
13.098	1.698
13.125	1.681
13.152	1.664
13.179	1.648
13.206	1.632
13.233	1.616
13.261	1.600
13.288	1.584
13.315	1.568
13.343	1.552
13.370	1.537
13.398	1.522
13.425	1.507
13.453	1.492
13.480	1.477
13.507	1.463
13.534	1.449
13.561	1.435
13.587	1.421
13.614	1.407
13.640	1.394
13.667	1.381
13.693	1.368
13.719	1.355
13.745	1.343
13.771	1.331
13.797	1.319
13.823	1.307
13.849	1.296
13.874	1.285
13.900	1.274
13.926	1.264
13.952	1.253
13.978	1.244
14.004	1.234
14.030	1.225
14.056	1.216
14.082	1.207
14.109	1.199
14.135	1.191
14.161	1.183
14.187	1.176
14.213	1.170
14.239	1.163
14.265	1.157
14.291	1.152
14.316	1.147
14.342	1.142
14.367	1.138
14.391	1.135
14.415	1.132
14.439	1.129
14.462	1.127
14.485	1.126
14.508	1.125
14.529	1.124
14.551	1.125
14.571	1.126
14.591	1.128
14.611	1.131
14.630	1.135
14.648	1.140
14.665	1.146
14.682	1.154
14.698	1.162
14.714	1.173
14.728	1.184
14.742	1.198
14.755	1.213
14.767	1.229
14.778	1.246
14.787	1.264
14.795	1.283
14.801	1.303
14.805	1.322
14.806	1.342
14.805	1.361
14.802	1.380
14.796	1.398
14.786	1.416
14.774	1.432
14.758	1.447
14.740	1.461
14.718	1.475
14.695	1.487
14.669	1.498
14.641	1.509
14.611	1.519
14.579	1.528
14.546	1.537
14.512	1.545
14.477	1.553
14.440	1.560
14.404	1.568
14.367	1.574
14.329	1.581
14.292	1.588
14.255	1.594
14.219	1.601
14.183	1.608
14.148	1.615
14.114	1.622
14.081	1.630
14.050	1.637
14.020	1.646
13.991	1.654
13.963	1.663
13.936	1.672
13.910	1.682
13.885	1.692
13.861	1.703
13.837	1.713
13.814	1.724
13.791	1.736
13.768	1.748
13.746	1.760
13.724	1.773
13.702	1.786
13.681	1.800
13.659	1.814
13.637	1.828
13.615	1.843
13.593	1.859
13.570	1.874
13.547	1.890
13.524	1.907
13.501	1.923
13.478	1.940
13.455	1.957
13.431	1.975
13.408	1.992
13.384	2.010
13.360	2.027
13.337	2.045
13.313	2.063
13.289	2.081
13.265	2.099
13.241	2.117
13.217	2.135
13.193	2.153
13.169	2.171
13.145	2.188
13.121	2.206
13.097	2.223
13.074	2.240
13.050	2.258
13.027	2.275
13.003	2.291
12.980	2.308
12.957	2.325
12.934	2.341
12.912	2.358
12.889	2.374
12.867	2.390
12.845	2.407
12.824	2.423
12.803	2.439
12.782	2.454
12.761	2.470
12.741	2.486
12.721	2.502
12.702	2.517
12.683	2.533
12.664	2.548
12.645	2.563
12.626	2.578
12.607	2.593
12.589	2.608
12.570	2.622
12.551	2.636
12.531	2.650
12.511	2.664
12.491	2.678
12.471	2.691
12.450	2.704
12.428	2.716
12.405	2.729
12.382	2.741
12.359	2.752
12.334	2.764
12.309	2.775
12.284	2.786
12.258	2.797
12.232	2.809
12.206	2.820
12.179	2.831
12.153	2.842
12.126	2.854
12.099	2.866
12.073	2.878
12.046	2.890
12.020	2.903
11.994	2.917
11.968	2.930
11.942	2.945
11.917	2.960
11.893	2.976
11.869	2.992
11.847	3.008
11.825	3.025
11.805	3.041
11.786	3.057
11.770	3.072
11.755	3.087
11.744	3.100
11.734	3.111
11.728	3.121
11.725	3.129
11.725	3.134
11.729	3.138
11.737	3.138
11.748	3.137
11.762	3.133
11.780	3.127
11.800	3.119
11.822	3.109
11.847	3.098
11.874	3.085
11.903	3.072
11.934	3.056
11.966	3.040
11.999	3.023
12.034	3.006
12.069	2.987
12.105	2.969
12.141	2.950
12.177	2.931
12.213	2.912
12.248	2.893
12.283	2.875
12.318	2.857
12.351	2.839
12.384	2.822
12.417	2.806
12.448	2.789
12.479	2.774
12.510	2.758
12.540	2.743
12.570	2.729
12.599	2.714
12.628	2.700
12.657	2.687
12.685	2.673
12.714	2.660
12.742	2.647
12.770	2.635
12.798	2.622
12.826	2.610
12.853	2.598
12.881	2.586
12.909	2.575
12.938	2.563
12.966	2.552
12.995	2.540
13.023	2.529
13.052	2.518
13.081	2.507
13.111	2.496
13.140	2.485
13.169	2.474
13.199	2.463
13.228	2.452
13.258	2.441
13.287	2.429
13.317	2.418
13.346	2.406
13.375	2.395
13.405	2.383
13.434	2.371
13.463	2.359
13.492	2.346
13.520	2.334
13.549	2.321
13.577	2.307
13.605	2.294
13.633	2.280
13.660	2.266
13.688	2.252
13.715	2.238
13.742	2.223
13.769	2.208
13.795	2.194
13.822	2.179
13.848	2.164
13.874	2.149
13.900	2.134
13.926	2.120
13.952	2.105
13.978	2.090
14.004	2.076
14.030	2.062
14.055	2.048
14.081	2.034
14.106	2.020
14.132	2.007
14.157	1.994
14.183	1.982
14.209	1.970
14.234	1.958
14.260	1.947
14.285	1.937
14.311	1.927
14.337	1.918
14.362	1.910
14.388	1.902
14.414	1.895
14.440	1.889
14.466	1.884
14.492	1.880
14.518	1.877
14.544	1.875
14.571	1.874
14.597	1.875
14.624	1.876
14.650	1.879
14.677	1.883
14.703	1.888
14.728	1.894
14.752	1.900
14.776	1.908
14.798	1.917
14.819	1.926
14.839	1.936
14.856	1.947
14.872	1.959
14.886	1.971
14.897	1.984
14.906	1.997
14.913	2.010
14.916	2.024
14.917	2.039
14.916	2.053
14.911	2.068
14.904	2.084
14.894	2.099
14.882	2.115
14.866	2.131
14.848	2.147
14.827	2.163
14.804	2.180
14.778	2.196
14.749	2.213
14.717	2.230
14.683	2.246
14.647	2.263
14.609	2.280
14.569	2.296
14.527	2.313
14.483	2.330
14.438	2.346
14.392	2.363
14.345	2.379
14.297	2.395
14.248	2.411
14.198	2.427
14.148	2.443
14.098	2.459
14.048	2.475
13.997	2.490
13.947	2.505
13.898	2.520
13.848	2.535
13.800	2.549
13.752	2.564
13.706	2.577
13.660	2.591
13.616	2.604
13.574	2.617
13.533	2.630
13.494	2.642
13.457	2.654
13.422	2.666
13.389	2.677
13.359	2.688
13.330	2.698
13.304	2.708
13.279	2.718
13.256	2.728
13.234	2.737
13.213	2.746
13.193	2.755
13.173	2.764
13.154	2.773
13.135	2.782
13.116	2.791
13.097	2.800
13.077	2.809
13.057	2.819
13.036	2.828
13.014	2.838
12.991	2.848
12.967	2.858
12.942	2.868
12.917	2.879
12.891	2.889
12.864	2.900
12.836	2.911
12.809	2.922
12.780	2.933
12.752	2.945
12.723	2.957
12.695	2.968
12.666	2.980
12.637	2.992
12.608	3.004
12.579	3.016
12.551	3.029
12.523	3.041
12.495	3.053
12.468	3.066
12.441	3.078
12.415	3.091
12.389	3.104
12.363	3.117
12.337	3.130
12.312	3.143
12.287	3.156
12.262	3.170
12.238	3.183
12.213	3.197
12.189	3.211
12.164	3.225
12.139	3.239
12.115	3.253
12.090	3.268
12.065	3.283
12.040	3.298
12.014	3.313
11.989	3.329
11.963	3.345
11.936	3.361
11.910	3.377
11.883	3.393
11.855	3.410
11.828	3.427
11.800	3.443
11.772	3.460
11.743	3.477
11.715	3.495
11.686	3.512
11.657	3.529
11.627	3.546
11.597	3.563
11.567	3.580
11.537	3.598
11.507	3.615
11.476	3.632
11.445	3.648
11.414	3.665
11.383	3.682
11.352	3.698
11.320	3.714
11.288	3.730
11.256	3.746
11.224	3.762
11.192	3.777
11.160	3.792
11.128	3.807
11.097	3.822
11.065	3.836
11.034	3.850
11.003	3.864
10.973	3.878
10.943	3.891
10.914	3.905
10.885	3.918
10.856	3.930
10.829	3.943
10.802	3.955
10.776	3.966
10.751	3.978
10.727	3.989
10.704	4.000
10.682	4.011
10.661	4.021
10.641	4.031
10.621	4.041
10.603	4.051
10.585	4.060
10.568	4.069
10.551	4.078
10.535	4.087
10.518	4.096
10.502	4.105
10.486	4.114
10.470	4.122
10.453	4.131
10.436	4.139
10.419	4.148
10.401	4.157
10.383	4.165
10.364	4.174
10.345	4.183
10.326	4.191
10.307	4.200
10.287	4.209
10.268	4.217
10.248	4.226
10.228	4.235
10.209	4.244
10.189	4.253
10.169	4.261
10.150	4.270
10.131	4.279
10.113	4.287
10.096	4.296
10.082	4.303
10.070	4.310
10.062	4.317
10.056	4.322
10.055	4.327
10.058	4.331
10.066	4.334
10.078	4.335
10.094	4.336
10.114	4.336
10.138	4.334
10.164	4.332
10.194	4.329
10.226	4.325
10.261	4.320
10.298	4.315
10.337	4.309
10.378	4.301
10.419	4.294
10.462	4.285
10.506	4.276
10.551	4.267
10.595	4.256
10.640	4.246
10.684	4.234
10.728	4.223
10.771	4.210
10.813	4.198
10.854	4.185
10.893	4.171
10.930	4.157
10.966	4.143
11.001	4.129
11.034	4.114
11.066	4.099
11.097	4.084
11.128	4.069
11.157	4.053
11.185	4.037
11.213	4.021
11.240	4.005
11.267	3.988
11.293	3.972
11.319	3.955
11.345	3.938
11.371	3.922
11.397	3.905
11.423	3.888
11.449	3.871
11.476	3.854
11.503	3.837
11.530	3.820
11.558	3.803
11.587	3.786
11.617	3.769
11.646	3.752
11.677	3.736
11.708	3.719
11.739	3.702
11.771	3.686
11.803	3.669
11.836	3.653
11.869	3.636
11.902	3.620
11.935	3.603
11.969	3.587
12.003	3.571
12.037	3.555
12.071	3.538
12.106	3.522
12.140	3.506
12.174	3.490
12.209	3.474
12.243	3.459
12.277	3.443
12.312	3.427
12.346	3.412
12.380	3.396
12.413	3.380
12.447	3.365
12.481	3.350
12.514	3.334
12.547	3.319
12.580	3.304
12.614	3.289
12.647	3.274
12.680	3.260
12.712	3.245
12.745	3.230
12.778	3.216
12.811	3.202
12.844	3.188
12.876	3.174
12.909	3.160
12.942	3.146
12.975	3.133
13.008	3.119
13.041	3.106
13.074	3.093
13.107	3.080
13.140	3.068
13.173	3.055
13.206	3.043
13.240	3.031
13.273	3.019
13.307	3.007
13.340	2.996
13.374	2.985
13.407	2.974
13.440	2.963
13.473	2.952
13.506	2.941
13.539	2.931
13.571	2.920
13.603	2.910
13.635	2.900
13.666	2.890
13.697	2.881
13.728	2.871
13.758	2.862
13.788	2.852
13.817	2.843
13.846	2.834
13.874	2.825
13.902	2.816
13.929	2.808
13.955	2.799
13.981	2.791
14.007	2.782
14.032	2.774
14.057	2.766
14.082	2.758
14.106	2.750
14.131	2.742
14.155	2.734
14.180	2.726
14.204	2.718
14.229	2.710
14.254	2.702
14.280	2.695
14.306	2.687
14.332	2.679
14.359	2.671
14.387	2.664
14.415	2.656
14.443	2.648
14.472	2.641
14.501	2.634
14.530	2.628
14.559	2.622
14.588	2.616
14.617	2.612
14.645	2.608
14.673	2.605
14.700	2.603
14.727	2.603
14.753	2.603
14.779	2.605
14.803	2.608
14.826	2.613
14.848	2.619
14.869	2.627
14.888	2.637
14.906	2.648
14.922	2.661
14.936	2.674
14.948	2.688
14.958	2.703
14.965	2.718
14.969	2.733
14.970	2.747
14.969	2.762
14.964	2.775
14.955	2.788
14.944	2.800
14.929	2.812
14.912	2.822
14.892	2.832
14.869	2.842
14.845	2.851
14.818	2.860
14.789	2.868
14.759	2.876
14.727	2.884
14.693	2.892
14.659	2.900
14.624	2.907
14.588	2.915
14.551	2.923
14.514	2.931
14.477	2.939
14.440	2.947
14.403	2.956
14.366	2.965
14.329	2.974
14.293	2.984
14.258	2.994
14.222	3.005
14.187	3.015
14.152	3.027
14.118	3.038
14.084	3.050
14.050	3.062
14.016	3.074
13.983	3.087
13.950	3.100
13.917	3.113
13.884	3.126
13.852	3.140
13.820	3.154
13.788	3.168
13.756	3.182
13.724	3.196
13.693	3.211
13.662	3.226
13.631	3.241
13.600	3.256
13.570	3.271
13.539	3.287
13.509	3.302
13.479	3.318
13.449	3.333
13.419	3.349
13.389	3.364
13.360	3.380
13.330	3.395
13.300	3.411
13.270	3.426
13.240	3.441
13.211	3.456
13.181	3.471
13.151	3.485
13.121	3.499
13.091	3.513
13.060	3.526
13.030	3.539
12.999	3.552
12.968	3.564
12.937	3.576
12.906	3.587
12.874	3.598
12.843	3.609
12.811	3.619
12.779	3.628
12.746	3.637
12.714	3.646
12.682	3.655
12.649	3.664
12.616	3.672
12.584	3.680
12.551	3.689
12.519	3.697
12.486	3.705
12.454	3.714
12.422	3.723
12.390	3.732
12.358	3.741
12.326	3.751
12.295	3.761
12.264	3.771
12.233	3.782
12.203	3.793
12.173	3.805
12.143	3.818
12.114	3.831
12.085	3.845
12.057	3.859
12.028	3.873
12.000	3.887
11.973	3.902
11.946	3.916
11.919	3.931
11.892	3.945
11.865	3.959
11.839	3.972
11.813	3.985
11.787	3.998
11.761	4.009
11.736	4.020
11.710	4.030
11.685	4.039
11.659	4.047
11.634	4.054
11.609	4.060
11.584	4.064
11.560	4.068
11.535	4.070
11.511	4.072
11.487	4.074
11.464	4.075
11.442	4.076
11.420	4.078
11.399	4.079
11.379	4.082
11.360	4.085
11.342	4.089
11.325	4.094
11.310	4.100
11.296	4.108
11.283	4.117
11.272	4.127
11.264	4.137
11.259	4.147
11.256	4.156
11.257	4.165
11.262	4.172
11.271	4.177
11.284	4.181
11.300	4.183
11.320	4.183
11.343	4.182
11.368	4.180
11.396	4.177
11.426	4.173
11.459	4.167
11.493	4.161
11.528	4.154
11.565	4.146
11.603	4.137
11.642	4.128
11.681	4.119
11.721	4.109
11.760	4.099
11.799	4.089
11.838	4.079
11.876	4.068
11.913	4.058
11.949	4.048
11.984	4.039
12.017	4.029
12.049	4.020
12.081	4.011
12.111	4.002
12.141	3.993
12.170	3.984
12.198	3.976
12.225	3.967
12.253	3.959
12.279	3.950
12.306	3.942
12.332	3.933
12.358	3.925
12.384	3.917
12.410	3.908
12.437	3.899
12.463	3.891
12.490	3.882
12.517	3.873
12.544	3.864
12.572	3.854
12.600	3.845
12.628	3.836
12.657	3.826
12.686	3.816
12.716	3.807
12.745	3.797
12.775	3.788
12.805	3.778
12.835	3.769
12.865	3.759
12.895	3.750
12.925	3.741
12.956	3.732
12.986	3.723
13.016	3.714
13.046	3.706
13.077	3.697
13.107	3.689
13.137	3.681
13.166	3.674
13.196	3.666
13.225	3.659
13.255	3.652
13.284	3.646
13.313	3.639
13.343	3.633
13.372	3.627
13.401	3.620
13.431	3.614
13.461	3.608
13.490	3.602
13.520	3.596
13.550	3.590
13.581	3.584
13.611	3.578
13.642	3.572
13.673	3.566
13.705	3.559
13.736	3.553
13.769	3.546
13.801	3.539
13.834	3.532
13.868	3.525
13.901	3.517
13.935	3.510
13.969	3.502
14.003	3.495
14.038	3.487
14.072	3.479
14.106	3.471
14.141	3.463
14.175	3.455
14.210	3.447
14.244	3.439
14.278	3.431
14.311	3.423
14.345	3.415
14.378	3.407
14.411	3.399
14.443	3.391
14.475	3.383
14.507	3.375
14.537	3.368
14.568	3.360
14.598	3.353
14.627	3.346
14.655	3.340
14.683	3.333
14.710	3.328
14.736	3.323
14.762	3.319
14.786	3.315
14.810	3.313
14.833	3.311
14.855	3.311
14.876	3.311
14.896	3.313
14.916	3.317
14.934	3.322
14.951	3.328
14.967	3.336
14.982	3.346
14.996	3.357
15.010	3.369
15.022	3.382
15.033	3.396
15.044	3.410
15.054	3.425
15.064	3.441
15.073	3.456
15.081	3.471
15.089	3.486
15.096	3.501
15.103	3.515
15.109	3.528
15.113	3.542
15.115	3.555
15.116	3.567
15.114	3.579
15.109	3.591
15.101	3.602
15.090	3.613
15.076	3.624
15.058	3.634
15.038	3.644
15.015	3.654
14.989	3.663
14.961	3.673
14.930	3.681
14.898	3.690
14.863	3.698
14.827	3.706
14.789	3.714
14.750	3.721
14.710	3.728
14.669	3.735
14.627	3.741
14.584	3.748
14.540	3.753
14.496	3.759
14.452	3.764
14.408	3.770
14.365	3.774
14.321	3.779
14.278	3.783
14.236	3.787
14.194	3.791
14.153	3.795
14.112	3.798
14.072	3.801
14.033	3.805
13.994	3.808
13.956	3.811
13.918	3.814
13.880	3.817
13.843	3.820
13.807	3.824
13.770	3.827
13.734	3.831
13.699	3.835
13.663	3.839
13.628	3.843
13.593	3.848
13.558	3.853
13.524	3.858
13.489	3.864
13.455	3.870
13.420	3.877
13.386	3.884
13.352	3.892
13.318	3.900
13.283	3.909
13.249	3.919
13.215	3.929
13.180	3.939
13.146	3.950
13.111	3.961
13.077	3.972
13.042	3.984
13.008	3.996
12.973	4.008
12.938	4.021
12.903	4.033
12.869	4.046
12.834	4.058
12.799	4.071
12.764	4.083
12.729	4.095
12.694	4.107
12.659	4.119
12.624	4.131
12.588	4.142
12.553	4.153
12.518	4.164
12.482	4.174
12.447	4.183
12.411	4.193
12.376	4.201
12.340	4.209
12.305	4.217
12.269	4.225
12.234	4.232
12.199	4.238
12.163	4.244
12.128	4.250
12.094	4.256
12.059	4.262
12.025	4.267
11.991	4.272
11.957	4.277
11.924	4.281
11.891	4.286
11.859	4.291
11.827	4.295
11.795	4.299
11.764	4.304
11.734	4.308
11.704	4.313
11.675	4.317
11.646	4.322
11.618	4.326
11.590	4.331
11.563	4.336
11.536	4.340
11.510	4.345
11.483	4.350
11.457	4.355
11.430	4.359
11.404	4.364
11.377	4.368
11.350	4.372
11.323	4.376
11.296	4.380
11.268	4.384
11.239	4.387
11.210	4.391
11.180	4.394
11.149	4.396
11.117	4.399
11.085	4.401
11.052	4.403
11.020	4.405
10.987	4.406
10.955	4.408
10.924	4.410
10.893	4.411
10.865	4.413
10.838	4.416
10.813	4.418
10.791	4.421
10.772	4.424
10.755	4.427
10.742	4.432
10.733	4.436
10.727	4.442
10.726	4.448
10.729	4.454
10.736	4.461
10.746	4.468
10.760	4.476
10.776	4.483
10.795	4.489
10.816	4.495
10.839	4.501
10.863	4.506
10.888	4.509
10.914	4.511
10.941	4.512
10.968	4.512
10.996	4.511
11.024	4.508
11.053	4.504
11.082	4.500
11.112	4.494
11.142	4.488
11.173	4.482
11.205	4.474
11.237	4.467
11.269	4.458
11.302	4.450
11.336	4.441
11.370	4.433
11.405	4.424
11.440	4.415
11.476	4.407
11.512	4.399
11.549	4.391
11.586	4.384
11.624	4.377
11.662	4.371
11.701	4.365
11.740	4.360
11.780	4.355
11.820	4.351
11.860	4.348
11.900	4.345
11.941	4.342
11.982	4.339
12.023	4.337
12.065	4.335
12.106	4.333
12.147	4.331
12.188	4.329
12.230	4.327
12.271	4.325
12.311	4.323
12.352	4.321
12.392	4.319
12.432	4.316
12.472	4.314
12.511	4.310
12.550	4.307
12.589	4.303
12.626	4.299
12.664	4.294
12.700	4.288
12.736	4.282
12.772	4.275
12.806	4.268
12.840	4.260
12.874	4.252
12.907	4.243
12.940	4.234
12.972	4.225
13.004	4.216
13.036	4.206
13.068	4.197
13.099	4.187
13.131	4.177
13.162	4.168
13.194	4.158
13.226	4.149
13.257	4.140
13.289	4.132
13.322	4.123
13.354	4.116
13.388	4.108
13.421	4.102
13.455	4.096
13.490	4.090
13.525	4.086
13.561	4.082
13.597	4.079
13.634	4.076
13.671	4.074
13.708	4.073
13.746	4.072
13.784	4.071
13.823	4.071
13.861	4.071
13.900	4.072
13.939	4.073
13.978	4.074
14.016	4.075
14.055	4.077
14.094	4.078
14.132	4.080
14.171	4.082
14.209	4.083
14.246	4.085
14.284	4.086
14.321	4.088
14.358	4.089
14.394	4.090
14.429	4.090
14.464	4.091
14.499	4.091
14.532	4.091
14.565	4.090
14.597	4.090
14.629	4.090
14.659	4.090
14.688	4.090
14.716	4.091
14.743	4.092
14.769	4.093
14.794	4.096
14.817	4.099
14.839	4.103
14.859	4.108
14.878	4.114
14.895	4.122
14.911	4.130
14.925	4.140
14.937	4.151
14.947	4.164
14.955	4.177
14.961	4.191
14.965	4.206
14.967	4.221
14.966	4.236
14.963	4.251
14.957	4.266
14.949	4.280
14.938	4.294
14.924	4.307
14.908	4.320
14.890	4.332
14.870	4.343
14.847	4.354
14.822	4.364
14.796	4.374
14.768	4.383
14.738	4.392
14.706	4.400
14.673	4.408
14.639	4.415
14.603	4.422
14.566	4.429
14.529	4.435
14.490	4.440
14.450	4.446
14.409	4.450
14.368	4.455
14.326	4.459
14.284	4.463
14.241	4.466
14.198	4.469
14.154	4.472
14.110	4.474
14.066	4.476
14.022	4.478
13.977	4.480
13.932	4.481
13.886	4.483
13.841	4.484
13.796	4.485
13.750	4.486
13.705	4.487
13.660	4.487
13.614	4.488
13.569	4.489
13.524	4.489
13.480	4.490
13.435	4.490
13.391	4.491
13.347	4.492
13.304	4.493
13.261	4.493
13.218	4.494
13.176	4.495
13.135	4.497
13.094	4.498
13.054	4.500
13.014	4.502
12.975	4.504
12.937	4.506
12.899	4.508
12.862	4.511
12.825	4.514
12.789	4.517
12.753	4.520
12.718	4.523
12.684	4.526
12.649	4.530
12.615	4.533
12.582	4.537
12.548	4.540
12.515	4.544
12.483	4.548
12.450	4.552
12.418	4.556
12.386	4.560
12.354	4.564
12.323	4.568
12.291	4.572
12.260	4.576
12.228	4.580
12.197	4.585
12.166	4.589
12.135	4.593
12.104	4.597
12.073	4.601
12.042	4.604
12.011	4.608
11.981	4.612
11.950	4.616
11.920	4.619
11.890	4.622
11.861	4.626
11.831	4.629
11.802	4.632
11.773	4.635
11.744	4.638
11.716	4.640
11.687	4.643
11.659	4.645
11.632	4.647
11.605	4.649
11.578	4.650
11.551	4.652
11.525	4.653
11.498	4.655
11.472	4.656
11.445	4.657
11.419	4.658
11.392	4.659
11.365	4.661
11.338	4.662
11.310	4.664
11.282	4.665
11.253	4.667
11.224	4.669
11.194	4.671
11.164	4.674
11.132	4.676
11.100	4.679
11.067	4.683
11.033	4.687
10.999	4.691
10.964	4.695
10.930	4.699
10.896	4.704
10.863	4.709
10.831	4.714
10.800	4.719
10.772	4.724
10.745	4.729
10.721	4.734
10.700	4.739
10.682	4.744
10.667	4.749
10.656	4.753
10.649	4.757
10.647	4.761
10.649	4.765
10.656	4.768
10.668	4.771
10.683	4.773
10.702	4.775
10.725	4.777
10.751	4.779
10.780	4.781
10.811	4.782
10.846	4.783
10.882	4.784
10.921	4.785
10.962	4.785
11.004	4.785
11.047	4.786
11.091	4.786
11.136	4.786
11.182	4.785
11.228	4.785
11.274	4.785
11.320	4.785
11.366	4.784
11.410	4.784
11.454	4.783
11.497	4.783
11.539	4.782
11.581	4.782
11.622	4.781
11.662	4.780
11.701	4.780
11.740	4.779
11.778	4.778
11.815	4.778
11.852	4.777
11.888	4.776
11.924	4.775
11.960	4.774
11.995	4.773
12.029	4.772
12.064	4.771
12.098	4.770
12.131	4.769
12.165	4.768
12.198	4.767
12.231	4.765
12.264	4.764
12.296	4.762
12.329	4.761
12.361	4.760
12.394	4.758
12.426	4.756
12.459	4.755
12.491	4.753
12.523	4.751
12.556	4.749
12.588	4.748
12.621	4.746
12.654	4.744
12.687	4.742
12.720	4.740
12.753	4.738
12.786	4.736
12.820	4.734
12.854	4.731
12.888	4.729
12.923	4.727
12.957	4.725
12.992	4.723
13.028	4.720
13.064	4.718
13.100	4.716
13.136	4.713
13.173	4.711
13.211	4.709
13.248	4.706
13.286	4.704
13.324	4.702
13.363	4.700
13.401	4.698
13.440	4.696
13.478	4.694
13.517	4.692
13.555	4.690
13.594	4.688
13.632	4.687
13.670	4.685
13.708	4.684
13.746	4.683
13.783	4.682
13.820	4.681
13.857	4.681
13.893	4.680
13.929	4.680
13.965	4.680
14.000	4.680
14.034	4.681
14.068	4.682
14.101	4.683
14.133	4.684
14.165	4.686
14.196	4.688
14.227	4.690
14.257	4.693
14.286	4.696
14.314	4.699
14.342	4.703
14.370	4.707
14.396	4.711
14.422	4.716
14.447	4.722
14.472	4.727
14.496	4.734
14.519	4.740
14.542	4.748
14.564	4.755
14.585	4.764
14.605	4.772
14.625	4.782
14.644	4.792
14.662	4.802
14.679	4.813
14.695	4.825
14.710	4.837
14.724	4.850
14.737	4.863
14.748	4.877
14.758	4.892
14.766	4.907
14.773	4.923
14.778	4.940
14.782	4.957
14.784	4.974
14.785	4.991
14.783	5.008
14.780	5.025
14.775	5.041
14.768	5.056
14.758	5.070
14.747	5.082
14.734	5.093
14.718	5.103
14.701	5.111
14.681	5.118
14.660	5.123
14.636	5.127
14.612	5.130
14.585	5.131
14.557	5.132
14.528	5.132
14.497	5.130
14.466	5.128
14.433	5.126
14.399	5.123
14.364	5.119
14.328	5.115
14.292	5.110
14.255	5.105
14.218	5.100
14.180	5.095
14.142	5.090
14.103	5.085
14.064	5.080
14.026	5.075
13.987	5.070
13.947	5.065
13.908	5.060
13.869	5.056
13.829	5.051
13.790	5.047
13.751	5.043
13.711	5.039
13.672	5.035
13.633	5.031
13.594	5.028
13.555	5.024
13.516	5.021
13.478	5.018
13.439	5.015
13.401	5.012
13.364	5.010
13.326	5.008
13.289	5.006
13.252	5.004
13.216	5.002
13.180	5.001
13.145	5.000
13.110	4.999
13.075	4.999
13.041	4.998
13.008	4.998
12.975	4.998
12.942	4.999
12.910	4.999
12.879	4.999
12.847	5.000
12.817	5.000
12.786	5.001
12.756	5.001
12.727	5.002
12.697	5.002
12.669	5.002
12.640	5.002
12.612	5.002
12.584	5.002
12.557	5.002
12.530	5.001
12.503	5.000
12.477	4.999
12.451	4.997
12.425	4.995
12.400	4.993
12.374	4.991
12.349	4.989
12.323	4.987
12.297	4.984
12.272	4.982
12.246	4.979
12.220	4.977
12.193	4.975
12.167	4.973
12.139	4.971
12.112	4.969
12.084	4.968
12.055	4.967
12.025	4.966
11.995	4.965
11.965	4.965
11.933	4.966
11.901	4.966
11.868	4.967
11.835	4.968
11.802	4.969
11.768	4.970
11.734	4.972
11.699	4.974
11.665	4.975
11.630	4.977
11.595	4.979
11.560	4.980
11.524	4.982
11.489	4.984
11.454	4.985
11.420	4.986
11.385	4.987
11.351	4.988
11.317	4.988
11.283	4.989
11.250	4.989
11.217	4.988
11.184	4.987
11.153	4.986
11.121	4.985
11.090	4.983
11.059	4.982
11.029	4.980
10.998	4.979
10.968	4.977
10.938	4.976
10.909	4.975
10.879	4.974
10.849	4.974
10.820	4.975
10.790	4.975
10.760	4.977
10.730	4.979
10.700	4.982
10.670	4.986
10.640	4.990
10.609	4.996
10.578	5.002
10.546	5.010
10.515	5.019
10.484	5.028
10.454	5.038
10.424	5.049
10.395	5.060
10.368	5.071
10.342	5.083
10.319	5.095
10.297	5.106
10.278	5.118
10.261	5.129
10.247	5.140
10.237	5.150
10.230	5.160
10.227	5.168
10.227	5.176
10.232	5.184
10.240	5.190
10.251	5.196
10.265	5.201
10.282	5.206
10.301	5.210
10.322	5.214
10.345	5.217
10.369	5.221
10.395	5.224
10.421	5.227
10.448	5.230
10.475	5.234
10.503	5.237
10.531	5.241
10.560	5.244
10.590	5.248
10.620	5.252
10.650	5.256
10.681	5.260
10.713	5.264
10.745	5.268
10.778	5.273
10.811	5.277
10.844	5.282
10.878	5.287
10.913	5.292
10.948	5.297
10.984	5.303
11.020	5.308
11.057	5.314
11.094	5.320
11.131	5.327
11.170	5.333
11.208	5.340
11.247	5.347
11.287	5.354
11.326	5.361
11.366	5.369
11.406	5.376
11.447	5.384
11.487	5.392
11.528	5.400
11.569	5.408
11.609	5.416
11.650	5.424
11.691	5.433
11.731	5.441
11.771	5.449
11.811	5.458
11.851	5.466
11.890	5.474
11.929	5.483
11.968	5.491
12.006	5.499
12.044	5.508
12.081	5.516
12.118	5.524
12.154	5.532
12.189	5.539
12.223	5.547
12.257	5.554
12.290	5.562
12.323	5.569
12.355	5.576
12.386	5.583
12.417	5.590
12.447	5.597
12.477	5.604
12.507	5.611
12.536	5.617
12.565	5.624
12.594	5.631
12.623	5.638
12.651	5.644
12.680	5.651
12.708	5.658
12.737	5.665
12.766	5.672
12.795	5.679
12.824	5.686
12.853	5.693
12.883	5.701
12.913	5.708
12.943	5.716
12.974	5.723
13.004	5.731
13.035	5.739
13.065	5.747
13.095	5.756
13.126	5.764
13.156	5.773
13.186	5.781
13.215	5.790
13.245	5.799
13.274	5.808
13.302	5.818
13.330	5.827
13.357	5.837
13.384	5.847
13.410	5.857
13.436	5.867
13.461	5.878
13.485	5.888
13.508	5.899
13.531	5.910
13.553	5.922
13.574	5.933
13.596	5.945
13.617	5.958
13.638	5.970
13.658	5.983
13.679	5.996
13.699	6.010
13.720	6.024
13.741	6.038
13.762	6.053
13.783	6.069
13.805	6.085
13.827	6.101
13.850	6.118
13.873	6.135
13.896	6.152
13.919	6.170
13.942	6.188
13.963	6.206
13.984	6.224
14.003	6.242
14.021	6.259
14.037	6.276
14.050	6.293
14.062	6.309
14.071	6.324
14.076	6.339
14.079	6.353
14.078	6.366
14.074	6.377
14.066	6.388
14.055	6.398
14.042	6.406
14.026	6.413
14.008	6.419
13.987	6.423
13.966	6.426
13.942	6.427
13.918	6.427
13.893	6.425
13.868	6.421
13.842	6.415
13.816	6.408
13.790	6.399
13.764	6.388
13.737	6.376
13.711	6.363
13.684	6.349
13.657	6.333
13.630	6.317
13.603	6.300
13.575	6.282
13.548	6.264
13.520	6.246
13.492	6.227
13.463	6.208
13.435	6.188
13.406	6.169
13.377	6.150
13.348	6.132
13.319	6.114
13.290	6.096
13.260	6.079
13.230	6.063
13.200	6.047
13.170	6.033
13.140	6.019
13.109	6.005
13.078	5.993
13.047	5.981
13.016	5.969
12.985	5.958
12.953	5.948
12.922	5.938
12.890	5.929
12.858	5.920
12.826	5.912
12.794	5.904
12.762	5.896
12.730	5.889
12.698	5.882
12.665	5.875
12.633	5.868
12.600	5.862
12.567	5.856
12.535	5.850
12.502	5.844
12.469	5.839
12.436	5.833
12.403	5.828
12.371	5.823
12.338	5.817
12.305	5.812
12.272	5.807
12.239	5.802
12.207	5.798
12.174	5.793
12.141	5.788
12.109	5.783
12.077	5.778
12.044	5.773
12.012	5.769
11.980	5.764
11.948	5.759
11.917	5.754
11.885	5.749
11.854	5.744
11.823	5.739
11.792	5.734
11.761	5.729
11.730	5.723
11.700	5.718
11.670	5.713
11.640	5.707
11.610	5.702
11.581	5.696
11.551	5.690
11.522	5.685
11.493	5.679
11.464	5.673
11.436	5.668
11.407	5.662
11.379	5.656
11.351	5.650
11.323	5.645
11.295	5.639
11.267	5.633
11.240	5.627
11.213	5.622
11.186	5.616
11.159	5.610
11.132	5.605
11.105	5.599
11.078	5.593
11.051	5.588
11.024	5.582
10.997	5.576
10.969	5.570
10.942	5.564
10.914	5.558
10.886	5.551
10.857	5.545
10.829	5.538
10.800	5.531
10.770	5.524
10.740	5.517
10.710	5.510
10.679	5.502
10.647	5.494
10.615	5.486
10.583	5.478
10.552	5.470
10.521	5.462
10.491	5.454
10.462	5.447
10.435	5.440
10.410	5.434
10.387	5.429
10.367	5.425
10.350	5.421
10.336	5.419
10.326	5.418
10.319	5.418
10.318	5.420
10.320	5.423
10.327	5.428
10.338	5.435
10.353	5.442
10.371	5.451
10.393	5.461
10.417	5.471
10.444	5.483
10.474	5.496
10.505	5.509
10.538	5.523
10.573	5.537
10.609	5.552
10.646	5.567
10.683	5.582
10.720	5.598
10.758	5.613
10.795	5.628
10.832	5.643
10.868	5.658
10.903	5.672
10.936	5.686
10.968	5.700
10.999	5.713
11.028	5.726
11.057	5.738
11.085	5.750
11.111	5.762
11.138	5.773
11.163	5.785
11.188	5.796
11.212	5.807
11.236	5.817
11.259	5.828
11.282	5.839
11.306	5.850
11.329	5.860
11.352	5.871
11.375	5.882
11.398	5.893
11.422	5.904
11.446	5.915
11.470	5.926
11.494	5.937
11.519	5.949
11.544	5.960
11.569	5.972
11.595	5.984
11.620	5.996
11.646	6.008
11.672	6.019
11.698	6.031
11.725	6.043
11.751	6.055
11.778	6.067
11.805	6.079
11.831	6.091
11.858	6.103
11.885	6.115
11.912	6.126
11.939	6.138
11.966	6.150
11.994	6.161
12.021	6.173
12.048	6.185
12.075	6.196
12.103	6.208
12.130	6.220
12.158	6.233
12.185	6.245
12.213	6.258
12.241	6.271
12.269	6.284
12.297	6.298
12.325	6.312
12.354	6.327
12.382	6.342
12.411	6.358
12.439	6.374
12.468	6.390
12.497	6.408
12.527	6.425
12.556	6.444
12.585	6.463
12.615	6.482
12.645	6.502
12.674	6.522
12.704	6.542
12.734	6.563
12.764	6.584
12.794	6.604
12.824	6.625
12.854	6.646
12.884	6.667
12.914	6.687
12.944	6.708
12.974	6.728
13.003	6.747
13.033	6.767
13.062	6.785
13.092	6.804
13.121	6.821
13.150	6.838
13.179	6.855
13.207	6.870
13.236	6.885
13.264	6.899
13.292	6.912
13.319	6.925
13.346	6.938
13.373	6.949
13.400	6.961
13.426	6.973
13.452	6.985
13.477	6.996
13.502	7.008
13.526	7.021
13.550	7.033
13.573	7.047
13.596	7.060
13.618	7.075
13.639	7.091
13.660	7.107
13.680	7.125
13.700	7.144
13.719	7.163
13.736	7.184
13.753	7.206
13.768	7.227
13.782	7.249
13.793	7.271
13.803	7.292
13.811	7.312
13.816	7.331
13.819	7.349
13.819	7.365
13.817	7.379
13.811	7.391
13.802	7.401
13.789	7.408
13.774	7.413
13.756	7.415
13.736	7.415
13.714	7.414
13.690	7.410
13.664	7.405
13.638	7.399
13.612	7.391
13.584	7.382
13.557	7.372
13.530	7.361
13.504	7.350
13.479	7.337
13.455	7.325
13.433	7.312
13.413	7.299
13.394	7.286
13.376	7.273
13.359	7.260
13.344	7.247
13.329	7.234
13.314	7.221
13.300	7.208
13.286	7.195
13.272	7.182
13.258	7.169
13.243	7.157
13.227	7.144
13.210	7.132
13.192	7.120
13.173	7.109
13.153	7.097
13.133	7.086
13.111	7.074
13.089	7.063
13.065	7.052
13.041	7.041
13.017	7.029
12.992	7.018
12.966	7.007
12.940	6.995
12.913	6.983
12.886	6.972
12.858	6.959
12.831	6.947
12.803	6.934
12.775	6.921
12.747	6.908
12.718	6.894
12.690	6.880
12.661	6.866
12.633	6.851
12.604	6.837
12.575	6.822
12.547	6.806
12.518	6.791
12.489	6.775
12.460	6.760
12.431	6.744
12.402	6.728
12.373	6.712
12.344	6.696
12.314	6.681
12.285	6.665
12.256	6.649
12.227	6.633
12.198	6.618
12.168	6.602
12.139	6.587
12.110	6.572
12.081	6.557
12.052	6.542
12.023	6.527
11.993	6.513
11.964	6.498
11.935	6.484
11.906	6.470
11.877	6.456
11.848	6.442
11.819	6.428
11.790	6.414
11.762	6.400
11.733	6.385
11.704	6.371
11.676	6.357
11.647	6.343
11.618	6.329
11.590	6.314
11.562	6.300
11.533	6.285
11.505	6.270
11.477	6.255
11.449	6.240
11.421	6.225
11.393	6.209
11.365	6.194
11.338	6.178
11.310	6.162
11.283	6.147
11.255	6.131
11.228	6.115
11.201	6.100
11.174	6.084
11.147	6.069
11.121	6.054
11.094	6.039
11.068	6.024
11.042	6.009
11.016	5.995
10.990	5.980
10.964	5.966
10.939	5.953
10.913	5.940
10.888	5.927
10.863	5.914
10.839	5.902
10.814	5.890
10.789	5.878
10.765	5.866
10.740	5.854
10.716	5.843
10.691	5.831
10.666	5.820
10.642	5.809
10.617	5.797
10.592	5.786
10.567	5.774
10.541	5.762
10.516	5.750
10.490	5.738
10.464	5.726
10.437	5.713
10.410	5.700
10.383	5.687
10.356	5.673
10.329	5.660
10.301	5.646
10.274	5.632
10.246	5.618
10.218	5.605
10.190	5.591
10.163	5.578
10.135	5.565
10.108	5.552
10.080	5.539
10.054	5.527
10.027	5.516
10.001	5.505
9.975	5.494
9.949	5.484
9.924	5.475
9.899	5.466
9.875	5.459
9.852	5.451
9.829	5.445
9.806	5.439
9.784	5.434
9.761	5.429
9.740	5.425
9.718	5.421
9.697	5.417
9.675	5.414
9.654	5.411
9.633	5.408
9.611	5.405
9.590	5.402
9.568	5.399
9.546	5.396
9.524	5.393
9.502	5.390
9.479	5.386
9.457	5.383
9.435	5.380
9.412	5.378
9.390	5.375
9.367	5.373
9.345	5.372
9.323	5.371
9.302	5.370
9.280	5.371
9.259	5.372
9.239	5.373
9.219	5.376
9.199	5.379
9.179	5.383
9.160	5.387
9.142	5.391
9.123	5.395
9.105	5.399
9.087	5.402
9.069	5.404
9.051	5.405
9.032	5.405
9.014	5.403
8.996	5.400
8.977	5.394
8.959	5.386
8.940	5.376
8.921	5.364
8.903	5.351
8.885	5.336
8.867	5.320
8.849	5.303
8.833	5.284
8.817	5.264
8.801	5.244
8.787	5.222
8.774	5.201
8.762	5.178
8.751	5.156
8.741	5.133
8.733	5.110
8.726	5.087
8.721	5.064
8.718	5.041
8.716	5.018
8.715	4.995
8.716	4.972
8.718	4.948
8.722	4.925
8.727	4.901
8.734	4.877
8.743	4.853
8.752	4.828
8.764	4.803
8.776	4.778
8.791	4.753
8.806	4.727
