X	Y
13.007	6.109
13.006	6.104
13.013	6.099
13.028	6.095
13.049	6.093
13.075	6.091
13.108	6.089
13.145	6.089
13.186	6.088
13.232	6.088
13.280	6.088
13.331	6.089
13.384	6.089
13.439	6.089
13.494	6.089
13.550	6.088
13.606	6.087
13.660	6.086
13.714	6.083
13.765	6.080
13.815	6.075
13.861	6.070
13.906	6.064
13.949	6.058
13.990	6.050
14.030	6.043
14.068	6.034
14.104	6.026
14.140	6.017
14.175	6.009
14.209	6.000
14.242	5.991
14.276	5.983
14.309	5.975
14.342	5.967
14.375	5.960
14.408	5.953
14.442	5.947
14.477	5.942
14.512	5.937
14.548	5.934
14.585	5.930
14.622	5.928
14.659	5.926
14.697	5.924
14.735	5.923
14.773	5.922
14.812	5.921
14.850	5.921
14.889	5.920
14.927	5.920
14.965	5.919
15.004	5.919
15.042	5.918
15.079	5.917
15.117	5.916
15.154	5.915
15.190	5.913
15.226	5.911
15.262	5.908
15.298	5.906
15.333	5.903
15.369	5.900
15.404	5.896
15.439	5.893
15.474	5.889
15.510	5.885
15.545	5.880
15.580	5.876
15.616	5.871
15.652	5.867
15.688	5.862
15.724	5.857
15.761	5.852
15.798	5.847
15.835	5.842
15.873	5.837
15.911	5.832
15.950	5.827
15.989	5.822
16.029	5.817
16.069	5.812
16.110	5.807
16.151	5.802
16.193	5.798
16.236	5.793
16.279	5.789
16.323	5.785
16.367	5.781
16.412	5.777
16.458	5.773
16.504	5.770
16.552	5.767
16.599	5.764
16.648	5.762
16.697	5.760
16.747	5.758
16.797	5.756
16.848	5.755
16.899	5.753
16.950	5.753
17.002	5.752
17.053	5.751
17.105	5.751
17.157	5.751
17.209	5.752
17.260	5.752
17.312	5.753
17.363	5.754
17.415	5.755
17.465	5.756
17.516	5.758
17.566	5.759
17.615	5.761
17.664	5.763
17.712	5.766
17.759	5.768
17.806	5.771
17.852	5.774
17.897	5.777
17.942	5.780
17.987	5.783
18.031	5.786
18.075	5.790
18.118	5.793
18.162	5.797
18.205	5.800
18.249	5.804
18.292	5.808
18.336	5.812
18.380	5.815
18.425	5.819
18.470	5.823
18.515	5.827
18.561	5.830
18.608	5.834
18.655	5.838
18.703	5.841
18.752	5.844
18.802	5.848
18.853	5.851
18.904	5.854
18.956	5.857
19.008	5.860
19.060	5.863
19.112	5.866
19.165	5.869
19.217	5.871
19.268	5.874
19.320	5.877
19.370	5.879
19.421	5.881
19.470	5.884
19.518	5.886
19.565	5.888
19.611	5.891
19.656	5.893
19.700	5.895
19.741	5.897
19.781	5.899
19.820	5.901
19.856	5.903
19.891	5.905
19.923	5.907
19.955	5.908
19.985	5.910
20.013	5.912
20.041	5.914
20.068	5.916
20.094	5.919
20.120	5.921
20.145	5.923
20.170	5.926
20.195	5.929
20.220	5.932
20.246	5.935
20.271	5.938
20.297	5.941
20.323	5.945
20.350	5.949
20.377	5.953
20.404	5.958
20.432	5.962
20.459	5.968
20.488	5.973
20.516	5.979
20.545	5.985
20.574	5.991
20.604	5.998
20.634	6.005
20.664	6.012
20.694	6.020
20.724	6.028
20.754	6.036
20.784	6.045
20.814	6.055
20.843	6.065
20.871	6.075
20.900	6.085
20.927	6.096
20.954	6.108
20.980	6.120
21.005	6.132
21.029	6.145
21.052	6.158
21.075	6.172
21.096	6.186
21.117	6.201
21.138	6.215
21.158	6.231
21.177	6.246
21.196	6.262
21.215	6.278
21.233	6.294
21.251	6.311
21.269	6.328
21.287	6.345
21.304	6.363
21.322	6.380
21.340	6.398
21.357	6.416
21.374	6.433
21.392	6.451
21.409	6.469
21.427	6.487
21.444	6.505
21.462	6.523
21.480	6.541
21.497	6.559
21.514	6.577
21.530	6.596
21.544	6.614
21.558	6.634
21.570	6.654
21.581	6.675
21.590	6.697
21.596	6.720
21.600	6.743
21.601	6.768
21.601	6.794
21.598	6.820
21.593	6.847
21.587	6.875
21.579	6.902
21.570	6.930
21.561	6.957
21.550	6.984
21.539	7.011
21.527	7.037
21.516	7.062
21.505	7.086
21.493	7.109
21.482	7.131
21.472	7.153
21.462	7.173
21.452	7.193
21.442	7.213
21.433	7.233
21.424	7.252
21.416	7.272
21.408	7.291
21.401	7.311
21.394	7.331
21.387	7.352
21.380	7.372
21.373	7.393
21.366	7.414
21.358	7.435
21.350	7.456
21.340	7.478
21.329	7.499
21.317	7.520
21.303	7.542
21.288	7.563
21.272	7.584
21.255	7.604
21.236	7.625
21.217	7.644
21.197	7.664
21.177	7.682
21.156	7.700
21.135	7.718
21.114	7.734
21.093	7.749
21.072	7.764
21.052	7.777
21.031	7.790
21.011	7.802
20.992	7.814
20.973	7.826
20.954	7.838
20.935	7.851
20.917	7.864
20.900	7.879
20.882	7.895
20.866	7.913
20.850	7.933
20.834	7.953
20.818	7.975
20.803	7.998
20.788	8.021
20.773	8.045
20.758	8.068
20.743	8.091
20.728	8.113
20.712	8.134
20.697	8.154
20.681	8.171
20.665	8.187
20.648	8.202
20.632	8.214
20.614	8.226
20.597	8.236
20.579	8.247
20.561	8.257
20.543	8.267
20.524	8.278
20.505	8.290
20.486	8.303
20.467	8.318
20.447	8.333
20.428	8.350
20.408	8.367
20.388	8.384
20.368	8.402
20.347	8.420
20.326	8.438
20.306	8.456
20.285	8.473
20.263	8.490
20.242	8.505
20.221	8.520
20.199	8.534
20.177	8.547
20.155	8.559
20.132	8.571
20.109	8.583
20.085	8.594
20.061	8.604
20.037	8.615
20.012	8.626
19.986	8.636
19.959	8.647
19.932	8.658
19.904	8.670
19.876	8.682
19.847	8.694
19.818	8.706
19.789	8.720
19.761	8.733
19.732	8.747
19.705	8.762
19.677	8.777
19.651	8.793
19.626	8.809
19.602	8.826
19.580	8.844
19.559	8.863
19.539	8.882
19.521	8.901
19.505	8.921
19.489	8.941
19.473	8.961
19.459	8.981
19.444	9.001
19.429	9.020
19.414	9.038
19.398	9.056
19.381	9.072
19.363	9.087
19.344	9.101
19.323	9.114
19.302	9.126
19.280	9.137
19.258	9.148
19.235	9.158
19.212	9.169
19.190	9.179
19.167	9.190
19.145	9.201
19.123	9.212
19.102	9.225
19.082	9.238
19.063	9.252
19.044	9.266
19.025	9.281
19.006	9.296
18.988	9.311
18.969	9.326
18.950	9.341
18.930	9.355
18.910	9.369
18.889	9.382
18.867	9.395
18.845	9.407
18.822	9.419
18.798	9.430
18.774	9.441
18.750	9.453
18.727	9.464
18.703	9.475
18.680	9.487
18.657	9.500
18.635	9.513
18.613	9.527
18.593	9.542
18.573	9.557
18.554	9.573
18.535	9.590
18.516	9.607
18.498	9.624
18.479	9.641
18.460	9.658
18.440	9.674
18.420	9.690
18.399	9.705
18.377	9.719
18.354	9.732
18.329	9.745
18.304	9.756
18.277	9.766
18.250	9.776
18.221	9.785
18.193	9.793
18.163	9.801
18.133	9.808
18.103	9.815
18.072	9.821
18.042	9.827
18.011	9.833
17.980	9.839
17.950	9.845
17.919	9.850
17.889	9.856
17.859	9.862
17.830	9.868
17.800	9.875
17.771	9.881
17.743	9.888
17.714	9.896
17.686	9.904
17.659	9.912
17.632	9.921
17.605	9.931
17.579	9.941
17.553	9.952
17.528	9.964
17.503	9.976
17.478	9.988
17.454	10.000
17.429	10.012
17.405	10.023
17.381	10.033
17.356	10.042
17.332	10.050
17.307	10.056
17.282	10.061
17.256	10.064
17.230	10.064
17.204	10.063
17.177	10.060
17.150	10.056
17.122	10.051
17.095	10.045
17.068	10.040
17.041	10.034
17.014	10.029
16.987	10.024
16.961	10.021
16.935	10.019
16.909	10.019
16.884	10.021
16.860	10.024
16.836	10.029
16.812	10.034
16.789	10.041
16.766	10.047
16.743	10.054
16.720	10.061
16.698	10.068
16.675	10.073
16.652	10.078
16.629	10.081
16.605	10.083
16.582	10.084
16.558	10.085
16.533	10.084
16.508	10.083
16.483	10.082
16.457	10.081
16.430	10.080
16.403	10.079
16.375	10.078
16.346	10.078
16.316	10.079
16.285	10.081
16.254	10.083
16.222	10.085
16.189	10.089
16.156	10.092
16.123	10.095
16.090	10.098
16.057	10.102
16.024	10.104
15.991	10.107
15.958	10.109
15.926	10.110
15.895	10.110
15.864	10.109
15.834	10.107
15.805	10.104
15.776	10.100
15.749	10.095
15.722	10.089
15.695	10.083
15.668	10.076
15.642	10.068
15.616	10.060
15.590	10.052
15.564	10.043
15.538	10.034
15.511	10.026
15.484	10.017
15.457	10.009
15.429	10.001
15.401	9.993
15.373	9.986
15.345	9.978
15.316	9.972
15.287	9.965
15.259	9.959
15.230	9.952
15.202	9.947
15.173	9.942
15.145	9.937
15.118	9.932
15.090	9.928
15.064	9.924
15.037	9.921
15.011	9.917
14.985	9.914
14.959	9.911
14.933	9.908
14.907	9.905
14.882	9.902
14.856	9.898
14.830	9.894
14.804	9.890
14.778	9.885
14.751	9.880
14.724	9.875
14.698	9.869
14.671	9.863
14.644	9.856
14.618	9.850
14.592	9.845
14.566	9.840
14.541	9.835
14.517	9.831
14.494	9.828
14.471	9.826
14.450	9.825
14.429	9.825
14.409	9.826
14.390	9.828
14.370	9.829
14.350	9.830
14.329	9.831
14.307	9.831
14.283	9.830
14.258	9.828
14.231	9.824
14.202	9.819
14.171	9.812
14.140	9.805
14.108	9.797
14.076	9.791
14.045	9.785
14.015	9.781
13.987	9.779
13.961	9.780
13.938	9.784
13.919	9.792
13.904	9.804
13.893	9.821
13.886	9.843
13.883	9.868
13.883	9.894
13.884	9.922
13.887	9.949
13.889	9.974
13.890	9.996
13.890	10.015
13.888	10.028
13.882	10.035
13.872	10.035
13.859	10.029
13.845	10.018
13.828	10.003
13.811	9.985
13.794	9.965
13.778	9.944
13.764	9.923
13.752	9.904
13.743	9.886
13.737	9.870
13.731	9.856
13.727	9.844
13.722	9.833
13.715	9.822
13.706	9.812
13.694	9.802
13.678	9.792
13.661	9.782
13.641	9.772
13.621	9.763
13.600	9.754
13.579	9.745
13.559	9.736
13.540	9.728
13.524	9.720
13.511	9.713
13.499	9.706
13.489	9.701
13.480	9.696
13.471	9.693
13.463	9.691
13.454	9.691
13.444	9.691
13.432	9.692
13.419	9.692
13.404	9.692
13.387	9.690
13.368	9.687
13.347	9.683
13.326	9.677
13.305	9.670
13.283	9.661
13.263	9.651
13.243	9.640
13.226	9.627
13.210	9.613
13.197	9.597
13.186	9.580
13.176	9.562
13.168	9.544
13.160	9.526
13.152	9.507
13.144	9.489
13.136	9.472
13.127	9.455
13.116	9.440
13.103	9.426
13.090	9.413
13.075	9.401
13.060	9.390
13.044	9.380
13.027	9.370
13.010	9.360
12.993	9.351
12.976	9.341
12.959	9.332
12.943	9.322
12.928	9.311
12.915	9.299
12.904	9.286
12.895	9.271
12.889	9.254
12.887	9.234
12.887	9.213
12.890	9.189
12.896	9.163
12.904	9.136
12.914	9.106
12.926	9.075
12.939	9.043
12.953	9.009
12.968	8.974
12.984	8.938
13.000	8.901
13.015	8.864
13.031	8.826
13.045	8.787
13.059	8.749
13.071	8.710
13.082	8.671
13.091	8.632
13.100	8.593
13.107	8.554
13.113	8.515
13.118	8.475
13.122	8.436
13.125	8.397
13.127	8.357
13.129	8.318
13.130	8.278
13.130	8.239
13.130	8.199
13.130	8.159
13.129	8.119
13.128	8.079
13.127	8.039
13.126	7.999
13.125	7.959
13.124	7.918
13.123	7.878
13.122	7.837
13.121	7.797
13.120	7.756
13.118	7.716
13.116	7.676
13.114	7.635
13.112	7.595
13.109	7.556
13.106	7.516
13.103	7.477
13.098	7.438
13.094	7.399
13.088	7.361
13.082	7.323
13.076	7.285
13.068	7.248
13.060	7.211
13.051	7.175
13.042	7.140
13.032	7.105
13.022	7.070
13.012	7.036
13.003	7.003
12.994	6.970
12.986	6.938
12.978	6.906
12.972	6.875
12.967	6.845
12.963	6.816
12.961	6.787
12.961	6.758
12.962	6.731
12.966	6.704
12.972	6.678
12.979	6.652
12.987	6.626
12.996	6.601
13.006	6.575
13.016	6.550
13.026	6.524
13.036	6.497
13.045	6.470
13.053	6.442
13.060	6.413
13.065	6.383
13.069	6.352
13.071	6.320
13.071	6.288
13.071	6.257
13.070	6.227
13.070	6.200
13.069	6.176
13.070	6.155
13.072	6.140
13.075	6.129
13.080	6.124
13.087	6.126
13.094	6.132
13.097	6.138
13.092	6.141
13.080	6.140
13.064	6.136
13.046	6.131
13.029	6.124
13.015	6.116
13.007	6.109
