X	Y
9.000	5.034
9.014	5.023
9.031	5.016
9.051	5.011
9.073	5.010
9.099	5.011
9.127	5.015
9.157	5.021
9.190	5.029
9.224	5.040
9.261	5.053
9.300	5.068
9.340	5.084
9.381	5.102
9.424	5.122
9.468	5.143
9.514	5.165
9.560	5.188
9.607	5.212
9.654	5.236
9.702	5.262
9.751	5.288
9.799	5.314
9.848	5.340
9.896	5.367
9.945	5.393
9.992	5.419
10.040	5.445
10.086	5.470
10.132	5.495
10.177	5.519
10.221	5.543
10.265	5.566
10.308	5.588
10.350	5.610
10.392	5.631
10.434	5.652
10.475	5.673
10.515	5.692
10.555	5.711
10.595	5.730
10.634	5.748
10.672	5.765
10.711	5.782
10.749	5.799
10.787	5.815
10.825	5.830
10.862	5.845
10.899	5.859
10.936	5.873
10.973	5.886
11.010	5.899
11.047	5.911
11.084	5.923
11.121	5.934
11.158	5.945
11.194	5.955
11.231	5.965
11.268	5.974
11.305	5.983
11.342	5.991
11.378	5.999
11.414	6.008
11.450	6.016
11.485	6.024
11.520	6.032
11.554	6.040
11.587	6.049
11.620	6.057
11.651	6.066
11.682	6.076
11.711	6.086
11.740	6.096
11.767	6.108
11.793	6.120
11.817	6.132
11.840	6.146
11.862	6.160
11.881	6.176
11.900	6.192
11.916	6.209
11.932	6.228
11.946	6.247
11.960	6.266
11.973	6.287
11.986	6.307
11.999	6.329
12.011	6.350
12.024	6.372
12.038	6.394
12.051	6.416
12.066	6.438
12.082	6.460
12.099	6.482
12.118	6.504
12.138	6.525
12.160	6.546
12.184	6.567
12.209	6.587
12.235	6.607
12.263	6.627
12.292	6.646
12.323	6.665
12.354	6.684
12.386	6.703
12.419	6.721
12.453	6.739
12.488	6.757
12.523	6.775
12.559	6.792
12.595	6.809
12.632	6.826
12.669	6.843
12.706	6.860
12.743	6.876
12.780	6.893
12.817	6.909
12.853	6.925
12.890	6.941
12.926	6.957
12.962	6.973
12.997	6.989
13.031	7.004
13.066	7.020
13.099	7.036
13.133	7.052
13.166	7.068
13.198	7.084
13.230	7.101
13.262	7.118
13.293	7.135
13.324	7.153
13.354	7.171
13.384	7.189
13.413	7.208
13.442	7.228
13.471	7.248
13.499	7.269
13.527	7.290
13.554	7.313
13.581	7.336
13.608	7.360
13.634	7.384
13.660	7.410
13.685	7.436
13.710	7.464
13.735	7.491
13.759	7.520
13.783	7.549
13.806	7.578
13.830	7.607
13.852	7.637
13.875	7.666
13.897	7.696
13.918	7.725
13.940	7.754
13.961	7.782
13.981	7.810
14.001	7.837
14.021	7.863
14.041	7.888
14.060	7.913
14.079	7.936
14.098	7.958
14.116	7.978
14.134	7.998
14.152	8.015
14.169	8.031
14.185	8.046
14.199	8.060
14.212	8.073
14.224	8.085
14.232	8.096
14.238	8.107
14.241	8.118
14.241	8.129
14.237	8.139
14.229	8.150
14.218	8.161
14.203	8.171
14.185	8.181
14.164	8.190
14.140	8.198
14.114	8.206
14.086	8.212
14.057	8.216
14.025	8.219
13.992	8.220
13.959	8.219
13.924	8.215
13.889	8.209
13.853	8.201
13.818	8.189
13.782	8.175
13.747	8.157
13.713	8.136
13.679	8.113
13.646	8.087
13.613	8.059
13.581	8.030
13.550	7.999
13.519	7.968
13.489	7.936
13.460	7.904
13.431	7.873
13.403	7.841
13.376	7.811
13.350	7.783
13.325	7.756
13.301	7.731
13.277	7.708
13.254	7.689
13.232	7.672
13.212	7.659
13.192	7.651
13.173	7.646
13.155	7.646
13.138	7.651
13.123	7.661
13.108	7.675
13.093	7.693
13.079	7.714
13.066	7.738
13.053	7.763
13.040	7.790
13.027	7.817
13.014	7.845
13.001	7.871
12.988	7.897
12.973	7.921
12.959	7.943
12.943	7.962
12.927	7.977
12.909	7.989
12.890	7.996
12.870	7.998
12.849	7.996
12.827	7.990
12.804	7.981
12.780	7.968
12.755	7.952
12.730	7.933
12.703	7.911
12.676	7.887
12.648	7.861
12.620	7.833
12.591	7.803
12.562	7.772
12.532	7.739
12.502	7.706
12.471	7.672
12.440	7.637
12.409	7.602
12.378	7.568
12.347	7.534
12.316	7.500
12.285	7.467
12.253	7.435
12.222	7.404
12.191	7.375
12.161	7.346
12.130	7.318
12.099	7.292
12.069	7.266
12.039	7.241
12.008	7.217
11.978	7.193
11.949	7.170
11.919	7.148
11.889	7.127
11.860	7.106
11.831	7.085
11.802	7.065
11.773	7.045
11.745	7.026
11.717	7.006
11.689	6.987
11.661	6.969
11.633	6.950
11.606	6.932
11.579	6.913
11.552	6.894
11.526	6.876
11.499	6.857
11.474	6.838
11.448	6.820
11.423	6.801
11.398	6.782
11.373	6.763
11.349	6.743
11.325	6.724
11.302	6.705
11.279	6.685
11.257	6.666
11.235	6.646
11.214	6.626
11.193	6.606
11.172	6.586
11.152	6.566
11.133	6.545
11.114	6.525
11.096	6.504
11.078	6.483
11.061	6.462
11.044	6.442
11.028	6.421
11.012	6.400
10.997	6.380
10.981	6.360
10.966	6.341
10.951	6.322
10.936	6.304
10.922	6.286
10.907	6.269
10.892	6.253
10.877	6.238
10.862	6.224
10.846	6.211
10.831	6.199
10.815	6.188
10.798	6.178
10.781	6.168
10.763	6.158
10.745	6.149
10.726	6.139
10.706	6.129
10.686	6.119
10.664	6.108
10.641	6.096
10.617	6.083
10.592	6.069
10.566	6.054
10.538	6.037
10.509	6.018
10.479	5.998
10.448	5.976
10.416	5.953
10.384	5.930
10.352	5.906
10.320	5.882
10.288	5.858
10.258	5.835
10.228	5.813
10.200	5.791
10.174	5.771
10.149	5.753
10.127	5.736
10.107	5.722
10.090	5.710
10.077	5.701
10.066	5.695
10.059	5.693
10.057	5.694
10.058	5.699
10.063	5.707
10.072	5.720
10.085	5.735
10.100	5.753
10.119	5.774
10.141	5.798
10.166	5.824
10.193	5.852
10.222	5.883
10.253	5.914
10.287	5.948
10.321	5.983
10.358	6.018
10.395	6.055
10.434	6.092
10.473	6.130
10.513	6.168
10.554	6.206
10.595	6.243
10.635	6.280
10.676	6.317
10.716	6.353
10.755	6.387
10.794	6.421
10.831	6.452
10.867	6.482
10.902	6.510
10.935	6.537
10.968	6.561
10.998	6.584
11.028	6.605
11.056	6.626
11.084	6.644
11.111	6.662
11.137	6.679
11.162	6.695
11.186	6.711
11.210	6.726
11.234	6.741
11.257	6.755
11.280	6.769
11.303	6.784
11.326	6.798
11.349	6.813
11.372	6.829
11.395	6.845
11.418	6.862
11.442	6.880
11.466	6.898
11.490	6.918
11.515	6.938
11.540	6.959
11.566	6.980
11.591	7.002
11.617	7.024
11.643	7.047
11.669	7.070
11.695	7.093
11.721	7.116
11.747	7.140
11.773	7.163
11.800	7.187
11.826	7.211
11.852	7.234
11.878	7.257
11.904	7.280
11.930	7.302
11.955	7.324
11.981	7.346
12.006	7.367
12.031	7.387
12.055	7.407
12.080	7.426
12.104	7.446
12.128	7.464
12.152	7.483
12.175	7.501
12.199	7.520
12.222	7.538
12.245	7.556
12.268	7.575
12.291	7.593
12.314	7.612
12.336	7.631
12.359	7.651
12.381	7.670
12.404	7.690
12.426	7.711
12.448	7.733
12.470	7.754
12.493	7.777
12.515	7.800
12.537	7.824
12.558	7.847
12.580	7.871
12.602	7.896
12.623	7.920
12.645	7.944
12.666	7.968
12.687	7.992
12.708	8.016
12.728	8.039
12.749	8.062
12.769	8.085
12.789	8.106
12.809	8.127
12.828	8.147
12.847	8.167
12.866	8.185
12.885	8.202
12.903	8.218
12.921	8.234
12.939	8.248
12.956	8.263
12.974	8.277
12.991	8.291
13.008	8.305
13.025	8.320
13.042	8.335
13.059	8.351
13.076	8.368
13.093	8.386
13.110	8.405
13.126	8.426
13.143	8.449
13.161	8.473
13.178	8.500
13.195	8.527
13.211	8.557
13.228	8.587
13.243	8.619
13.258	8.651
13.273	8.684
13.286	8.717
13.298	8.751
13.310	8.784
13.319	8.817
13.328	8.849
13.334	8.881
13.339	8.912
13.343	8.941
13.344	8.970
13.343	8.996
13.340	9.021
13.334	9.044
13.326	9.065
13.315	9.083
13.302	9.099
13.287	9.113
13.270	9.125
13.251	9.135
13.231	9.143
13.209	9.149
13.186	9.154
13.161	9.156
13.136	9.157
13.110	9.157
13.084	9.155
13.058	9.152
13.031	9.147
13.004	9.141
12.977	9.134
12.951	9.126
12.924	9.117
12.898	9.106
12.872	9.095
12.846	9.082
12.821	9.069
12.795	9.054
12.771	9.039
12.746	9.023
12.722	9.006
12.699	8.988
12.676	8.969
12.654	8.950
12.632	8.930
12.611	8.909
12.591	8.887
12.571	8.865
12.552	8.843
12.534	8.819
12.516	8.796
12.499	8.772
12.482	8.747
12.466	8.723
12.450	8.698
12.434	8.673
12.419	8.647
12.404	8.622
12.388	8.597
12.373	8.571
12.358	8.546
12.342	8.520
12.327	8.495
12.311	8.471
12.295	8.446
12.278	8.422
12.261	8.398
12.244	8.374
12.226	8.351
12.208	8.328
12.189	8.306
12.169	8.284
12.149	8.262
12.129	8.241
12.108	8.220
12.086	8.199
12.064	8.179
12.042	8.159
12.019	8.139
11.995	8.119
11.971	8.100
11.947	8.081
11.922	8.062
11.896	8.043
11.870	8.024
11.843	8.006
11.816	7.987
11.789	7.969
11.760	7.951
11.732	7.933
11.703	7.915
11.674	7.896
11.645	7.878
11.616	7.860
11.587	7.841
11.558	7.822
11.529	7.804
11.501	7.784
11.473	7.765
11.445	7.745
11.418	7.725
11.391	7.704
11.365	7.683
11.340	7.662
11.315	7.639
11.292	7.617
11.269	7.594
11.247	7.570
11.227	7.545
11.208	7.520
11.190	7.494
11.172	7.467
11.156	7.440
11.141	7.413
11.126	7.385
11.112	7.357
11.098	7.328
11.085	7.299
11.071	7.270
11.059	7.241
11.046	7.212
11.033	7.183
11.020	7.154
11.007	7.126
10.993	7.097
10.979	7.069
10.964	7.041
10.949	7.013
10.933	6.986
10.916	6.960
10.899	6.934
10.880	6.908
10.861	6.884
10.841	6.859
10.821	6.835
10.800	6.812
10.779	6.789
10.758	6.766
10.736	6.744
10.715	6.722
10.694	6.701
10.672	6.680
10.652	6.659
10.631	6.639
10.611	6.618
10.592	6.598
10.574	6.579
10.556	6.559
10.539	6.540
10.523	6.521
10.508	6.502
10.494	6.483
10.481	6.464
10.468	6.445
10.455	6.426
10.443	6.407
10.431	6.388
10.419	6.368
10.406	6.348
10.394	6.328
10.381	6.308
10.367	6.287
10.353	6.265
10.338	6.243
10.322	6.221
10.305	6.198
10.286	6.174
10.267	6.150
10.247	6.126
10.226	6.102
10.205	6.078
10.183	6.054
10.161	6.031
10.138	6.009
10.115	5.987
10.092	5.967
10.070	5.948
10.047	5.930
10.024	5.914
10.002	5.899
9.980	5.887
9.959	5.877
9.939	5.869
9.919	5.863
9.900	5.860
9.883	5.860
9.867	5.862
9.852	5.867
9.840	5.874
9.830	5.884
9.823	5.895
9.819	5.909
9.818	5.925
9.821	5.944
9.827	5.964
9.836	5.986
9.847	6.009
9.862	6.034
9.879	6.061
9.898	6.089
9.919	6.118
9.941	6.148
9.966	6.178
9.991	6.210
10.018	6.242
10.046	6.275
10.075	6.308
10.104	6.342
10.133	6.375
10.163	6.408
10.192	6.441
10.222	6.474
10.250	6.507
10.278	6.539
10.306	6.570
10.332	6.600
10.356	6.630
10.380	6.658
10.401	6.686
10.422	6.712
10.441	6.738
10.459	6.763
10.477	6.787
10.493	6.810
10.508	6.834
10.523	6.856
10.536	6.878
10.550	6.900
10.562	6.922
10.575	6.943
10.587	6.965
10.598	6.986
10.610	7.007
10.622	7.029
10.633	7.051
10.645	7.073
10.656	7.095
10.668	7.117
10.681	7.140
10.693	7.164
10.706	7.187
10.719	7.211
10.732	7.235
10.746	7.260
10.760	7.285
10.774	7.310
10.789	7.336
10.805	7.362
10.820	7.389
10.837	7.416
10.854	7.443
10.872	7.471
10.890	7.500
10.909	7.529
10.929	7.558
10.949	7.588
10.970	7.618
10.992	7.648
11.014	7.679
11.037	7.711
11.060	7.742
11.084	7.774
11.108	7.806
11.132	7.838
11.156	7.870
11.181	7.903
11.206	7.935
11.231	7.968
11.256	8.000
11.281	8.033
11.306	8.065
11.331	8.097
11.356	8.130
11.381	8.162
11.405	8.193
11.429	8.225
11.453	8.256
11.477	8.287
11.500	8.318
11.522	8.348
11.544	8.377
11.566	8.407
11.587	8.436
11.608	8.464
11.628	8.493
11.647	8.521
11.667	8.548
11.686	8.576
11.705	8.603
11.723	8.631
11.741	8.658
11.759	8.685
11.777	8.713
11.794	8.740
11.811	8.768
11.829	8.795
11.846	8.823
11.863	8.852
11.880	8.880
11.897	8.909
11.914	8.938
11.931	8.967
11.948	8.997
11.965	9.028
11.982	9.058
12.000	9.089
12.016	9.121
12.033	9.152
12.049	9.183
12.064	9.215
12.079	9.246
12.093	9.277
12.107	9.307
12.119	9.338
12.130	9.367
12.140	9.396
12.149	9.425
12.157	9.452
12.163	9.479
12.167	9.505
12.170	9.530
12.171	9.554
12.171	9.577
12.168	9.598
12.163	9.618
12.157	9.637
12.149	9.654
12.139	9.670
12.128	9.684
12.115	9.697
12.101	9.709
12.085	9.719
12.069	9.727
12.051	9.734
12.032	9.739
12.012	9.743
11.991	9.745
11.969	9.745
11.947	9.744
11.924	9.741
11.900	9.737
11.876	9.732
11.851	9.726
11.826	9.719
11.800	9.710
11.775	9.701
11.749	9.690
11.723	9.679
11.697	9.667
11.671	9.654
11.645	9.641
11.619	9.627
11.594	9.612
11.568	9.597
11.543	9.582
11.519	9.566
11.494	9.549
11.470	9.532
11.447	9.515
11.423	9.498
11.401	9.480
11.378	9.462
11.356	9.443
11.335	9.424
11.314	9.405
11.293	9.386
11.274	9.367
11.254	9.348
11.236	9.328
11.217	9.309
11.200	9.289
11.183	9.269
11.167	9.249
11.151	9.229
11.136	9.209
11.122	9.189
11.108	9.168
11.094	9.147
11.081	9.126
11.068	9.104
11.056	9.082
11.043	9.060
11.032	9.037
11.020	9.014
11.009	8.990
10.998	8.966
10.988	8.940
10.977	8.915
10.967	8.889
10.956	8.862
10.946	8.835
10.936	8.807
10.926	8.779
10.917	8.750
10.907	8.721
10.897	8.692
10.887	8.663
10.877	8.633
10.868	8.604
10.858	8.574
10.848	8.544
10.837	8.514
10.827	8.484
10.817	8.453
10.806	8.424
10.795	8.394
10.784	8.364
10.773	8.335
10.761	8.305
10.750	8.276
10.738	8.247
10.726	8.218
10.713	8.189
10.701	8.161
10.688	8.132
10.675	8.103
10.662	8.075
10.649	8.046
10.635	8.018
10.622	7.989
10.608	7.961
10.594	7.932
10.580	7.903
10.566	7.874
10.552	7.845
10.538	7.816
10.524	7.787
10.510	7.758
10.495	7.728
10.481	7.699
10.467	7.669
10.452	7.639
10.438	7.609
10.424	7.579
10.410	7.549
10.396	7.519
10.382	7.489
10.368	7.459
10.355	7.429
10.342	7.400
10.329	7.371
10.316	7.341
10.304	7.312
10.292	7.284
10.280	7.255
10.269	7.227
10.258	7.200
10.248	7.172
10.238	7.145
10.228	7.119
10.219	7.093
10.211	7.067
10.202	7.041
10.194	7.016
10.186	6.990
10.178	6.965
10.169	6.939
10.161	6.914
10.153	6.888
10.144	6.861
10.135	6.835
10.125	6.807
10.115	6.780
10.104	6.751
10.093	6.722
10.081	6.693
10.068	6.662
10.054	6.631
10.040	6.598
10.024	6.565
10.008	6.532
9.991	6.499
9.974	6.466
9.957	6.433
9.940	6.402
9.923	6.372
9.906	6.344
9.889	6.318
9.873	6.294
9.857	6.272
9.842	6.254
9.828	6.238
9.815	6.227
9.803	6.219
9.793	6.215
9.784	6.216
9.777	6.222
9.771	6.232
9.766	6.246
9.763	6.264
9.761	6.286
9.760	6.311
9.760	6.339
9.762	6.369
9.764	6.402
9.767	6.437
9.771	6.473
9.776	6.511
9.781	6.550
9.787	6.590
9.793	6.630
9.800	6.670
9.807	6.710
9.814	6.749
9.821	6.788
9.829	6.825
9.836	6.861
9.843	6.896
9.851	6.929
9.858	6.961
9.865	6.992
9.873	7.022
9.880	7.051
9.888	7.080
9.895	7.108
9.903	7.135
9.911	7.162
9.919	7.188
9.927	7.215
9.935	7.241
9.944	7.267
9.953	7.293
9.962	7.320
9.971	7.347
9.981	7.374
9.990	7.403
10.000	7.431
10.011	7.460
10.021	7.490
10.031	7.520
10.041	7.550
10.050	7.580
10.059	7.610
10.068	7.640
10.076	7.669
10.083	7.698
10.088	7.727
10.093	7.755
10.097	7.782
10.099	7.808
10.100	7.833
10.100	7.857
10.097	7.880
10.093	7.902
10.087	7.922
10.079	7.940
10.069	7.958
10.059	7.974
10.048	7.990
10.036	8.006
10.024	8.021
10.012	8.037
10.001	8.053
9.991	8.070
9.981	8.088
9.974	8.107
9.968	8.127
9.964	8.149
9.963	8.173
9.963	8.198
9.966	8.225
9.970	8.253
9.977	8.283
9.985	8.313
9.994	8.344
10.005	8.377
10.017	8.409
10.030	8.443
10.044	8.476
10.059	8.510
10.075	8.544
10.091	8.578
10.108	8.612
10.125	8.645
10.143	8.678
10.161	8.710
10.178	8.742
10.196	8.773
10.213	8.803
10.230	8.831
10.247	8.859
10.263	8.885
10.279	8.911
10.294	8.936
10.309	8.960
10.323	8.984
10.336	9.007
10.349	9.029
10.360	9.051
10.371	9.073
10.382	9.095
10.391	9.117
10.399	9.138
10.407	9.160
10.413	9.182
10.418	9.205
10.422	9.227
10.425	9.250
10.427	9.274
10.428	9.298
10.428	9.322
10.427	9.347
10.425	9.371
10.422	9.397
10.418	9.422
10.414	9.448
10.408	9.474
10.401	9.500
10.394	9.527
10.386	9.554
10.377	9.581
10.368	9.608
10.357	9.635
10.346	9.662
10.335	9.690
10.323	9.717
10.310	9.744
10.297	9.771
10.283	9.797
10.268	9.822
10.253	9.846
10.238	9.869
10.222	9.891
10.206	9.912
10.189	9.931
10.172	9.948
10.154	9.964
10.136	9.977
10.118	9.988
10.100	9.997
10.081	10.003
10.062	10.007
10.043	10.008
10.024	10.006
10.005	10.002
9.986	9.996
9.967	9.988
9.950	9.977
9.932	9.963
9.915	9.948
9.900	9.930
9.885	9.910
9.871	9.888
9.858	9.864
9.846	9.837
9.836	9.809
9.826	9.780
9.818	9.748
9.811	9.716
9.805	9.682
9.800	9.647
9.795	9.611
9.792	9.574
9.789	9.537
9.788	9.499
9.787	9.461
9.787	9.423
9.788	9.385
9.789	9.347
9.791	9.310
9.794	9.273
9.798	9.236
9.801	9.200
9.806	9.166
9.811	9.132
9.817	9.100
9.822	9.069
9.829	9.039
9.835	9.011
9.842	8.984
9.849	8.957
9.856	8.932
9.862	8.907
9.869	8.883
9.875	8.860
9.880	8.837
9.885	8.813
9.890	8.790
9.893	8.767
9.896	8.744
9.898	8.721
9.898	8.697
9.898	8.672
9.896	8.647
9.893	8.621
9.889	8.595
9.884	8.568
9.879	8.540
9.872	8.512
9.865	8.483
9.858	8.454
9.850	8.425
9.842	8.395
9.834	8.365
9.825	8.335
9.817	8.305
9.809	8.275
9.801	8.244
9.794	8.213
9.787	8.183
9.781	8.152
9.776	8.122
9.771	8.092
9.768	8.061
9.765	8.031
9.763	8.002
9.762	7.972
9.761	7.943
9.761	7.914
9.762	7.885
9.763	7.856
9.765	7.828
9.766	7.800
9.768	7.773
9.771	7.745
9.773	7.719
9.775	7.692
9.778	7.666
9.780	7.641
9.782	7.616
9.784	7.591
9.786	7.567
9.787	7.543
9.788	7.520
9.789	7.496
9.789	7.473
9.790	7.451
9.789	7.428
9.789	7.405
9.788	7.382
9.787	7.358
9.785	7.335
9.783	7.310
9.781	7.286
9.778	7.261
9.775	7.235
9.772	7.208
9.768	7.181
9.764	7.153
9.759	7.124
9.754	7.095
9.749	7.065
9.743	7.035
9.737	7.004
9.730	6.973
9.724	6.941
9.717	6.909
9.709	6.877
9.702	6.844
9.694	6.812
9.686	6.779
9.678	6.746
9.669	6.713
9.660	6.681
9.651	6.648
9.642	6.615
9.633	6.583
9.623	6.551
9.613	6.519
9.604	6.487
9.594	6.456
9.583	6.425
9.573	6.395
9.563	6.365
9.552	6.336
9.541	6.307
9.531	6.278
9.520	6.251
9.509	6.224
9.498	6.197
9.487	6.172
9.476	6.147
9.465	6.123
9.454	6.099
9.443	6.077
9.432	6.055
9.421	6.035
9.410	6.015
9.399	5.997
9.388	5.979
9.377	5.962
9.366	5.945
9.355	5.929
9.345	5.914
9.334	5.899
9.323	5.884
9.313	5.869
9.302	5.855
9.292	5.841
9.282	5.826
9.272	5.812
9.261	5.797
9.251	5.782
9.241	5.767
9.231	5.750
9.221	5.734
9.210	5.716
9.199	5.698
9.188	5.678
9.177	5.658
9.165	5.636
9.153	5.613
9.141	5.588
9.127	5.562
9.114	5.534
9.100	5.505
9.086	5.474
9.072	5.442
9.058	5.410
9.044	5.377
9.031	5.344
9.019	5.311
9.008	5.279
8.998	5.247
8.990	5.216
8.983	5.187
8.979	5.158
8.976	5.132
8.975	5.107
8.977	5.085
8.982	5.065
8.989	5.048
9.000	5.034
