X	Y
27.263	22.845
27.321	22.958
27.390	23.067
27.467	23.171
27.552	23.270
27.643	23.364
27.740	23.453
27.841	23.534
27.945	23.610
28.048	23.681
28.147	23.751
28.236	23.823
28.313	23.900
28.373	23.985
28.412	24.081
28.432	24.186
28.442	24.293
28.452	24.397
28.469	24.491
28.502	24.568
28.558	24.625
28.633	24.665
28.724	24.692
28.823	24.711
28.926	24.729
29.029	24.750
29.130	24.774
29.228	24.802
29.323	24.833
29.414	24.868
29.502	24.906
29.586	24.947
29.668	24.990
29.749	25.033
29.832	25.075
29.918	25.114
30.008	25.151
30.102	25.183
30.198	25.213
30.298	25.239
30.399	25.261
30.502	25.280
30.604	25.294
30.703	25.301
30.796	25.298
30.881	25.284
30.954	25.257
31.017	25.216
31.074	25.165
31.133	25.110
31.197	25.053
31.272	24.998
31.356	24.947
31.446	24.898
31.539	24.851
31.632	24.807
31.722	24.765
31.805	24.723
31.875	24.678
31.926	24.626
31.952	24.563
31.950	24.487
31.928	24.404
31.896	24.318
31.860	24.236
31.832	24.162
31.813	24.099
31.801	24.040
31.790	23.982
31.778	23.920
31.774	23.862
31.786	23.818
31.824	23.794
31.880	23.793
31.945	23.812
32.008	23.850
32.066	23.901
32.117	23.960
32.159	24.019
32.192	24.073
32.224	24.115
32.268	24.137
32.334	24.135
32.419	24.114
32.513	24.083
32.609	24.052
32.699	24.031
32.774	24.026
32.837	24.030
32.893	24.033
32.944	24.024
32.989	23.996
33.020	23.950
33.031	23.883
33.025	23.803
33.017	23.726
33.021	23.666
33.053	23.636
33.110	23.633
33.183	23.644
33.261	23.655
33.336	23.658
33.401	23.656
33.450	23.653
33.481	23.653
33.515	23.653
33.577	23.649
33.663	23.642
33.762	23.631
33.863	23.615
33.955	23.596
34.028	23.573
34.079	23.542
34.104	23.499
34.103	23.442
34.092	23.377
34.091	23.312
34.123	23.256
34.191	23.216
34.279	23.196
34.367	23.198
34.435	23.227
34.474	23.279
34.498	23.336
34.529	23.379
34.585	23.389
34.667	23.365
34.772	23.313
34.896	23.239
35.035	23.150
35.185	23.050
35.343	22.947
35.504	22.846
35.664	22.753
35.817	22.667
35.957	22.588
36.078	22.515
36.173	22.446
36.236	22.380
36.261	22.318
36.243	22.257
36.197	22.199
36.142	22.144
36.101	22.093
36.088	22.048
36.094	22.005
36.103	21.961
36.116	21.916
36.148	21.878
36.213	21.850
36.306	21.831
36.414	21.816
36.528	21.802
36.634	21.783
36.723	21.756
36.783	21.720
36.806	21.680
36.783	21.641
36.722	21.604
36.651	21.565
36.596	21.519
36.581	21.463
36.611	21.398
36.670	21.332
36.743	21.270
36.815	21.218
36.877	21.179
36.933	21.151
36.989	21.129
37.051	21.110
37.117	21.089
37.178	21.060
37.227	21.017
37.257	20.957
37.272	20.882
37.278	20.795
37.281	20.702
37.287	20.606
37.298	20.511
37.310	20.415
37.316	20.318
37.311	20.218
37.290	20.114
37.247	20.006
37.183	19.894
37.100	19.780
37.003	19.667
36.892	19.557
36.772	19.450
36.644	19.350
36.511	19.257
36.377	19.175
36.241	19.101
36.106	19.035
35.970	18.975
35.836	18.920
35.703	18.869
35.572	18.818
35.444	18.768
35.319	18.717
35.196	18.663
35.074	18.608
34.951	18.549
34.826	18.488
34.696	18.424
34.561	18.357
34.418	18.286
34.267	18.212
34.107	18.135
33.941	18.056
33.769	17.975
33.594	17.893
33.416	17.812
33.238	17.732
33.061	17.653
32.886	17.578
32.715	17.505
32.549	17.438
32.390	17.374
32.234	17.315
32.082	17.260
31.931	17.207
31.779	17.157
31.624	17.109
31.466	17.062
31.302	17.015
31.131	16.969
30.952	16.923
30.765	16.877
30.575	16.834
30.382	16.794
30.188	16.759
29.997	16.730
29.809	16.708
29.628	16.695
29.454	16.691
29.291	16.699
29.140	16.719
29.001	16.750
28.872	16.790
28.752	16.838
28.639	16.891
28.533	16.947
28.431	17.004
28.333	17.061
28.237	17.118
28.145	17.176
28.056	17.236
27.970	17.301
27.888	17.372
27.811	17.449
27.737	17.534
27.669	17.623
27.606	17.715
27.549	17.808
27.499	17.900
27.456	17.990
27.419	18.078
27.389	18.168
27.363	18.265
27.341	18.372
27.322	18.494
27.305	18.634
27.290	18.791
27.276	18.961
27.264	19.140
27.252	19.324
27.242	19.509
27.233	19.691
27.224	19.867
27.215	20.031
27.207	20.181
27.199	20.315
27.192	20.436
27.184	20.548
27.175	20.656
27.167	20.763
27.158	20.874
27.148	20.993
27.138	21.120
27.128	21.253
27.119	21.390
27.111	21.531
27.105	21.673
27.102	21.815
27.101	21.955
27.105	22.092
27.113	22.226
27.127	22.357
27.148	22.484
27.177	22.608
27.215	22.728
27.263	22.845
