X	Y
28.283	13.457
28.337	13.283
28.405	13.139
28.487	13.020
28.579	12.922
28.681	12.841
28.790	12.773
28.906	12.713
29.025	12.658
29.146	12.604
29.267	12.551
29.384	12.494
29.497	12.433
29.602	12.365
29.699	12.289
29.789	12.206
29.876	12.119
29.963	12.031
30.053	11.945
30.150	11.864
30.256	11.790
30.368	11.722
30.486	11.658
30.605	11.597
30.724	11.537
30.838	11.476
30.947	11.412
31.050	11.345
31.150	11.274
31.249	11.200
31.351	11.123
31.458	11.042
31.572	10.958
31.694	10.872
31.822	10.784
31.952	10.695
32.082	10.606
32.209	10.518
32.330	10.432
32.443	10.349
32.546	10.270
32.641	10.193
32.731	10.117
32.819	10.041
32.908	9.963
33.001	9.883
33.100	9.799
33.204	9.712
33.312	9.624
33.423	9.534
33.536	9.444
33.649	9.355
33.763	9.267
33.877	9.181
33.990	9.097
34.103	9.015
34.218	8.936
34.332	8.858
34.449	8.783
34.566	8.710
34.685	8.639
34.804	8.568
34.922	8.495
35.038	8.421
35.151	8.342
35.261	8.259
35.366	8.170
35.469	8.076
35.570	7.980
35.673	7.884
35.779	7.788
35.890	7.696
36.008	7.608
36.133	7.526
36.262	7.449
36.392	7.374
36.517	7.299
36.635	7.222
36.741	7.140
36.831	7.052
36.905	6.958
36.968	6.863
37.028	6.771
37.093	6.689
37.169	6.621
37.263	6.573
37.371	6.539
37.486	6.513
37.602	6.487
37.712	6.456
37.809	6.413
37.892	6.354
37.966	6.281
38.037	6.199
38.110	6.108
38.191	6.012
38.284	5.914
38.388	5.813
38.500	5.710
38.619	5.606
38.743	5.501
38.870	5.395
38.997	5.289
39.123	5.184
39.247	5.080
39.369	4.978
39.489	4.880
39.606	4.786
39.722	4.698
39.835	4.616
39.946	4.542
40.056	4.477
40.164	4.418
40.272	4.365
40.379	4.316
40.488	4.270
40.598	4.225
40.710	4.182
40.825	4.138
40.943	4.094
41.063	4.050
41.188	4.004
41.317	3.957
41.449	3.908
41.583	3.857
41.717	3.804
41.848	3.749
41.974	3.693
42.094	3.634
42.205	3.574
42.308	3.512
42.405	3.451
42.500	3.393
42.595	3.337
42.694	3.287
42.799	3.243
42.909	3.205
43.025	3.172
43.145	3.145
43.269	3.121
43.395	3.100
43.524	3.083
43.652	3.070
43.779	3.065
43.902	3.067
44.019	3.081
44.129	3.107
44.230	3.146
44.323	3.198
44.409	3.262
44.490	3.335
44.566	3.417
44.638	3.507
44.706	3.603
44.767	3.706
44.820	3.813
44.863	3.926
44.895	4.043
44.915	4.162
44.924	4.285
44.924	4.408
44.916	4.533
44.902	4.657
44.883	4.780
44.860	4.902
44.833	5.022
44.803	5.142
44.770	5.262
44.735	5.383
44.696	5.505
44.656	5.628
44.615	5.750
44.574	5.869
44.535	5.984
44.499	6.092
44.468	6.191
44.441	6.283
44.414	6.370
44.386	6.456
44.351	6.546
44.307	6.644
44.255	6.747
44.197	6.851
44.135	6.953
44.071	7.049
44.008	7.134
43.948	7.208
43.892	7.276
43.842	7.346
43.799	7.424
43.765	7.515
43.738	7.618
43.715	7.728
43.692	7.839
43.667	7.945
43.637	8.044
43.602	8.135
43.564	8.223
43.524	8.314
43.484	8.413
43.447	8.523
43.410	8.643
43.371	8.767
43.327	8.889
43.277	9.003
43.216	9.103
43.144	9.186
43.063	9.253
42.981	9.313
42.905	9.372
42.840	9.438
42.793	9.516
42.760	9.606
42.736	9.704
42.717	9.807
42.696	9.912
42.671	10.017
42.641	10.121
42.606	10.224
42.567	10.327
42.524	10.430
42.477	10.532
42.426	10.633
42.371	10.734
42.311	10.832
42.246	10.928
42.176	11.021
42.101	11.110
42.024	11.196
41.946	11.279
41.870	11.359
41.798	11.438
41.731	11.514
41.669	11.591
41.608	11.670
41.546	11.753
41.480	11.843
41.407	11.942
41.328	12.048
41.245	12.158
41.158	12.269
41.070	12.376
40.981	12.479
40.894	12.572
40.809	12.656
40.728	12.732
40.650	12.806
40.577	12.879
40.510	12.955
40.447	13.037
40.388	13.126
40.331	13.219
40.274	13.317
40.213	13.419
40.149	13.523
40.079	13.628
40.005	13.725
39.928	13.810
39.848	13.877
39.765	13.919
39.680	13.935
39.592	13.933
39.499	13.923
39.399	13.914
39.291	13.917
39.176	13.930
39.054	13.950
38.929	13.971
38.801	13.991
38.672	14.003
38.544	14.005
38.417	13.996
38.293	13.980
38.171	13.959
38.051	13.938
37.935	13.918
37.822	13.902
37.711	13.891
37.600	13.883
37.487	13.878
37.369	13.872
37.245	13.867
37.113	13.860
36.977	13.852
36.840	13.844
36.707	13.836
36.579	13.829
36.462	13.823
36.356	13.819
36.259	13.817
36.163	13.817
36.063	13.819
35.953	13.822
35.826	13.827
35.687	13.832
35.540	13.837
35.390	13.839
35.242	13.838
35.101	13.832
34.972	13.820
34.857	13.802
34.753	13.781
34.657	13.759
34.565	13.741
34.471	13.730
34.375	13.727
34.273	13.729
34.167	13.732
34.055	13.734
33.938	13.731
33.814	13.720
33.687	13.703
33.560	13.684
33.435	13.665
33.316	13.649
33.205	13.640
33.105	13.639
33.012	13.645
32.924	13.658
32.837	13.677
32.748	13.699
32.655	13.724
32.558	13.751
32.455	13.779
32.348	13.809
32.234	13.839
32.117	13.870
32.001	13.901
31.889	13.934
31.787	13.969
31.699	14.008
31.627	14.049
31.563	14.094
31.498	14.142
31.425	14.191
31.337	14.243
31.240	14.296
31.142	14.350
31.051	14.405
30.975	14.461
30.917	14.517
30.870	14.570
30.823	14.620
30.762	14.663
30.685	14.700
30.594	14.734
30.492	14.769
30.383	14.808
30.270	14.854
30.154	14.906
30.036	14.962
29.918	15.018
29.799	15.072
29.680	15.120
29.563	15.159
29.446	15.189
29.332	15.215
29.219	15.241
29.108	15.272
29.000	15.313
28.894	15.367
28.792	15.426
28.695	15.474
28.604	15.494
28.520	15.470
28.445	15.390
28.379	15.257
28.323	15.082
28.278	14.872
28.245	14.639
28.224	14.392
28.217	14.141
28.224	13.895
28.246	13.664
28.283	13.457
