X	Y
47.752	46.977
47.744	47.254
47.736	47.525
47.728	47.791
47.718	48.050
47.708	48.304
47.698	48.552
47.687	48.795
47.675	49.031
47.663	49.263
47.650	49.489
47.637	49.709
47.623	49.925
47.609	50.135
47.594	50.340
47.578	50.540
47.563	50.735
47.546	50.925
47.529	51.110
47.512	51.290
47.494	51.466
47.476	51.637
47.458	51.803
47.439	51.965
47.419	52.123
47.400	52.277
47.382	52.428
47.364	52.577
47.349	52.724
47.336	52.870
47.325	53.016
47.318	53.162
47.315	53.309
47.316	53.458
47.322	53.610
47.334	53.764
47.351	53.923
47.375	54.085
47.405	54.253
47.444	54.426
47.490	54.606
47.544	54.792
47.605	54.983
47.673	55.180
47.749	55.382
47.831	55.589
47.920	55.800
48.014	56.015
48.115	56.234
48.221	56.457
48.333	56.682
48.450	56.911
48.572	57.142
48.698	57.375
48.829	57.610
48.964	57.846
49.102	58.084
49.245	58.322
49.390	58.561
49.539	58.801
49.691	59.040
49.845	59.278
50.001	59.516
50.159	59.753
50.320	59.989
50.481	60.223
50.644	60.454
50.808	60.684
50.973	60.911
51.139	61.136
51.305	61.358
51.471	61.578
51.637	61.795
51.803	62.009
51.969	62.220
52.134	62.429
52.298	62.634
52.461	62.837
52.623	63.036
52.784	63.232
52.943	63.424
53.100	63.613
53.255	63.798
53.408	63.980
53.558	64.158
53.706	64.332
53.851	64.503
53.993	64.669
54.131	64.831
54.266	64.989
54.398	65.143
54.525	65.292
54.649	65.437
54.769	65.578
54.885	65.714
54.999	65.846
55.112	65.974
55.223	66.098
55.334	66.218
55.445	66.334
55.557	66.447
55.671	66.556
55.787	66.661
55.905	66.764
56.028	66.863
56.154	66.959
56.285	67.052
56.422	67.142
56.565	67.229
56.715	67.314
56.872	67.395
57.036	67.474
57.207	67.549
57.383	67.620
57.565	67.686
57.752	67.748
57.944	67.805
58.140	67.856
58.341	67.900
58.545	67.939
58.752	67.970
58.962	67.994
59.175	68.010
59.389	68.018
59.605	68.018
59.823	68.008
60.041	67.989
60.259	67.961
60.478	67.922
60.696	67.872
60.914	67.811
61.130	67.739
61.346	67.657
61.560	67.565
61.773	67.465
61.984	67.356
62.194	67.239
62.402	67.117
62.609	66.988
62.814	66.854
63.017	66.716
63.218	66.574
63.417	66.430
63.615	66.283
63.810	66.135
64.003	65.987
64.193	65.839
64.381	65.691
64.567	65.546
64.750	65.403
64.931	65.263
65.108	65.128
65.283	64.997
65.455	64.871
65.624	64.752
65.790	64.640
65.953	64.535
66.112	64.435
66.268	64.340
66.419	64.249
66.567	64.161
66.710	64.076
66.848	63.992
66.981	63.909
67.108	63.826
67.231	63.742
67.347	63.656
67.458	63.567
67.562	63.475
67.660	63.379
67.751	63.278
67.835	63.171
67.912	63.057
67.983	62.937
68.049	62.812
68.111	62.682
68.169	62.549
68.225	62.412
68.280	62.273
68.335	62.132
68.390	61.990
68.447	61.848
68.507	61.706
68.570	61.565
68.638	61.426
68.711	61.289
68.791	61.155
68.879	61.026
68.974	60.900
69.076	60.778
69.183	60.658
69.296	60.541
69.413	60.427
69.533	60.313
69.655	60.201
69.779	60.090
69.903	59.978
70.026	59.866
70.149	59.752
70.269	59.638
70.387	59.521
70.500	59.402
70.608	59.280
70.711	59.154
70.807	59.025
70.897	58.891
70.980	58.754
71.057	58.612
71.130	58.468
71.199	58.320
71.265	58.170
71.328	58.017
71.389	57.862
71.450	57.705
71.510	57.546
71.571	57.386
71.633	57.225
71.697	57.063
71.763	56.900
71.833	56.737
71.908	56.575
71.987	56.412
72.072	56.250
72.162	56.089
72.258	55.929
72.357	55.768
72.460	55.608
72.566	55.448
72.675	55.287
72.785	55.127
72.896	54.966
73.007	54.804
73.117	54.641
73.227	54.478
73.335	54.314
73.441	54.148
73.544	53.981
73.643	53.813
73.738	53.643
73.828	53.471
73.913	53.297
73.991	53.121
74.062	52.943
74.126	52.763
74.184	52.581
74.234	52.397
74.279	52.212
74.318	52.026
74.351	51.839
74.379	51.652
74.402	51.465
74.420	51.278
74.434	51.092
74.444	50.907
74.450	50.723
74.453	50.540
74.453	50.359
74.450	50.180
74.444	50.003
74.436	49.829
74.427	49.658
74.415	49.491
74.403	49.327
74.388	49.166
74.370	49.008
74.349	48.852
74.324	48.699
74.294	48.548
74.259	48.400
74.218	48.252
74.171	48.106
74.116	47.961
74.054	47.817
73.983	47.674
73.903	47.531
73.814	47.387
73.714	47.244
73.604	47.100
73.482	46.956
73.348	46.811
73.205	46.665
73.051	46.519
72.889	46.372
72.718	46.226
72.540	46.079
72.355	45.933
72.164	45.787
71.968	45.642
71.767	45.497
71.562	45.353
71.355	45.210
71.145	45.069
70.934	44.929
70.722	44.790
70.509	44.653
70.298	44.517
70.088	44.384
69.880	44.253
69.675	44.123
69.473	43.997
69.276	43.873
69.084	43.751
68.898	43.633
68.719	43.517
68.545	43.405
68.376	43.295
68.212	43.187
68.052	43.082
67.896	42.979
67.741	42.879
67.589	42.780
67.438	42.682
67.288	42.586
67.137	42.492
66.986	42.399
66.834	42.306
66.680	42.215
66.523	42.124
66.362	42.034
66.198	41.944
66.030	41.855
65.856	41.765
65.676	41.675
65.490	41.586
65.298	41.496
65.101	41.406
64.898	41.317
64.691	41.228
64.479	41.140
64.263	41.054
64.043	40.968
63.820	40.884
63.594	40.802
63.365	40.721
63.134	40.643
62.901	40.566
62.666	40.492
62.430	40.421
62.192	40.353
61.955	40.288
61.716	40.226
61.478	40.167
61.241	40.112
61.004	40.061
60.768	40.014
60.533	39.971
60.301	39.933
60.070	39.899
59.842	39.870
59.615	39.845
59.390	39.824
59.167	39.806
58.944	39.791
58.723	39.778
58.502	39.768
58.281	39.760
58.060	39.754
57.840	39.748
57.619	39.743
57.397	39.739
57.174	39.735
56.951	39.731
56.726	39.726
56.499	39.719
56.271	39.712
56.040	39.703
55.807	39.691
55.572	39.677
55.333	39.660
55.092	39.640
54.847	39.617
54.599	39.589
54.348	39.558
54.094	39.525
53.839	39.490
53.582	39.455
53.324	39.420
53.067	39.385
52.810	39.353
52.554	39.323
52.300	39.297
52.049	39.276
51.801	39.259
51.556	39.249
51.316	39.247
51.080	39.252
50.850	39.266
50.626	39.289
50.409	39.323
50.199	39.369
49.998	39.427
49.804	39.498
49.620	39.583
49.446	39.683
49.282	39.798
49.130	39.930
48.988	40.079
48.857	40.243
48.736	40.422
48.624	40.615
48.522	40.821
48.429	41.039
48.344	41.269
48.267	41.509
48.198	41.759
48.136	42.018
48.080	42.285
48.031	42.559
47.988	42.839
47.950	43.126
47.917	43.417
47.888	43.711
47.864	44.009
47.843	44.310
47.826	44.611
47.811	44.914
47.799	45.216
47.789	45.517
47.780	45.816
47.773	46.112
47.766	46.405
47.759	46.694
47.752	46.977
