X	Y
894.000	666.000
894.932	664.085
896.211	662.462
897.799	661.100
899.656	659.967
901.741	659.031
904.017	658.259
906.444	657.621
908.981	657.083
911.590	656.615
914.232	656.184
916.866	655.758
919.453	655.305
921.955	654.794
924.353	654.210
926.658	653.563
928.882	652.862
931.037	652.119
933.136	651.344
935.190	650.548
937.213	649.741
939.216	648.933
941.211	648.135
943.211	647.358
945.229	646.613
947.275	645.909
949.360	645.254
951.484	644.645
953.645	644.079
955.842	643.550
958.074	643.056
960.340	642.592
962.638	642.154
964.967	641.738
967.327	641.340
969.716	640.956
972.132	640.581
974.574	640.212
977.042	639.845
979.533	639.479
982.043	639.116
984.568	638.758
987.106	638.409
989.653	638.070
992.205	637.745
994.758	637.435
997.308	637.144
999.853	636.875
1002.389	636.629
1004.912	636.409
1007.418	636.219
1009.904	636.060
1012.366	635.935
1014.804	635.843
1017.219	635.781
1019.613	635.745
1021.987	635.731
1024.343	635.736
1026.682	635.756
1029.006	635.788
1031.317	635.827
1033.616	635.871
1035.905	635.916
1038.185	635.958
1040.458	635.993
1042.725	636.018
1044.987	636.034
1047.243	636.041
1049.492	636.042
1051.734	636.037
1053.969	636.030
1056.195	636.020
1058.412	636.009
1060.620	636.000
1062.818	635.994
1065.005	635.992
1067.182	635.997
1069.347	636.008
1071.502	636.026
1073.648	636.048
1075.787	636.072
1077.921	636.094
1080.052	636.113
1082.181	636.125
1084.312	636.129
1086.445	636.121
1088.582	636.099
1090.725	636.061
1092.876	636.004
1095.037	635.926
1097.207	635.831
1099.384	635.724
1101.566	635.609
1103.753	635.492
1105.943	635.376
1108.134	635.268
1110.325	635.171
1112.514	635.092
1114.701	635.033
1116.883	635.001
1119.058	635.000
1121.227	635.035
1123.386	635.107
1125.534	635.219
1127.669	635.372
1129.789	635.569
1131.892	635.810
1133.977	636.098
1136.041	636.435
1138.082	636.822
1140.099	637.261
1142.090	637.754
1144.053	638.302
1145.988	638.904
1147.897	639.554
1149.782	640.245
1151.645	640.971
1153.488	641.728
1155.312	642.509
1157.120	643.307
1158.914	644.118
1160.694	644.935
1162.464	645.753
1164.225	646.566
1165.972	647.380
1167.696	648.207
1169.390	649.060
1171.044	649.951
1172.650	650.892
1174.200	651.894
1175.686	652.971
1177.098	654.134
1178.429	655.396
1179.671	656.768
1180.819	658.246
1181.875	659.816
1182.841	661.461
1183.716	663.164
1184.503	664.911
1185.202	666.685
1185.814	668.469
1186.341	670.247
1186.783	672.004
1187.142	673.723
1187.417	675.397
1187.610	677.027
1187.719	678.615
1187.744	680.163
1187.685	681.674
1187.541	683.149
1187.313	684.591
1187.000	686.002
1186.601	687.381
1186.119	688.723
1185.552	690.017
1184.904	691.254
1184.173	692.425
1183.361	693.522
1182.470	694.534
1181.500	695.453
1180.468	696.292
1179.404	697.082
1178.340	697.855
1177.307	698.646
1176.336	699.486
1175.459	700.407
1174.706	701.443
1174.080	702.600
1173.550	703.854
1173.082	705.179
1172.643	706.549
1172.198	707.937
1171.714	709.319
1171.157	710.666
1170.496	711.956
1169.726	713.178
1168.852	714.329
1167.880	715.406
1166.817	716.406
1165.670	717.328
1164.445	718.167
1163.148	718.922
1161.788	719.592
1160.383	720.196
1158.956	720.760
1157.529	721.306
1156.124	721.860
1154.763	722.448
1153.469	723.092
1152.264	723.818
1151.166	724.645
1150.159	725.552
1149.211	726.497
1148.290	727.438
1147.362	728.333
1146.395	729.139
1145.357	729.816
1144.218	730.324
1142.980	730.679
1141.665	730.923
1140.294	731.104
1138.891	731.266
1137.478	731.454
1136.076	731.715
1134.709	732.094
1133.388	732.614
1132.108	733.256
1130.856	733.993
1129.625	734.800
1128.403	735.649
1127.182	736.514
1125.951	737.371
1124.699	738.191
1123.420	738.958
1122.109	739.672
1120.760	740.333
1119.369	740.945
1117.932	741.508
1116.445	742.025
1114.903	742.497
1113.302	742.926
1111.637	743.313
1109.908	743.659
1108.113	743.966
1106.254	744.232
1104.328	744.458
1102.337	744.645
1100.280	744.794
1098.157	744.903
1095.967	744.975
1093.710	745.008
1091.387	745.004
1088.997	744.963
1086.552	744.889
1084.064	744.785
1081.547	744.656
1079.015	744.506
1076.480	744.340
1073.957	744.161
1071.460	743.973
1069.000	743.782
1066.594	743.591
1064.252	743.404
1061.990	743.226
1059.820	743.060
1057.756	742.912
1055.792	742.780
1053.910	742.663
1052.094	742.558
1050.325	742.462
1048.586	742.373
1046.858	742.287
1045.125	742.203
1043.367	742.118
1041.568	742.029
1039.711	741.933
1037.795	741.829
1035.827	741.714
1033.814	741.586
1031.765	741.443
1029.686	741.283
1027.586	741.104
1025.471	740.905
1023.351	740.682
1021.231	740.434
1019.121	740.159
1017.026	739.854
1014.951	739.521
1012.893	739.159
1010.849	738.772
1008.817	738.359
1006.795	737.924
1004.781	737.468
1002.771	736.992
1000.763	736.499
998.756	735.989
996.746	735.465
994.732	734.928
992.710	734.380
990.678	733.822
988.630	733.255
986.565	732.681
984.479	732.101
982.367	731.517
980.227	730.930
978.055	730.341
975.847	729.751
973.600	729.163
971.310	728.576
968.974	727.994
966.591	727.414
964.172	726.832
961.732	726.240
959.284	725.631
956.842	724.997
954.421	724.330
952.035	723.625
949.697	722.872
947.422	722.064
945.223	721.195
943.115	720.257
941.112	719.243
939.227	718.144
937.471	716.959
935.834	715.713
934.296	714.443
932.838	713.186
931.443	711.978
930.091	710.854
928.764	709.853
927.443	709.009
926.109	708.360
924.744	707.941
923.333	707.758
921.876	707.740
920.369	707.808
918.814	707.880
917.208	707.876
915.551	707.717
913.843	707.322
912.081	706.611
910.267	705.505
908.411	703.979
906.541	702.078
904.686	699.853
902.874	697.352
901.134	694.627
899.495	691.727
897.986	688.703
896.634	685.603
895.469	682.478
894.518	679.378
893.812	676.353
893.379	673.453
893.247	670.727
893.444	668.226
894.000	666.000
