X	Y
351.000	158.000
351.663	155.921
352.544	153.897
353.617	151.920
354.859	149.981
356.245	148.073
357.750	146.186
359.349	144.312
361.019	142.442
362.735	140.568
364.471	138.681
366.204	136.773
367.916	134.837
369.607	132.877
371.282	130.896
372.943	128.898
374.596	126.885
376.244	124.862
377.891	122.832
379.541	120.799
381.198	118.767
382.866	116.738
384.548	114.717
386.250	112.707
387.974	110.711
389.722	108.726
391.497	106.749
393.301	104.779
395.135	102.813
397.002	100.848
398.904	98.881
400.843	96.911
402.820	94.934
404.839	92.948
406.901	90.950
409.007	88.938
411.161	86.910
413.359	84.866
415.596	82.812
417.866	80.751
420.163	78.688
422.480	76.628
424.812	74.576
427.152	72.535
429.495	70.511
431.834	68.507
434.163	66.530
436.477	64.582
438.769	62.669
441.034	60.795
443.265	58.964
445.464	57.177
447.638	55.429
449.797	53.715
451.946	52.033
454.094	50.376
456.249	48.742
458.419	47.126
460.610	45.523
462.832	43.930
465.091	42.342
467.395	40.755
469.753	39.165
472.169	37.568
474.642	35.968
477.163	34.367
479.726	32.770
482.324	31.181
484.951	29.604
487.600	28.043
490.263	26.503
492.935	24.986
495.608	23.498
498.275	22.042
500.930	20.623
503.566	19.245
506.177	17.911
508.756	16.625
511.304	15.388
513.821	14.202
516.307	13.067
518.763	11.984
521.189	10.955
523.587	9.980
525.955	9.061
528.296	8.198
530.609	7.391
532.894	6.644
535.153	5.955
537.386	5.326
539.593	4.754
541.773	4.238
543.928	3.774
546.058	3.361
548.162	2.996
550.241	2.677
552.295	2.401
554.324	2.166
556.328	1.970
558.308	1.812
560.268	1.691
562.209	1.612
564.134	1.574
566.047	1.579
567.950	1.630
569.846	1.728
571.738	1.875
573.629	2.071
575.519	2.320
577.404	2.623
579.280	2.984
581.141	3.404
582.985	3.886
584.806	4.433
586.600	5.048
588.363	5.732
590.090	6.488
591.767	7.322
593.373	8.240
594.889	9.249
596.294	10.355
597.567	11.565
598.690	12.887
599.640	14.326
600.401	15.888
600.990	17.554
601.458	19.286
601.854	21.043
602.231	22.787
602.638	24.477
603.127	26.074
603.749	27.538
604.548	28.834
605.512	29.974
606.588	31.003
607.721	31.966
608.857	32.908
609.944	33.875
610.927	34.912
611.767	36.055
612.497	37.300
613.176	38.629
613.861	40.023
614.609	41.464
615.477	42.934
616.524	44.415
617.801	45.889
619.282	47.343
620.881	48.768
622.510	50.153
624.082	51.489
625.508	52.767
626.703	53.978
627.576	55.111
628.042	56.157
628.052	57.102
627.655	57.917
626.916	58.571
625.900	59.032
624.665	59.286
623.249	59.356
621.684	59.275
620.006	59.078
618.247	58.797
616.442	58.466
614.623	58.118
612.823	57.785
611.050	57.486
609.299	57.230
607.564	57.028
605.837	56.888
604.112	56.819
602.384	56.833
600.645	56.937
598.892	57.140
597.150	57.438
595.465	57.816
593.885	58.260
592.455	58.754
591.222	59.285
590.234	59.838
589.525	60.398
589.008	60.958
588.527	61.513
587.925	62.058
587.086	62.593
586.018	63.128
584.753	63.678
583.319	64.257
581.749	64.877
580.071	65.552
578.317	66.295
576.529	67.114
574.762	68.003
573.074	68.960
571.524	69.980
570.168	71.058
569.064	72.190
568.269	73.373
567.839	74.602
567.737	75.863
567.838	77.135
568.010	78.396
568.122	79.623
568.045	80.795
567.664	81.895
566.999	82.949
566.122	84.001
565.106	85.095
564.025	86.276
562.951	87.586
561.958	89.071
561.105	90.758
560.395	92.620
559.824	94.620
559.384	96.718
559.069	98.875
558.873	101.054
558.790	103.214
558.812	105.318
558.935	107.327
559.150	109.204
559.448	110.946
559.815	112.570
560.238	114.093
560.702	115.534
561.195	116.910
561.703	118.240
562.212	119.540
562.703	120.826
563.151	122.107
563.530	123.391
563.813	124.689
563.974	126.011
563.988	127.364
563.856	128.756
563.630	130.182
563.368	131.642
563.127	133.131
562.965	134.646
562.940	136.185
563.107	137.744
563.488	139.316
564.067	140.889
564.826	142.450
565.747	143.986
566.812	145.485
568.004	146.935
569.304	148.323
570.694	149.637
572.131	150.882
573.549	152.078
574.881	153.247
576.061	154.410
577.020	155.588
577.691	156.804
578.008	158.077
577.935	159.426
577.545	160.850
576.935	162.346
576.199	163.912
575.433	165.544
574.733	167.239
574.195	168.994
573.912	170.806
573.913	172.665
574.154	174.555
574.584	176.458
575.155	178.358
575.816	180.236
576.519	182.076
577.214	183.861
577.851	185.572
578.382	187.195
578.770	188.718
578.981	190.136
578.982	191.442
578.741	192.629
578.226	193.691
577.408	194.624
576.313	195.440
574.999	196.167
573.526	196.830
571.953	197.454
570.338	198.065
568.741	198.689
567.218	199.350
565.786	200.034
564.419	200.690
563.093	201.267
561.782	201.714
560.462	201.978
559.105	202.009
557.692	201.766
556.222	201.273
554.700	200.569
553.133	199.697
551.525	198.697
549.884	197.611
548.214	196.479
546.523	195.343
544.814	194.242
543.091	193.190
541.354	192.189
539.604	191.237
537.841	190.337
536.065	189.487
534.277	188.687
532.477	187.939
530.666	187.242
528.844	186.597
527.007	186.002
525.149	185.457
523.264	184.960
521.346	184.509
519.389	184.103
517.386	183.740
515.332	183.420
513.220	183.140
511.044	182.900
508.808	182.699
506.529	182.541
504.222	182.426
501.904	182.357
499.591	182.337
497.299	182.368
495.045	182.452
492.845	182.592
490.716	182.789
488.674	183.046
486.726	183.364
484.860	183.737
483.060	184.160
481.309	184.627
479.592	185.134
477.892	185.674
476.193	186.242
474.479	186.833
472.735	187.442
470.961	188.066
469.162	188.706
467.346	189.362
465.519	190.036
463.688	190.726
461.859	191.433
460.039	192.158
458.235	192.901
456.452	193.661
454.684	194.429
452.922	195.192
451.158	195.939
449.381	196.657
447.584	197.335
445.756	197.961
443.888	198.522
441.972	199.006
440.001	199.406
437.975	199.730
435.896	199.989
433.769	200.195
431.595	200.360
429.378	200.497
427.120	200.617
424.823	200.731
422.491	200.852
420.127	200.992
417.733	201.159
415.318	201.351
412.890	201.560
410.456	201.780
408.025	202.002
405.607	202.220
403.208	202.427
400.838	202.616
398.504	202.779
396.216	202.910
393.981	203.001
391.805	203.048
389.675	203.058
387.577	203.041
385.497	203.008
383.419	202.969
381.329	202.932
379.212	202.909
377.054	202.909
374.839	202.942
372.554	203.019
370.199	203.135
367.816	203.258
365.451	203.351
363.148	203.376
360.955	203.296
358.916	203.073
357.079	202.671
355.487	202.051
354.188	201.177
353.218	200.017
352.551	198.587
352.135	196.917
351.919	195.041
351.850	192.991
351.877	190.799
351.948	188.498
352.012	186.119
352.017	183.696
351.916	181.259
351.713	178.823
351.444	176.395
351.143	173.981
350.842	171.587
350.578	169.220
350.385	166.886
350.296	164.590
350.346	162.340
350.569	160.141
351.000	158.000
