X	Y
1884.000	752.000
1888.541	747.523
1893.371	742.836
1898.478	737.947
1903.855	732.866
1909.491	727.603
1915.379	722.167
1921.507	716.569
1927.868	710.818
1934.451	704.924
1941.247	698.897
1948.248	692.746
1955.443	686.481
1962.825	680.112
1970.382	673.648
1978.106	667.100
1985.988	660.476
1994.019	653.787
2002.188	647.043
2010.487	640.253
2018.907	633.426
2027.438	626.573
2036.071	619.704
2044.797	612.828
2053.606	605.954
2062.489	599.093
2071.437	592.254
2080.440	585.447
2089.490	578.682
2098.576	571.969
2107.691	565.316
2116.826	558.729
2125.979	552.208
2135.148	545.751
2144.329	539.356
2153.519	533.023
2162.716	526.751
2171.917	520.537
2181.117	514.381
2190.316	508.282
2199.510	502.239
2208.696	496.250
2217.871	490.313
2227.033	484.429
2236.177	478.595
2245.303	472.810
2254.406	467.073
2263.483	461.384
2272.533	455.740
2281.551	450.140
2290.536	444.583
2299.483	439.069
2308.391	433.595
2317.257	428.161
2326.077	422.765
2334.848	417.406
2343.568	412.083
2352.234	406.795
2360.844	401.540
2369.393	396.317
2377.879	391.126
2386.300	385.964
2394.652	380.830
2402.933	375.724
2411.148	370.643
2419.302	365.587
2427.401	360.552
2435.453	355.539
2443.461	350.545
2451.434	345.567
2459.376	340.606
2467.295	335.659
2475.196	330.724
2483.085	325.800
2490.968	320.885
2498.852	315.977
2506.743	311.075
2514.647	306.177
2522.569	301.281
2530.517	296.387
2538.496	291.491
2546.512	286.593
2554.571	281.690
2562.681	276.782
2570.845	271.866
2579.072	266.941
2587.367	262.004
2595.735	257.056
2604.184	252.093
2612.719	247.114
2621.347	242.118
2630.073	237.102
2638.903	232.066
2647.835	227.015
2656.862	221.955
2665.978	216.894
2675.177	211.839
2684.455	206.796
2693.803	201.774
2703.218	196.779
2712.691	191.818
2722.219	186.899
2731.794	182.029
2741.411	177.215
2751.063	172.464
2760.746	167.783
2770.452	163.180
2780.176	158.661
2789.912	154.234
2799.653	149.905
2809.395	145.683
2819.130	141.574
2828.854	137.585
2838.559	133.724
2848.240	129.997
2857.892	126.412
2867.508	122.977
2877.081	119.697
2886.607	116.581
2896.079	113.635
2905.491	110.867
2914.838	108.283
2924.113	105.892
2933.310	103.699
2942.426	101.709
2951.463	99.916
2960.427	98.311
2969.322	96.888
2978.150	95.638
2986.918	94.555
2995.628	93.629
3004.286	92.855
3012.895	92.223
3021.458	91.727
3029.982	91.359
3038.469	91.111
3046.925	90.975
3055.352	90.945
3063.756	91.012
3072.140	91.168
3080.509	91.407
3088.866	91.720
3097.217	92.099
3105.565	92.538
3113.914	93.029
3122.269	93.563
3130.634	94.134
3139.012	94.733
3147.409	95.353
3155.828	95.987
3164.267	96.630
3172.702	97.297
3181.098	98.004
3189.425	98.771
3197.650	99.613
3205.740	100.551
3213.663	101.601
3221.386	102.781
3228.878	104.109
3236.106	105.603
3243.037	107.281
3249.639	109.160
3255.880	111.259
3261.727	113.595
3267.148	116.187
3272.111	119.052
3276.583	122.207
3280.533	125.672
3283.926	129.463
3286.732	133.598
3288.918	138.096
3290.481	142.956
3291.450	148.165
3291.852	153.704
3291.718	159.557
3291.076	165.707
3289.957	172.138
3288.388	178.832
3286.400	185.773
3284.022	192.943
3281.284	200.327
3278.213	207.907
3274.841	215.666
3271.195	223.588
3267.306	231.655
3263.203	239.852
3258.914	248.160
3254.470	256.564
3249.899	265.046
3245.231	273.590
3240.495	282.179
3235.721	290.796
3230.937	299.424
3226.173	308.046
3221.458	316.646
3216.803	325.216
3212.205	333.752
3207.660	342.254
3203.164	350.719
3198.713	359.145
3194.304	367.532
3189.933	375.876
3185.596	384.176
3181.289	392.431
3177.008	400.638
3172.750	408.796
3168.510	416.902
3164.285	424.956
3160.071	432.955
3155.864	440.897
3151.661	448.780
3147.457	456.604
3143.249	464.365
3139.032	472.063
3134.804	479.695
3130.560	487.259
3126.296	494.754
3122.009	502.177
3117.695	509.528
3113.349	516.804
3108.969	524.004
3104.550	531.124
3100.088	538.165
3095.585	545.127
3091.039	552.012
3086.450	558.820
3081.820	565.555
3077.149	572.216
3072.437	578.807
3067.684	585.328
3062.890	591.781
3058.057	598.168
3053.184	604.490
3048.272	610.749
3043.321	616.947
3038.331	623.084
3033.303	629.164
3028.237	635.187
3023.133	641.154
3017.992	647.069
3012.815	652.931
3007.600	658.743
3002.350	664.507
2997.063	670.223
2991.742	675.894
2986.385	681.521
2980.993	687.105
2975.571	692.647
2970.127	698.144
2964.668	703.593
2959.203	708.992
2953.740	714.340
2948.286	719.634
2942.850	724.871
2937.439	730.049
2932.061	735.167
2926.725	740.221
2921.438	745.210
2916.208	750.131
2911.044	754.982
2905.953	759.761
2900.942	764.465
2896.021	769.092
2891.198	773.641
2886.479	778.108
2881.872	782.491
2877.387	786.789
2873.031	790.998
2868.809	795.116
2864.703	799.136
2860.684	803.046
2856.722	806.838
2852.788	810.500
2848.852	814.022
2844.884	817.395
2840.856	820.607
2836.738	823.649
2832.499	826.511
2828.111	829.182
2823.544	831.651
2818.769	833.910
2813.755	835.947
2808.474	837.752
2802.896	839.315
2796.992	840.627
2790.760	841.691
2784.221	842.522
2777.400	843.138
2770.319	843.555
2763.001	843.791
2755.471	843.861
2747.752	843.783
2739.866	843.573
2731.838	843.249
2723.690	842.826
2715.446	842.322
2707.130	841.754
2698.764	841.137
2690.372	840.489
2681.978	839.827
2673.604	839.167
2665.274	838.526
2657.012	837.921
2648.841	837.369
2640.784	836.886
2632.865	836.489
2625.106	836.194
2617.531	836.020
2610.161	835.979
2602.992	836.076
2596.007	836.304
2589.191	836.661
2582.530	837.141
2576.008	837.741
2569.609	838.457
2563.319	839.284
2557.122	840.219
2551.002	841.257
2544.944	842.393
2538.934	843.625
2532.955	844.947
2526.992	846.355
2521.030	847.846
2515.054	849.415
2509.048	851.058
2502.997	852.771
2496.886	854.550
2490.699	856.390
2484.427	858.287
2478.074	860.235
2471.646	862.229
2465.149	864.264
2458.588	866.333
2451.968	868.431
2445.297	870.552
2438.578	872.691
2431.819	874.843
2425.024	877.001
2418.200	879.160
2411.353	881.314
2404.487	883.458
2397.608	885.587
2390.723	887.694
2383.837	889.774
2376.956	891.821
2370.085	893.830
2363.231	895.795
2356.398	897.711
2349.593	899.572
2342.820	901.372
2336.080	903.111
2329.370	904.787
2322.687	906.400
2316.027	907.951
2309.389	909.440
2302.770	910.865
2296.166	912.227
2289.575	913.526
2282.994	914.762
2276.421	915.933
2269.852	917.041
2263.285	918.085
2256.717	919.065
2250.145	919.981
2243.567	920.832
2236.979	921.618
2230.379	922.340
2223.764	922.997
2217.131	923.588
2210.478	924.115
2203.801	924.579
2197.102	924.993
2190.378	925.370
2183.630	925.721
2176.858	926.059
2170.059	926.397
2163.235	926.746
2156.385	927.119
2149.507	927.529
2142.601	927.988
2135.668	928.509
2128.706	929.103
2121.715	929.784
2114.695	930.563
2107.644	931.453
2100.562	932.467
2093.450	933.616
2086.305	934.914
2079.129	936.372
2071.920	938.004
2064.677	939.821
2057.402	941.829
2050.103	943.998
2042.791	946.287
2035.475	948.654
2028.167	951.057
2020.877	953.455
2013.616	955.807
2006.394	958.070
1999.223	960.202
1992.112	962.164
1985.072	963.911
1978.114	965.404
1971.249	966.601
1964.487	967.459
1957.838	967.938
1951.313	967.995
1944.924	967.589
1938.680	966.678
1932.592	965.221
1926.670	963.177
1920.926	960.503
1915.370	957.166
1910.007	953.194
1904.845	948.636
1899.887	943.541
1895.141	937.961
1890.610	931.945
1886.302	925.544
1882.220	918.806
1878.372	911.783
1874.762	904.525
1871.395	897.082
1868.278	889.503
1865.416	881.839
1862.813	874.139
1860.477	866.455
1858.412	858.836
1856.624	851.331
1855.119	843.992
1853.901	836.869
1852.976	830.010
1852.350	823.467
1852.029	817.290
1852.017	811.521
1852.315	806.143
1852.923	801.114
1853.839	796.390
1855.063	791.926
1856.593	787.680
1858.428	783.607
1860.569	779.663
1863.013	775.804
1865.759	771.988
1868.808	768.170
1872.157	764.305
1875.806	760.352
1879.754	756.264
1884.000	752.000
