X	Y
2826.000	1368.000
2829.480	1358.560
2833.754	1348.745
2838.791	1338.573
2844.557	1328.066
2851.019	1317.246
2858.144	1306.132
2865.900	1294.745
2874.254	1283.106
2883.173	1271.237
2892.624	1259.156
2902.573	1246.886
2912.990	1234.448
2923.840	1221.861
2935.091	1209.147
2946.709	1196.326
2958.663	1183.419
2970.919	1170.447
2983.444	1157.431
2996.206	1144.391
3009.171	1131.349
3022.307	1118.324
3035.581	1105.338
3048.961	1092.411
3062.412	1079.564
3075.904	1066.818
3089.401	1054.194
3102.873	1041.712
3116.285	1029.394
3129.608	1017.257
3142.832	1005.306
3155.959	993.533
3168.992	981.932
3181.933	970.497
3194.784	959.222
3207.549	948.100
3220.230	937.124
3232.829	926.289
3245.348	915.587
3257.791	905.013
3270.159	894.560
3282.456	884.222
3294.683	873.992
3306.843	863.863
3318.939	853.831
3330.973	843.887
3342.947	834.026
3354.865	824.241
3366.728	814.526
3378.539	804.874
3390.300	795.280
3402.015	785.736
3413.685	776.237
3425.313	766.775
3436.901	757.345
3448.453	747.939
3459.970	738.553
3471.455	729.179
3482.911	719.815
3494.343	710.466
3505.758	701.139
3517.159	691.838
3528.552	682.571
3539.942	673.342
3551.335	664.157
3562.736	655.023
3574.149	645.945
3585.581	636.929
3597.035	627.981
3608.519	619.106
3620.035	610.311
3631.591	601.600
3643.191	592.981
3654.840	584.459
3666.543	576.039
3678.307	567.728
3690.135	559.532
3702.033	551.455
3714.006	543.504
3726.061	535.686
3738.200	528.004
3750.431	520.467
3762.757	513.078
3775.185	505.844
3787.711	498.769
3800.329	491.855
3813.031	485.103
3825.808	478.515
3838.653	472.093
3851.559	465.839
3864.517	459.755
3877.520	453.843
3890.561	448.105
3903.631	442.542
3916.722	437.156
3929.828	431.950
3942.940	426.925
3956.050	422.082
3969.151	417.425
3982.236	412.954
3995.295	408.673
4008.323	404.581
4021.310	400.682
4034.249	396.978
4047.133	393.469
4059.953	390.159
4072.702	387.048
4085.373	384.139
4097.958	381.435
4110.454	378.939
4122.861	376.659
4135.178	374.599
4147.402	372.765
4159.533	371.163
4171.568	369.799
4183.508	368.678
4195.350	367.807
4207.093	367.190
4218.736	366.834
4230.277	366.744
4241.715	366.925
4253.049	367.385
4264.277	368.127
4275.399	369.159
4286.412	370.485
4297.315	372.112
4308.107	374.044
4318.788	376.289
4329.354	378.851
4339.803	381.735
4350.124	384.942
4360.310	388.474
4370.351	392.333
4380.238	396.521
4389.962	401.038
4399.513	405.887
4408.883	411.069
4418.062	416.586
4427.041	422.440
4435.812	428.631
4444.364	435.162
4452.688	442.035
4460.777	449.250
4468.620	456.810
4476.208	464.716
4483.533	472.970
4490.584	481.573
4497.353	490.526
4503.831	499.821
4510.010	509.436
4515.879	519.352
4521.432	529.547
4526.659	540.001
4531.551	550.693
4536.099	561.602
4540.295	572.709
4544.131	583.992
4547.597	595.430
4550.685	607.004
4553.386	618.692
4555.690	630.473
4557.591	642.328
4559.079	654.235
4560.145	666.174
4560.779	678.123
4560.975	690.064
4560.723	701.974
4560.013	713.833
4558.845	725.624
4557.238	737.343
4555.221	748.988
4552.821	760.559
4550.067	772.056
4546.986	783.477
4543.607	794.821
4539.958	806.089
4536.064	817.278
4531.957	828.389
4527.661	839.421
4523.207	850.373
4518.621	861.244
4513.932	872.033
4509.167	882.740
4504.354	893.364
4499.521	903.903
4494.696	914.359
4489.908	924.729
4485.183	935.012
4480.549	945.209
4476.019	955.318
4471.577	965.341
4467.208	975.278
4462.894	985.129
4458.619	994.894
4454.367	1004.575
4450.121	1014.172
4445.863	1023.685
4441.579	1033.115
4437.250	1042.462
4432.861	1051.727
4428.395	1060.911
4423.834	1070.013
4419.163	1079.035
4414.365	1087.976
4409.423	1096.839
4404.321	1105.622
4399.042	1114.326
4393.570	1122.948
4387.894	1131.453
4382.003	1139.793
4375.888	1147.919
4369.538	1155.782
4362.945	1163.334
4356.098	1170.527
4348.988	1177.312
4341.604	1183.641
4333.937	1189.464
4325.977	1194.735
4317.715	1199.404
4309.140	1203.422
4300.242	1206.742
4291.013	1209.315
4281.441	1211.092
4271.518	1212.025
4261.270	1212.100
4250.848	1211.429
4240.431	1210.149
4230.198	1208.395
4220.330	1206.305
4211.003	1204.017
4202.397	1201.666
4194.693	1199.390
4188.067	1197.326
4182.700	1195.612
4178.771	1194.382
4176.457	1193.776
4175.938	1193.929
4177.341	1194.957
4180.493	1196.849
4185.119	1199.552
4190.941	1203.011
4197.686	1207.173
4205.075	1211.984
4212.835	1217.390
4220.688	1223.337
4228.359	1229.772
4235.571	1236.640
4242.050	1243.889
4247.519	1251.463
4251.701	1259.310
4254.321	1267.375
4255.206	1275.611
4254.425	1283.981
4252.087	1292.454
4248.300	1300.996
4243.171	1309.573
4236.808	1318.155
4229.320	1326.706
4220.813	1335.195
4211.397	1343.588
4201.178	1351.852
4190.265	1359.954
4178.766	1367.862
4166.788	1375.542
4154.439	1382.962
4141.828	1390.087
4129.061	1396.886
4116.248	1403.326
4103.495	1409.373
4090.911	1414.994
4078.603	1420.157
4066.674	1424.830
4055.149	1429.017
4043.993	1432.744
4033.172	1436.038
4022.653	1438.926
4012.400	1441.437
4002.380	1443.596
3992.557	1445.431
3982.898	1446.970
3973.368	1448.239
3963.932	1449.267
3954.557	1450.080
3945.207	1450.705
3935.849	1451.170
3926.447	1451.502
3916.968	1451.728
3907.377	1451.875
3897.640	1451.972
3887.724	1452.043
3877.617	1452.101
3867.322	1452.146
3856.843	1452.181
3846.184	1452.204
3835.347	1452.219
3824.337	1452.225
3813.157	1452.224
3801.811	1452.217
3790.302	1452.204
3778.634	1452.187
3766.810	1452.167
3754.833	1452.144
3742.708	1452.120
3730.438	1452.096
3718.027	1452.073
3705.478	1452.051
3692.794	1452.031
3679.979	1452.016
3667.038	1452.005
3653.972	1452.000
3640.787	1452.004
3627.495	1452.026
3614.109	1452.081
3600.640	1452.180
3587.101	1452.335
3573.505	1452.560
3559.865	1452.867
3546.194	1453.269
3532.503	1453.777
3518.807	1454.405
3505.116	1455.165
3491.444	1456.070
3477.804	1457.131
3464.209	1458.363
3450.670	1459.776
3437.201	1461.384
3423.814	1463.200
3410.521	1465.235
3397.337	1467.502
3384.272	1470.015
3371.341	1472.785
3358.555	1475.824
3345.927	1479.146
3333.469	1482.764
3321.187	1486.672
3309.067	1490.833
3297.095	1495.203
3285.253	1499.738
3273.528	1504.394
3261.903	1509.129
3250.363	1513.899
3238.892	1518.659
3227.477	1523.367
3216.099	1527.979
3204.746	1532.451
3193.400	1536.740
3182.047	1540.802
3170.671	1544.593
3159.256	1548.070
3147.788	1551.190
3136.251	1553.908
3124.629	1556.181
3112.907	1557.967
3101.070	1559.220
3089.102	1559.897
3076.989	1559.958
3064.746	1559.400
3052.410	1558.253
3040.020	1556.547
3027.613	1554.313
3015.227	1551.581
3002.901	1548.383
2990.673	1544.749
2978.581	1540.710
2966.662	1536.296
2954.955	1531.537
2943.498	1526.465
2932.329	1521.110
2921.486	1515.503
2911.008	1509.674
2900.931	1503.654
2891.296	1497.474
2882.138	1491.164
2873.497	1484.755
2865.411	1478.277
2857.917	1471.762
2851.052	1465.235
2844.839	1458.689
2839.290	1452.093
2834.419	1445.419
2830.240	1438.637
2826.766	1431.720
2824.011	1424.638
2821.989	1417.361
2820.713	1409.861
2820.196	1402.109
2820.453	1394.076
2821.497	1385.733
2823.342	1377.051
2826.000	1368.000
