X	Y
1705.000	3810.000
1705.178	3806.860
1705.590	3803.857
1706.222	3800.966
1707.060	3798.162
1708.091	3795.420
1709.302	3792.716
1710.679	3790.024
1712.209	3787.321
1713.878	3784.581
1715.681	3781.798
1717.623	3778.980
1719.708	3776.137
1721.939	3773.278
1724.321	3770.413
1726.858	3767.549
1729.553	3764.698
1732.411	3761.867
1735.435	3759.067
1738.631	3756.307
1741.998	3753.595
1745.523	3750.935
1749.185	3748.331
1752.966	3745.786
1756.845	3743.302
1760.802	3740.882
1764.817	3738.529
1768.871	3736.246
1772.944	3734.037
1777.016	3731.903
1781.068	3729.848
1785.078	3727.875
1789.029	3725.987
1792.904	3724.184
1796.715	3722.459
1800.476	3720.802
1804.201	3719.206
1807.905	3717.659
1811.604	3716.153
1815.312	3714.679
1819.044	3713.226
1822.815	3711.786
1826.640	3710.349
1830.533	3708.906
1834.510	3707.448
1838.573	3705.972
1842.712	3704.483
1846.915	3702.990
1851.168	3701.497
1855.460	3700.013
1859.778	3698.544
1864.110	3697.096
1868.443	3695.677
1872.765	3694.293
1877.064	3692.951
1881.327	3691.657
1885.542	3690.418
1889.697	3689.241
1893.793	3688.127
1897.837	3687.074
1901.839	3686.079
1905.807	3685.140
1909.748	3684.255
1913.671	3683.422
1917.584	3682.638
1921.496	3681.902
1925.415	3681.211
1929.350	3680.562
1933.308	3679.954
1937.294	3679.384
1941.305	3678.844
1945.334	3678.329
1949.373	3677.830
1953.416	3677.342
1957.457	3676.858
1961.490	3676.370
1965.506	3675.872
1969.500	3675.356
1973.466	3674.816
1977.396	3674.245
1981.284	3673.637
1985.132	3672.985
1988.946	3672.287
1992.734	3671.540
1996.502	3670.739
2000.259	3669.881
2004.010	3668.963
2007.764	3667.981
2011.526	3666.932
2015.305	3665.812
2019.108	3664.619
2022.940	3663.348
2026.799	3662.006
2030.670	3660.605
2034.539	3659.161
2038.390	3657.688
2042.210	3656.200
2045.983	3654.711
2049.696	3653.236
2053.333	3651.788
2056.879	3650.383
2060.321	3649.033
2063.644	3647.755
2066.842	3646.556
2069.933	3645.439
2072.934	3644.401
2075.866	3643.441
2078.747	3642.558
2081.597	3641.751
2084.434	3641.019
2087.279	3640.361
2090.149	3639.775
2093.031	3639.292
2095.869	3638.979
2098.605	3638.904
2101.179	3639.139
2103.534	3639.753
2105.611	3640.816
2107.352	3642.397
2108.732	3644.525
2109.793	3647.140
2110.589	3650.174
2111.172	3653.555
2111.595	3657.214
2111.910	3661.080
2112.169	3665.085
2112.426	3669.157
2112.732	3673.227
2113.140	3677.225
2113.683	3681.108
2114.365	3684.880
2115.187	3688.545
2116.147	3692.110
2117.246	3695.581
2118.486	3698.965
2119.865	3702.267
2121.385	3705.495
2123.045	3708.654
2124.847	3711.750
2126.788	3714.788
2128.864	3717.766
2131.068	3720.679
2133.393	3723.523
2135.832	3726.292
2138.378	3728.982
2141.024	3731.588
2143.764	3734.106
2146.590	3736.530
2149.495	3738.856
2152.470	3741.080
2155.466	3743.205
2158.389	3745.244
2161.143	3747.209
2163.632	3749.114
2165.763	3750.971
2167.438	3752.793
2168.564	3754.592
2169.044	3756.382
2168.845	3758.175
2168.063	3759.983
2166.812	3761.818
2165.207	3763.693
2163.360	3765.619
2161.385	3767.609
2159.386	3769.674
2157.402	3771.814
2155.439	3774.028
2153.506	3776.313
2151.610	3778.667
2149.760	3781.086
2147.961	3783.568
2146.224	3786.110
2144.555	3788.710
2142.964	3791.371
2141.469	3794.103
2140.083	3796.919
2138.823	3799.832
2137.706	3802.852
2136.747	3805.994
2135.962	3809.269
2135.367	3812.690
2134.979	3816.268
2134.800	3820.009
2134.795	3823.889
2134.919	3827.882
2135.127	3831.960
2135.376	3836.096
2135.620	3840.263
2135.816	3844.433
2135.919	3848.579
2135.885	3852.673
2135.669	3856.688
2135.228	3860.597
2134.518	3864.375
2133.535	3868.019
2132.296	3871.544
2130.821	3874.968
2129.130	3878.306
2127.241	3881.572
2125.174	3884.784
2122.947	3887.956
2120.581	3891.104
2118.094	3894.245
2115.507	3897.394
2112.835	3900.563
2110.090	3903.748
2107.276	3906.935
2104.398	3910.110
2101.462	3913.259
2098.474	3916.368
2095.438	3919.425
2092.359	3922.415
2089.244	3925.323
2086.097	3928.138
2082.924	3930.845
2079.729	3933.430
2076.520	3935.882
2073.306	3938.209
2070.101	3940.430
2066.917	3942.563
2063.767	3944.625
2060.664	3946.635
2057.622	3948.610
2054.653	3950.569
2051.770	3952.531
2048.986	3954.512
2046.314	3956.531
2043.748	3958.584
2041.246	3960.622
2038.764	3962.595
2036.256	3964.449
2033.676	3966.134
2030.980	3967.596
2028.123	3968.784
2025.059	3969.647
2021.743	3970.133
2018.157	3970.223
2014.321	3969.949
2010.257	3969.343
2005.987	3968.439
2001.534	3967.270
1996.918	3965.869
1992.163	3964.270
1987.290	3962.506
1982.323	3960.611
1977.281	3958.617
1972.190	3956.559
1967.069	3954.469
1961.941	3952.381
1956.827	3950.324
1951.727	3948.303
1946.638	3946.312
1941.554	3944.343
1936.469	3942.389
1931.380	3940.444
1926.279	3938.502
1921.163	3936.556
1916.026	3934.598
1910.863	3932.623
1905.669	3930.623
1900.439	3928.592
1895.167	3926.522
1889.849	3924.409
1884.479	3922.244
1879.051	3920.021
1873.564	3917.736
1868.022	3915.394
1862.432	3913.003
1856.802	3910.572
1851.140	3908.108
1845.452	3905.620
1839.746	3903.115
1834.029	3900.601
1828.309	3898.087
1822.594	3895.581
1816.890	3893.091
1811.205	3890.624
1805.546	3888.189
1799.920	3885.794
1794.336	3883.447
1788.800	3881.156
1783.320	3878.929
1777.904	3876.773
1772.563	3874.681
1767.315	3872.635
1762.177	3870.614
1757.165	3868.598
1752.295	3866.570
1747.586	3864.509
1743.053	3862.396
1738.713	3860.211
1734.583	3857.936
1730.680	3855.550
1727.020	3853.034
1723.621	3850.369
1720.499	3847.536
1717.670	3844.516
1715.140	3841.315
1712.905	3837.967
1710.960	3834.506
1709.298	3830.967
1707.916	3827.384
1706.807	3823.790
1705.966	3820.220
1705.388	3816.709
1705.068	3813.291
1705.000	3810.000
