X	Y
1739.000	3957.000
1738.825	3959.465
1738.760	3961.948
1738.798	3964.438
1738.930	3966.930
1739.148	3969.414
1739.444	3971.882
1739.810	3974.327
1740.237	3976.740
1740.718	3979.113
1741.245	3981.438
1741.808	3983.707
1742.400	3985.912
1743.013	3988.045
1743.638	3990.101
1744.264	3992.092
1744.880	3994.033
1745.473	3995.938
1746.031	3997.821
1746.544	3999.698
1747.000	4001.582
1747.387	4003.490
1747.693	4005.434
1747.906	4007.430
1748.016	4009.492
1748.019	4011.631
1747.934	4013.848
1747.779	4016.141
1747.574	4018.510
1747.339	4020.957
1747.092	4023.479
1746.854	4026.076
1746.643	4028.750
1746.479	4031.498
1746.382	4034.321
1746.371	4037.218
1746.466	4040.189
1746.685	4043.235
1747.049	4046.354
1747.568	4049.532
1748.228	4052.719
1749.012	4055.854
1749.902	4058.881
1750.880	4061.740
1751.927	4064.371
1753.027	4066.718
1754.160	4068.720
1755.309	4070.320
1756.456	4071.458
1757.583	4072.075
1758.672	4072.115
1759.708	4071.527
1760.690	4070.382
1761.634	4068.818
1762.551	4066.976
1763.454	4064.995
1764.358	4063.017
1765.274	4061.181
1766.217	4059.628
1767.198	4058.498
1768.231	4057.931
1769.320	4058.003
1770.447	4058.656
1771.593	4059.816
1772.737	4061.407
1773.861	4063.354
1774.944	4065.583
1775.968	4068.017
1776.911	4070.582
1777.755	4073.204
1778.480	4075.806
1779.067	4078.313
1779.508	4080.675
1779.831	4082.901
1780.072	4085.012
1780.264	4087.030
1780.443	4088.974
1780.641	4090.867
1780.894	4092.730
1781.235	4094.584
1781.700	4096.449
1782.322	4098.347
1783.136	4100.298
1784.162	4102.318
1785.381	4104.402
1786.771	4106.542
1788.306	4108.733
1789.965	4110.966
1791.723	4113.236
1793.556	4115.536
1795.442	4117.857
1797.355	4120.195
1799.274	4122.541
1801.173	4124.888
1803.030	4127.231
1804.820	4129.562
1806.520	4131.873
1808.107	4134.159
1809.564	4136.416
1810.897	4138.650
1812.117	4140.872
1813.236	4143.090
1814.265	4145.314
1815.215	4147.554
1816.098	4149.819
1816.923	4152.119
1817.703	4154.462
1818.448	4156.858
1819.170	4159.317
1819.880	4161.849
1820.590	4164.462
1821.309	4167.166
1822.046	4169.958
1822.805	4172.822
1823.590	4175.742
1824.403	4178.701
1825.250	4181.682
1826.134	4184.667
1827.057	4187.642
1828.025	4190.589
1829.041	4193.490
1830.108	4196.330
1831.230	4199.090
1832.411	4201.755
1833.655	4204.309
1834.965	4206.732
1836.344	4209.011
1837.798	4211.127
1839.327	4213.077
1840.933	4214.864
1842.618	4216.496
1844.382	4217.978
1846.226	4219.314
1848.151	4220.511
1850.159	4221.575
1852.251	4222.510
1854.427	4223.323
1856.690	4224.020
1859.039	4224.605
1861.476	4225.084
1863.999	4225.464
1866.595	4225.753
1869.251	4225.958
1871.955	4226.088
1874.692	4226.151
1877.451	4226.155
1880.218	4226.107
1882.980	4226.017
1885.724	4225.891
1888.437	4225.738
1891.106	4225.567
1893.718	4225.385
1896.259	4225.200
1898.717	4225.021
1901.081	4224.854
1903.359	4224.710
1905.561	4224.596
1907.702	4224.520
1909.792	4224.490
1911.844	4224.516
1913.871	4224.604
1915.885	4224.763
1917.899	4225.002
1919.924	4225.329
1921.973	4225.752
1924.057	4226.279
1926.181	4226.906
1928.340	4227.618
1930.527	4228.398
1932.739	4229.231
1934.969	4230.102
1937.213	4230.993
1939.465	4231.890
1941.719	4232.777
1943.972	4233.637
1946.217	4234.456
1948.448	4235.216
1950.662	4235.902
1952.854	4236.500
1955.026	4237.007
1957.185	4237.421
1959.338	4237.744
1961.488	4237.974
1963.644	4238.111
1965.810	4238.156
1967.993	4238.109
1970.199	4237.970
1972.433	4237.738
1974.702	4237.414
1977.012	4236.998
1979.366	4236.489
1981.759	4235.888
1984.186	4235.195
1986.638	4234.411
1989.110	4233.537
1991.593	4232.573
1994.083	4231.520
1996.571	4230.377
1999.051	4229.146
2001.515	4227.828
2003.958	4226.421
2006.373	4224.928
2008.751	4223.349
2011.088	4221.683
2013.376	4219.933
2015.614	4218.102
2017.806	4216.198
2019.955	4214.229
2022.066	4212.202
2024.141	4210.125
2026.185	4208.005
2028.200	4205.852
2030.191	4203.670
2032.161	4201.470
2034.113	4199.258
2036.052	4197.042
2037.980	4194.829
2039.902	4192.628
2041.821	4190.445
2043.740	4188.289
2045.663	4186.166
2047.582	4184.072
2049.491	4182.003
2051.381	4179.952
2053.243	4177.914
2055.070	4175.882
2056.852	4173.851
2058.582	4171.815
2060.251	4169.768
2061.851	4167.705
2063.374	4165.618
2064.810	4163.503
2066.153	4161.354
2067.394	4159.166
2068.524	4156.930
2069.543	4154.648
2070.458	4152.320
2071.278	4149.952
2072.010	4147.544
2072.662	4145.102
2073.241	4142.626
2073.756	4140.121
2074.215	4137.589
2074.625	4135.034
2074.993	4132.459
2075.328	4129.866
2075.638	4127.259
2075.930	4124.640
2076.213	4122.013
2076.490	4119.379
2076.765	4116.739
2077.042	4114.095
2077.324	4111.446
2077.615	4108.796
2077.918	4106.143
2078.238	4103.490
2078.576	4100.838
2078.937	4098.187
2079.325	4095.538
2079.742	4092.894
2080.193	4090.253
2080.680	4087.619
2081.208	4084.991
2081.768	4082.373
2082.339	4079.769
2082.898	4077.184
2083.421	4074.624
2083.887	4072.093
2084.272	4069.596
2084.554	4067.139
2084.708	4064.726
2084.713	4062.362
2084.546	4060.052
2084.183	4057.802
2083.602	4055.616
2082.780	4053.500
2081.708	4051.454
2080.405	4049.475
2078.894	4047.558
2077.198	4045.696
2075.337	4043.884
2073.337	4042.118
2071.218	4040.391
2069.003	4038.699
2066.715	4037.037
2064.376	4035.398
2062.008	4033.777
2059.635	4032.170
2057.279	4030.570
2054.962	4028.973
2052.700	4027.375
2050.487	4025.775
2048.311	4024.177
2046.160	4022.582
2044.020	4020.992
2041.881	4019.409
2039.729	4017.834
2037.552	4016.271
2035.340	4014.721
2033.078	4013.185
2030.755	4011.666
2028.358	4010.166
2025.876	4008.686
2023.297	4007.229
2020.607	4005.796
2017.800	4004.389
2014.878	4003.004
2011.847	4001.640
2008.714	4000.293
2005.483	3998.960
2002.159	3997.638
1998.749	3996.326
1995.258	3995.019
1991.691	3993.715
1988.054	3992.411
1984.353	3991.104
1980.593	3989.792
1976.779	3988.471
1972.917	3987.139
1969.012	3985.793
1965.070	3984.430
1961.097	3983.047
1957.098	3981.641
1953.079	3980.210
1949.044	3978.750
1945.000	3977.259
1940.950	3975.738
1936.896	3974.193
1932.838	3972.627
1928.779	3971.048
1924.720	3969.460
1920.663	3967.869
1916.608	3966.279
1912.558	3964.696
1908.514	3963.126
1904.478	3961.574
1900.450	3960.044
1896.433	3958.543
1892.428	3957.076
1888.437	3955.648
1884.460	3954.264
1880.500	3952.930
1876.557	3951.651
1872.634	3950.432
1868.732	3949.279
1864.852	3948.196
1860.996	3947.190
1857.166	3946.266
1853.362	3945.427
1849.590	3944.668
1845.854	3943.977
1842.160	3943.342
1838.513	3942.750
1834.919	3942.189
1831.383	3941.647
1827.910	3941.111
1824.506	3940.570
1821.176	3940.011
1817.926	3939.422
1814.761	3938.791
1811.687	3938.105
1808.708	3937.352
1805.831	3936.521
1803.060	3935.597
1800.401	3934.571
1797.860	3933.429
1795.441	3932.161
1793.137	3930.783
1790.938	3929.328
1788.828	3927.831
1786.797	3926.323
1784.829	3924.841
1782.914	3923.416
1781.037	3922.083
1779.186	3920.876
1777.348	3919.827
1775.510	3918.971
1773.658	3918.341
1771.781	3917.972
1769.871	3917.883
1767.936	3918.064
1765.987	3918.494
1764.037	3919.156
1762.097	3920.029
1760.178	3921.095
1758.291	3922.336
1756.448	3923.732
1754.661	3925.264
1752.940	3926.914
1751.298	3928.663
1749.744	3930.493
1748.284	3932.396
1746.920	3934.368
1745.654	3936.405
1744.487	3938.503
1743.422	3940.658
1742.461	3942.866
1741.607	3945.122
1740.861	3947.424
1740.225	3949.767
1739.701	3952.146
1739.292	3954.559
1739.000	3957.000
