X	Y
1608.000	884.000
1613.347	879.358
1619.269	875.136
1625.740	871.314
1632.734	867.872
1640.224	864.790
1648.185	862.049
1656.591	859.627
1665.415	857.506
1674.631	855.665
1684.214	854.084
1694.137	852.744
1704.375	851.624
1714.900	850.704
1725.688	849.966
1736.712	849.388
1747.945	848.950
1759.362	848.633
1770.938	848.418
1782.644	848.283
1794.457	848.208
1806.349	848.175
1818.294	848.163
1830.267	848.152
1842.241	848.122
1854.190	848.054
1866.089	847.927
1877.924	847.736
1889.691	847.487
1901.387	847.189
1913.011	846.848
1924.558	846.472
1936.028	846.068
1947.416	845.643
1958.720	845.205
1969.937	844.761
1981.065	844.319
1992.102	843.886
2003.043	843.469
2013.887	843.075
2024.631	842.713
2035.271	842.388
2045.807	842.110
2056.234	841.884
2066.550	841.719
2076.752	841.621
2086.838	841.599
2096.804	841.659
2106.649	841.809
2116.369	842.056
2125.962	842.407
2135.425	842.871
2144.755	843.453
2153.950	844.162
2163.010	844.999
2171.941	845.952
2180.752	847.007
2189.450	848.151
2198.042	849.369
2206.536	850.649
2214.940	851.977
2223.262	853.339
2231.508	854.722
2239.688	856.111
2247.807	857.494
2255.874	858.857
2263.896	860.186
2271.882	861.467
2279.838	862.687
2287.772	863.833
2295.692	864.890
2303.606	865.845
2311.521	866.684
2319.444	867.395
2327.384	867.962
2335.348	868.377
2343.343	868.642
2351.376	868.767
2359.455	868.761
2367.587	868.633
2375.778	868.392
2384.038	868.047
2392.371	867.607
2400.786	867.081
2409.291	866.478
2417.891	865.808
2426.595	865.079
2435.409	864.300
2444.341	863.480
2453.398	862.629
2462.588	861.755
2471.917	860.868
2481.392	859.975
2491.022	859.088
2500.812	858.214
2510.771	857.362
2520.906	856.542
2531.223	855.763
2541.713	855.039
2552.341	854.394
2563.067	853.852
2573.854	853.438
2584.662	853.176
2595.454	853.090
2606.190	853.205
2616.832	853.546
2627.342	854.136
2637.680	855.001
2647.810	856.164
2657.691	857.650
2667.285	859.484
2676.555	861.689
2685.460	864.291
2693.964	867.313
2702.027	870.781
2709.610	874.718
2716.676	879.149
2723.186	884.098
2729.100	889.591
2734.382	895.650
2738.991	902.301
2742.895	909.561
2746.096	917.392
2748.619	925.726
2750.486	934.496
2751.722	943.635
2752.349	953.075
2752.390	962.748
2751.870	972.588
2750.812	982.526
2749.238	992.496
2747.172	1002.429
2744.638	1012.259
2741.659	1021.918
2738.258	1031.339
2734.459	1040.453
2730.285	1049.195
2725.759	1057.496
2720.906	1065.289
2715.747	1072.506
2710.306	1079.080
2704.608	1084.943
2698.674	1090.029
2692.530	1094.275
2686.206	1097.712
2679.740	1100.449
2673.170	1102.600
2666.535	1104.278
2659.872	1105.594
2653.218	1106.663
2646.613	1107.595
2640.094	1108.505
2633.700	1109.504
2627.467	1110.706
2621.435	1112.223
2615.641	1114.168
2610.124	1116.653
2604.920	1119.792
2600.069	1123.696
2595.608	1128.479
2591.557	1134.199
2587.884	1140.751
2584.544	1148.000
2581.493	1155.810
2578.688	1164.045
2576.085	1172.568
2573.640	1181.245
2571.310	1189.938
2569.050	1198.512
2566.817	1206.832
2564.568	1214.761
2562.257	1222.163
2559.843	1228.902
2557.280	1234.843
2554.526	1239.850
2551.535	1243.786
2548.266	1246.516
2544.673	1247.904
2540.727	1247.851
2536.486	1246.513
2532.051	1244.151
2527.519	1241.029
2522.987	1237.410
2518.556	1233.557
2514.323	1229.731
2510.386	1226.197
2506.844	1223.216
2503.795	1221.052
2501.337	1219.968
2499.569	1220.224
2498.496	1221.910
2497.967	1224.813
2497.814	1228.691
2497.869	1233.300
2497.963	1238.398
2497.928	1243.741
2497.597	1249.087
2496.801	1254.192
2495.373	1258.814
2493.143	1262.710
2489.955	1265.650
2485.802	1267.597
2480.794	1268.665
2475.045	1268.968
2468.666	1268.623
2461.771	1267.744
2454.472	1266.448
2446.882	1264.850
2439.114	1263.066
2431.281	1261.211
2423.496	1259.402
2415.871	1257.754
2408.519	1256.382
2401.553	1255.402
2395.085	1254.930
2389.230	1255.082
2384.098	1255.973
2379.769	1257.690
2376.169	1260.200
2373.186	1263.438
2370.708	1267.338
2368.621	1271.833
2366.815	1276.859
2365.177	1282.349
2363.594	1288.239
2361.953	1294.462
2360.144	1300.953
2358.052	1307.646
2355.566	1314.475
2352.573	1321.375
2348.961	1328.281
2344.619	1335.126
2339.451	1341.849
2333.480	1348.416
2326.770	1354.799
2319.381	1360.975
2311.378	1366.917
2302.823	1372.598
2293.779	1377.995
2284.310	1383.081
2274.478	1387.829
2264.346	1392.216
2253.978	1396.214
2243.435	1399.799
2232.781	1402.944
2222.079	1405.625
2211.392	1407.814
2200.783	1409.487
2190.314	1410.618
2180.049	1411.181
2170.051	1411.151
2160.382	1410.501
2151.106	1409.207
2142.285	1407.241
2133.983	1404.580
2126.262	1401.197
2119.178	1397.072
2112.717	1392.247
2106.821	1386.801
2101.430	1380.812
2096.486	1374.361
2091.930	1367.526
2087.704	1360.388
2083.749	1353.025
2080.006	1345.516
2076.417	1337.942
2072.922	1330.381
2069.463	1322.913
2065.982	1315.617
2062.419	1308.572
2058.716	1301.858
2054.814	1295.554
2050.655	1289.740
2046.179	1284.495
2041.328	1279.897
2036.044	1276.028
2030.282	1272.945
2024.060	1270.629
2017.411	1269.037
2010.367	1268.128
2002.964	1267.860
1995.232	1268.192
1987.205	1269.081
1978.917	1270.487
1970.400	1272.367
1961.688	1274.681
1952.814	1277.385
1943.810	1280.439
1934.709	1283.801
1925.546	1287.429
1916.352	1291.282
1907.162	1295.318
1898.007	1299.495
1888.921	1303.772
1879.938	1308.106
1871.090	1312.457
1862.410	1316.782
1853.931	1321.041
1845.671	1325.201
1837.616	1329.250
1829.750	1333.179
1822.055	1336.979
1814.515	1340.638
1807.113	1344.148
1799.832	1347.499
1792.655	1350.681
1785.565	1353.684
1778.545	1356.499
1771.579	1359.116
1764.650	1361.526
1757.740	1363.717
1750.833	1365.682
1743.912	1367.410
1736.961	1368.891
1729.962	1370.116
1722.898	1371.074
1715.752	1371.757
1708.510	1372.155
1701.178	1372.256
1693.792	1372.052
1686.387	1371.530
1678.999	1370.681
1671.662	1369.493
1664.412	1367.957
1657.285	1366.060
1650.316	1363.794
1643.541	1361.147
1636.995	1358.108
1630.713	1354.667
1624.731	1350.813
1619.085	1346.536
1613.810	1341.824
1608.941	1336.668
1604.513	1331.056
1600.563	1324.978
1597.120	1318.428
1594.168	1311.429
1591.679	1304.019
1589.621	1296.231
1587.965	1288.103
1586.680	1279.669
1585.735	1270.965
1585.100	1262.028
1584.746	1252.893
1584.641	1243.594
1584.755	1234.170
1585.057	1224.654
1585.519	1215.083
1586.108	1205.492
1586.794	1195.918
1587.548	1186.395
1588.339	1176.960
1589.136	1167.648
1589.909	1158.495
1590.629	1149.537
1591.263	1140.810
1591.782	1132.348
1592.157	1124.187
1592.377	1116.332
1592.452	1108.753
1592.395	1101.423
1592.215	1094.311
1591.926	1087.388
1591.537	1080.625
1591.062	1073.992
1590.510	1067.459
1589.895	1060.997
1589.227	1054.577
1588.517	1048.170
1587.777	1041.745
1587.020	1035.273
1586.255	1028.725
1585.494	1022.072
1584.750	1015.284
1584.033	1008.331
1583.358	1001.193
1582.752	993.894
1582.246	986.468
1581.873	978.952
1581.662	971.380
1581.646	963.788
1581.856	956.211
1582.322	948.685
1583.077	941.245
1584.151	933.927
1585.576	926.766
1587.383	919.796
1589.603	913.055
1592.268	906.576
1595.409	900.396
1599.057	894.550
1603.244	889.073
1608.000	884.000
