X	Y
1488.000	756.000
1493.574	751.575
1499.693	747.641
1506.329	744.174
1513.456	741.151
1521.044	738.548
1529.068	736.340
1537.500	734.505
1546.311	733.019
1555.475	731.857
1564.964	730.996
1574.751	730.412
1584.808	730.082
1595.108	729.981
1605.623	730.086
1616.326	730.373
1627.189	730.818
1638.185	731.398
1649.286	732.088
1660.465	732.866
1671.695	733.706
1682.948	734.586
1694.196	735.482
1705.412	736.370
1716.568	737.225
1727.638	738.025
1738.593	738.746
1749.406	739.363
1760.051	739.853
1770.499	740.194
1780.747	740.384
1790.803	740.434
1800.676	740.357
1810.376	740.166
1819.913	739.873
1829.295	739.491
1838.532	739.033
1847.634	738.510
1856.610	737.935
1865.469	737.321
1874.221	736.681
1882.875	736.027
1891.440	735.371
1899.927	734.726
1908.343	734.104
1916.699	733.519
1925.005	732.982
1933.268	732.507
1941.500	732.105
1949.709	731.789
1957.905	731.571
1966.096	731.465
1974.293	731.483
1982.505	731.637
1990.741	731.940
1999.010	732.402
2007.316	733.015
2015.659	733.769
2024.042	734.648
2032.467	735.642
2040.934	736.736
2049.445	737.918
2058.002	739.175
2066.606	740.494
2075.260	741.863
2083.964	743.267
2092.720	744.695
2101.531	746.134
2110.396	747.570
2119.318	748.991
2128.299	750.384
2137.339	751.736
2146.442	753.034
2155.607	754.265
2164.837	755.416
2174.134	756.475
2183.499	757.428
2192.933	758.263
2202.438	758.966
2212.015	759.526
2221.667	759.928
2231.393	760.163
2241.177	760.245
2250.998	760.197
2260.831	760.045
2270.654	759.815
2280.443	759.531
2290.177	759.218
2299.832	758.901
2309.384	758.606
2318.812	758.358
2328.091	758.181
2337.200	758.100
2346.115	758.142
2354.812	758.330
2363.271	758.689
2371.466	759.246
2379.375	760.025
2386.977	761.050
2394.246	762.348
2401.161	763.942
2407.698	765.859
2413.834	768.123
2419.547	770.760
2424.814	773.793
2429.611	777.249
2433.929	781.133
2437.778	785.426
2441.167	790.104
2444.108	795.145
2446.612	800.525
2448.689	806.223
2450.351	812.215
2451.607	818.480
2452.469	824.993
2452.949	831.732
2453.055	838.676
2452.801	845.800
2452.195	853.082
2451.249	860.499
2449.975	868.030
2448.381	875.650
2446.481	883.337
2444.283	891.069
2441.800	898.823
2439.037	906.571
2436.001	914.289
2432.698	921.948
2429.135	929.523
2425.318	936.986
2421.252	944.311
2416.945	951.470
2412.401	958.438
2407.628	965.187
2402.632	971.691
2397.418	977.922
2391.993	983.855
2386.364	989.462
2380.535	994.716
2374.514	999.591
2368.307	1004.060
2361.920	1008.096
2355.358	1011.673
2348.629	1014.763
2341.739	1017.341
2334.693	1019.378
2327.499	1020.853
2320.175	1021.791
2312.748	1022.255
2305.247	1022.310
2297.697	1022.018
2290.127	1021.443
2282.565	1020.649
2275.036	1019.699
2267.569	1018.657
2260.191	1017.587
2252.929	1016.551
2245.812	1015.614
2238.864	1014.839
2232.116	1014.289
2225.593	1014.029
2219.323	1014.121
2213.333	1014.629
2207.652	1015.617
2202.305	1017.149
2197.321	1019.287
2192.722	1022.088
2188.490	1025.531
2184.581	1029.552
2180.955	1034.088
2177.567	1039.075
2174.376	1044.449
2171.339	1050.147
2168.413	1056.104
2165.556	1062.258
2162.726	1068.544
2159.879	1074.898
2156.973	1081.258
2153.966	1087.558
2150.815	1093.736
2147.477	1099.727
2143.910	1105.469
2140.072	1110.896
2135.919	1115.946
2131.410	1120.555
2126.521	1124.682
2121.279	1128.354
2115.722	1131.606
2109.888	1134.476
2103.812	1137.000
2097.533	1139.214
2091.088	1141.156
2084.513	1142.862
2077.846	1144.368
2071.124	1145.711
2064.383	1146.927
2057.662	1148.054
2050.997	1149.128
2044.426	1150.186
2037.984	1151.263
2031.711	1152.397
2025.642	1153.624
2019.815	1154.981
2014.267	1156.505
2008.999	1158.193
2003.961	1159.984
1999.095	1161.814
1994.345	1163.614
1989.652	1165.319
1984.961	1166.863
1980.214	1168.178
1975.355	1169.198
1970.326	1169.858
1965.070	1170.090
1959.531	1169.828
1953.651	1169.007
1947.374	1167.558
1940.642	1165.416
1933.399	1162.515
1925.588	1158.789
1917.191	1154.217
1908.254	1148.858
1898.831	1142.776
1888.974	1136.036
1878.737	1128.705
1868.173	1120.845
1857.333	1112.524
1846.272	1103.805
1835.042	1094.754
1823.697	1085.436
1812.288	1075.916
1800.869	1066.259
1789.494	1056.530
1778.214	1046.794
1767.083	1037.117
1756.155	1027.563
1745.481	1018.198
1735.114	1009.086
1725.109	1000.293
1715.517	991.883
1706.391	983.922
1697.785	976.475
1689.752	969.607
1682.344	963.383
1675.614	957.868
1669.616	953.127
1664.401	949.226
1660.024	946.229
1656.538	944.201
1653.994	943.207
1652.446	943.313
1651.946	944.583
1652.495	947.025
1654.018	950.565
1656.434	955.125
1659.661	960.623
1663.619	966.981
1668.227	974.118
1673.404	981.954
1679.068	990.410
1685.139	999.405
1691.536	1008.861
1698.177	1018.696
1704.982	1028.831
1711.870	1039.186
1718.760	1049.681
1725.570	1060.237
1732.220	1070.773
1738.629	1081.210
1744.715	1091.468
1750.398	1101.466
1755.597	1111.125
1760.230	1120.366
1764.218	1129.108
1767.477	1137.270
1769.928	1144.775
1771.490	1151.541
1772.082	1157.488
1771.626	1162.541
1770.121	1166.691
1767.639	1169.994
1764.253	1172.510
1760.035	1174.297
1755.060	1175.413
1749.401	1175.919
1743.132	1175.872
1736.326	1175.331
1729.055	1174.355
1721.395	1173.003
1713.418	1171.333
1705.198	1169.405
1696.807	1167.277
1688.320	1165.007
1679.811	1162.656
1671.351	1160.280
1663.016	1157.940
1654.878	1155.694
1646.990	1153.580
1639.357	1151.581
1631.970	1149.671
1624.824	1147.825
1617.912	1146.018
1611.229	1144.222
1604.767	1142.413
1598.520	1140.565
1592.483	1138.652
1586.648	1136.648
1581.010	1134.528
1575.562	1132.266
1570.297	1129.837
1565.210	1127.213
1560.295	1124.370
1555.544	1121.283
1550.952	1117.924
1546.512	1114.269
1542.218	1110.293
1538.064	1105.984
1534.047	1101.351
1530.161	1096.402
1526.403	1091.148
1522.768	1085.596
1519.252	1079.757
1515.851	1073.638
1512.559	1067.250
1509.375	1060.601
1506.291	1053.700
1503.305	1046.556
1500.412	1039.179
1497.608	1031.577
1494.889	1023.759
1492.250	1015.735
1489.686	1007.514
1487.195	999.105
1484.770	990.516
1482.409	981.757
1480.106	972.837
1477.858	963.765
1475.659	954.549
1473.513	945.205
1471.439	935.756
1469.459	926.230
1467.593	916.654
1465.865	907.054
1464.295	897.457
1462.905	887.891
1461.718	878.382
1460.755	868.958
1460.038	859.644
1459.588	850.469
1459.428	841.458
1459.579	832.640
1460.063	824.040
1460.901	815.686
1462.116	807.605
1463.729	799.823
1465.762	792.368
1468.237	785.266
1471.176	778.544
1474.599	772.230
1478.530	766.350
1482.990	760.931
1488.000	756.000
