X,Y
29.009,16.926
29.012,16.881
29.014,16.834
29.015,16.787
29.016,16.738
29.017,16.688
29.018,16.637
29.019,16.584
29.022,16.530
29.025,16.474
29.030,16.417
29.036,16.357
29.044,16.297
29.055,16.234
29.068,16.170
29.083,16.103
29.102,16.035
29.124,15.964
29.149,15.892
29.178,15.817
29.212,15.740
29.250,15.660
29.292,15.579
29.338,15.495
29.389,15.409
29.444,15.320
29.502,15.230
29.564,15.138
29.630,15.044
29.700,14.949
29.772,14.851
29.849,14.753
29.928,14.652
30.010,14.550
30.095,14.447
30.183,14.342
30.274,14.236
30.367,14.129
30.463,14.021
30.561,13.912
30.661,13.802
30.764,13.691
30.868,13.580
30.974,13.467
31.082,13.355
31.192,13.241
31.303,13.127
31.415,13.013
31.528,12.898
31.643,12.783
31.759,12.668
31.876,12.552
31.993,12.437
32.111,12.322
32.229,12.207
32.348,12.092
32.468,11.977
32.587,11.863
32.707,11.749
32.826,11.635
32.945,11.522
33.064,11.410
33.183,11.299
33.300,11.188
33.418,11.078
33.534,10.970
33.650,10.862
33.764,10.755
33.877,10.649
33.990,10.545
34.100,10.442
34.210,10.340
34.318,10.240
34.426,10.141
34.532,10.042
34.637,9.946
34.741,9.850
34.844,9.756
34.946,9.662
35.047,9.570
35.148,9.479
35.247,9.390
35.346,9.301
35.444,9.214
35.541,9.127
35.637,9.042
35.733,8.958
35.828,8.875
35.923,8.793
36.017,8.713
36.111,8.633
36.204,8.554
36.297,8.477
36.389,8.400
36.482,8.325
36.573,8.251
36.665,8.177
36.756,8.105
36.848,8.034
36.939,7.963
37.030,7.894
37.121,7.826
37.212,7.759
37.303,7.692
37.394,7.627
37.485,7.562
37.576,7.499
37.668,7.436
37.759,7.375
37.851,7.314
37.943,7.254
38.036,7.195
38.129,7.137
38.222,7.081
38.315,7.025
38.408,6.971
38.501,6.919
38.593,6.869
38.685,6.821
38.777,6.775
38.868,6.731
38.958,6.690
39.047,6.651
39.135,6.616
39.223,6.583
39.309,6.553
39.393,6.527
39.476,6.505
39.558,6.486
39.638,6.471
39.716,6.460
39.793,6.453
39.867,6.451
39.939,6.453
40.009,6.460
40.077,6.471
40.142,6.488
40.205,6.510
40.265,6.537
40.322,6.570
40.377,6.608
40.428,6.652
40.477,6.701
40.523,6.755
40.567,6.814
40.608,6.878
40.647,6.946
40.683,7.019
40.717,7.096
40.749,7.177
40.779,7.262
40.806,7.351
40.832,7.443
40.856,7.539
40.878,7.638
40.898,7.740
40.916,7.844
40.933,7.952
40.948,8.062
40.962,8.174
40.974,8.289
40.985,8.405
40.995,8.523
41.004,8.643
41.011,8.765
41.018,8.887
41.023,9.011
41.028,9.136
41.031,9.261
41.034,9.388
41.037,9.514
41.038,9.641
41.040,9.768
41.040,9.895
41.041,10.022
41.040,10.149
41.039,10.275
41.038,10.402
41.036,10.528
41.034,10.653
41.031,10.779
41.027,10.904
41.023,11.029
41.018,11.153
41.012,11.277
41.006,11.400
40.999,11.523
40.991,11.645
40.983,11.767
40.974,11.887
40.964,12.007
40.954,12.127
40.943,12.245
40.931,12.363
40.918,12.480
40.904,12.596
40.890,12.711
40.874,12.824
40.858,12.937
40.841,13.049
40.823,13.160
40.804,13.269
40.785,13.378
40.764,13.485
40.743,13.591
40.720,13.695
40.697,13.798
40.672,13.900
40.647,14.000
40.620,14.099
40.592,14.197
40.564,14.293
40.534,14.387
40.503,14.479
40.472,14.570
40.439,14.660
40.404,14.748
40.369,14.834
40.332,14.919
40.294,15.002
40.255,15.083
40.214,15.163
40.172,15.241
40.129,15.318
40.084,15.393
40.037,15.466
39.990,15.538
39.940,15.608
39.889,15.676
39.837,15.743
39.783,15.808
39.727,15.871
39.669,15.933
39.610,15.993
39.549,16.051
39.486,16.108
39.422,16.163
39.355,16.216
39.287,16.268
39.217,16.318
39.145,16.366
39.071,16.413
38.995,16.458
38.917,16.501
38.837,16.543
38.756,16.583
38.673,16.622
38.588,16.659
38.502,16.695
38.414,16.730
38.325,16.764
38.234,16.796
38.141,16.827
38.048,16.857
37.953,16.886
37.857,16.913
37.759,16.940
37.660,16.966
37.561,16.991
37.460,17.015
37.358,17.038
37.255,17.061
37.151,17.082
37.047,17.103
36.941,17.124
36.835,17.144
36.728,17.163
36.620,17.182
36.511,17.200
36.402,17.218
36.293,17.236
36.183,17.253
36.072,17.270
35.961,17.287
35.850,17.304
35.738,17.320
35.626,17.336
35.514,17.352
35.401,17.368
35.288,17.384
35.175,17.399
35.061,17.415
34.948,17.429
34.834,17.444
34.720,17.459
34.605,17.473
34.491,17.487
34.376,17.500
34.261,17.513
34.146,17.526
34.030,17.539
33.915,17.551
33.799,17.563
33.684,17.574
33.568,17.586
33.452,17.596
33.336,17.607
33.220,17.616
33.104,17.626
32.988,17.635
32.872,17.644
32.755,17.652
32.639,17.659
32.523,17.667
32.407,17.673
32.291,17.679
32.175,17.685
32.059,17.690
31.943,17.695
31.827,17.699
31.711,17.703
31.596,17.706
31.480,17.708
31.365,17.710
31.250,17.711
31.136,17.711
31.022,17.711
30.910,17.710
30.799,17.708
30.689,17.706
30.580,17.703
30.474,17.698
30.370,17.693
30.268,17.687
30.168,17.680
30.071,17.672
29.977,17.663
29.886,17.653
29.798,17.642
29.713,17.629
29.633,17.616
29.556,17.601
29.483,17.585
29.415,17.568
29.351,17.549
29.292,17.529
29.238,17.508
29.188,17.485
29.145,17.461
29.106,17.435
29.074,17.408
29.047,17.379
29.026,17.349
29.010,17.317
28.999,17.284
28.992,17.249
28.988,17.213
28.987,17.175
28.989,17.137
28.992,17.097
28.996,17.056
29.000,17.014
29.005,16.970
29.009,16.926
