X,Y
16.255,11.311
16.271,11.383
16.300,11.455
16.338,11.527
16.383,11.598
16.432,11.670
16.483,11.742
16.532,11.814
16.578,11.886
16.617,11.959
16.648,12.032
16.669,12.106
16.683,12.181
16.692,12.256
16.696,12.333
16.697,12.410
16.698,12.488
16.700,12.568
16.703,12.648
16.711,12.730
16.721,12.812
16.735,12.895
16.749,12.978
16.765,13.061
16.780,13.142
16.793,13.223
16.805,13.301
16.814,13.378
16.819,13.452
16.821,13.523
16.821,13.592
16.821,13.660
16.822,13.727
16.827,13.792
16.836,13.858
16.851,13.924
16.874,13.990
16.904,14.056
16.940,14.123
16.980,14.189
17.024,14.255
17.068,14.320
17.114,14.385
17.158,14.448
17.201,14.509
17.240,14.568
17.278,14.626
17.315,14.682
17.352,14.736
17.390,14.789
17.430,14.840
17.474,14.889
17.521,14.936
17.573,14.982
17.628,15.028
17.685,15.074
17.744,15.120
17.805,15.168
17.865,15.217
17.926,15.270
17.985,15.325
18.042,15.384
18.098,15.447
18.154,15.511
18.209,15.576
18.265,15.641
18.322,15.706
18.380,15.769
18.441,15.830
18.504,15.888
18.570,15.942
18.640,15.992
18.712,16.038
18.787,16.083
18.862,16.127
18.939,16.171
19.016,16.216
19.093,16.263
19.169,16.314
19.244,16.368
19.316,16.429
19.387,16.494
19.455,16.564
19.522,16.638
19.586,16.713
19.649,16.789
19.711,16.864
19.771,16.937
19.830,17.008
19.888,17.075
19.945,17.136
20.002,17.191
20.057,17.240
20.112,17.283
20.164,17.323
20.215,17.360
20.263,17.395
20.308,17.429
20.350,17.464
20.389,17.500
20.426,17.537
20.465,17.573
20.505,17.610
20.551,17.645
20.602,17.680
20.661,17.713
20.726,17.744
20.797,17.773
20.872,17.801
20.949,17.826
21.028,17.850
21.106,17.871
21.183,17.890
21.257,17.907
21.328,17.922
21.396,17.932
21.460,17.938
21.522,17.939
21.581,17.933
21.638,17.920
21.694,17.899
21.747,17.869
21.800,17.833
21.851,17.791
21.901,17.746
21.951,17.701
22.000,17.655
22.049,17.612
22.097,17.574
22.146,17.539
22.196,17.506
22.245,17.475
22.295,17.445
22.345,17.413
22.396,17.379
22.448,17.341
22.500,17.301
22.553,17.259
22.607,17.214
22.660,17.169
22.713,17.123
22.767,17.077
22.820,17.032
22.873,16.987
22.926,16.944
22.979,16.901
23.032,16.858
23.085,16.815
23.138,16.772
23.191,16.729
23.244,16.685
23.298,16.640
23.352,16.594
23.405,16.548
23.458,16.501
23.510,16.453
23.560,16.404
23.609,16.355
23.655,16.305
23.700,16.255
23.744,16.204
23.786,16.152
23.828,16.099
23.871,16.045
23.913,15.990
23.957,15.934
24.002,15.877
24.049,15.818
24.096,15.758
24.144,15.697
24.192,15.634
24.239,15.570
24.286,15.505
24.331,15.438
24.374,15.369
24.416,15.298
24.454,15.226
24.491,15.153
24.524,15.078
24.554,15.001
24.581,14.923
24.604,14.844
24.623,14.764
24.639,14.683
24.649,14.600
24.656,14.516
24.660,14.432
24.662,14.347
24.663,14.261
24.663,14.175
24.664,14.089
24.667,14.004
24.672,13.918
24.680,13.832
24.692,13.748
24.708,13.664
24.726,13.581
24.744,13.501
24.761,13.423
24.776,13.348
24.787,13.276
24.794,13.207
24.794,13.143
24.787,13.083
24.774,13.027
24.757,12.971
24.738,12.915
24.717,12.857
24.698,12.795
24.680,12.728
24.667,12.655
24.656,12.576
24.647,12.493
24.638,12.408
24.630,12.320
24.621,12.232
24.610,12.146
24.596,12.061
24.578,11.980
24.555,11.904
24.528,11.832
24.496,11.764
24.462,11.699
24.424,11.636
24.386,11.573
24.346,11.510
24.306,11.446
24.267,11.380
24.228,11.311
24.191,11.240
24.154,11.168
24.116,11.095
24.077,11.023
24.036,10.952
23.994,10.883
23.948,10.816
23.899,10.754
23.846,10.696
23.790,10.642
23.730,10.594
23.668,10.550
23.604,10.511
23.538,10.476
23.471,10.447
23.404,10.422
23.337,10.403
23.269,10.387
23.202,10.376
23.133,10.367
23.064,10.360
22.994,10.354
22.922,10.348
22.848,10.341
22.772,10.333
22.693,10.323
22.612,10.311
22.529,10.299
22.444,10.286
22.357,10.272
22.268,10.260
22.177,10.248
22.084,10.237
21.990,10.228
21.895,10.221
21.798,10.217
21.701,10.214
21.604,10.213
21.509,10.213
21.415,10.214
21.323,10.216
21.235,10.218
21.150,10.221
21.069,10.223
20.994,10.225
20.923,10.226
20.856,10.227
20.792,10.228
20.727,10.227
20.662,10.227
20.595,10.226
20.523,10.225
20.446,10.224
20.362,10.223
20.274,10.222
20.181,10.221
20.085,10.220
19.986,10.219
19.885,10.219
19.783,10.220
19.680,10.220
19.578,10.222
19.477,10.224
19.378,10.227
19.281,10.230
19.187,10.234
19.096,10.238
19.007,10.243
18.922,10.248
18.841,10.252
18.763,10.256
18.689,10.259
18.619,10.262
18.553,10.264
18.490,10.265
18.429,10.265
18.369,10.265
18.308,10.265
18.245,10.264
18.179,10.262
18.109,10.261
18.035,10.260
17.959,10.259
17.880,10.258
17.800,10.257
17.720,10.257
17.640,10.258
17.563,10.260
17.488,10.262
17.416,10.266
17.347,10.270
17.281,10.275
17.216,10.281
17.153,10.287
17.091,10.292
17.029,10.298
16.967,10.302
16.905,10.306
16.842,10.309
16.781,10.310
16.721,10.310
16.662,10.307
16.605,10.301
16.551,10.293
16.502,10.285
16.459,10.281
16.425,10.286
16.402,10.303
16.392,10.335
16.391,10.381
16.396,10.437
16.403,10.501
16.407,10.572
16.407,10.646
16.397,10.720
16.379,10.795
16.356,10.870
16.329,10.944
16.302,11.018
16.278,11.092
16.261,11.165
16.252,11.238
16.255,11.311
