X,Y
15.992,8.689
16.019,8.651
16.052,8.621
16.088,8.595
16.128,8.573
16.171,8.552
16.215,8.531
16.260,8.508
16.304,8.482
16.346,8.451
16.387,8.413
16.425,8.371
16.462,8.324
16.498,8.274
16.532,8.222
16.565,8.169
16.598,8.115
16.629,8.062
16.660,8.010
16.691,7.960
16.721,7.914
16.751,7.871
16.782,7.830
16.813,7.790
16.845,7.752
16.878,7.713
16.913,7.674
16.950,7.633
16.988,7.589
17.029,7.542
17.072,7.491
17.118,7.436
17.166,7.377
17.216,7.316
17.267,7.252
17.320,7.187
17.374,7.120
17.429,7.052
17.485,6.984
17.541,6.917
17.597,6.850
17.652,6.785
17.708,6.722
17.762,6.661
17.816,6.603
17.868,6.549
17.920,6.498
17.970,6.450
18.020,6.404
18.069,6.361
18.117,6.319
18.166,6.278
18.215,6.238
18.263,6.199
18.313,6.159
18.362,6.119
18.413,6.078
18.465,6.036
18.517,5.992
18.571,5.947
18.625,5.900
18.680,5.852
18.735,5.802
18.791,5.751
18.846,5.699
18.902,5.645
18.958,5.590
19.013,5.533
19.068,5.475
19.123,5.416
19.176,5.355
19.229,5.292
19.282,5.229
19.334,5.164
19.385,5.099
19.437,5.033
19.488,4.967
19.538,4.901
19.589,4.834
19.641,4.768
19.692,4.703
19.744,4.637
19.796,4.573
19.849,4.510
19.903,4.448
19.957,4.387
20.013,4.328
20.069,4.271
20.126,4.215
20.184,4.160
20.243,4.107
20.303,4.056
20.363,4.006
20.424,3.956
20.486,3.909
20.548,3.862
20.610,3.816
20.673,3.772
20.737,3.728
20.800,3.685
20.864,3.644
20.929,3.603
20.993,3.562
21.057,3.523
21.122,3.484
21.186,3.445
21.250,3.407
21.314,3.369
21.378,3.331
21.441,3.293
21.504,3.256
21.567,3.218
21.629,3.181
21.690,3.143
21.750,3.105
21.810,3.067
21.870,3.028
21.930,2.990
21.991,2.952
22.052,2.915
22.114,2.878
22.177,2.841
22.242,2.805
22.308,2.770
22.376,2.735
22.447,2.702
22.520,2.670
22.596,2.639
22.674,2.609
22.755,2.581
22.838,2.553
22.922,2.527
23.008,2.502
23.094,2.477
23.181,2.453
23.268,2.431
23.355,2.408
23.441,2.387
23.526,2.366
23.609,2.346
23.691,2.326
23.771,2.306
23.848,2.287
23.923,2.268
23.995,2.249
24.065,2.232
24.132,2.216
24.198,2.201
24.263,2.188
24.326,2.178
24.388,2.170
24.450,2.165
24.511,2.163
24.573,2.165
24.634,2.171
24.696,2.181
24.759,2.196
24.821,2.214
24.882,2.237
24.942,2.264
25.000,2.295
25.057,2.330
25.110,2.368
25.161,2.411
25.208,2.457
25.251,2.507
25.289,2.560
25.323,2.617
25.353,2.677
25.378,2.740
25.400,2.806
25.419,2.873
25.436,2.943
25.450,3.015
25.462,3.088
25.472,3.162
25.481,3.237
25.490,3.313
25.499,3.389
25.507,3.465
25.516,3.541
25.525,3.616
25.535,3.692
25.545,3.768
25.555,3.843
25.566,3.918
25.577,3.994
25.588,4.069
25.599,4.144
25.611,4.219
25.623,4.295
25.635,4.370
25.647,4.446
25.659,4.521
25.672,4.597
25.684,4.672
25.697,4.748
25.709,4.824
25.721,4.900
25.733,4.975
25.744,5.051
25.755,5.127
25.766,5.202
25.776,5.278
25.785,5.353
25.793,5.428
25.801,5.503
25.807,5.577
25.813,5.651
25.818,5.726
25.821,5.800
25.824,5.874
25.826,5.949
25.826,6.024
25.826,6.099
25.825,6.174
25.823,6.250
25.820,6.327
25.817,6.405
25.812,6.483
25.807,6.562
25.800,6.643
25.793,6.724
25.785,6.806
25.776,6.888
25.766,6.972
25.754,7.055
25.742,7.138
25.728,7.222
25.713,7.305
25.697,7.388
25.679,7.470
25.660,7.551
25.639,7.632
25.617,7.711
25.592,7.789
25.567,7.866
25.539,7.941
25.510,8.015
25.480,8.088
25.447,8.160
25.414,8.232
25.380,8.303
25.344,8.375
25.307,8.446
25.269,8.518
25.231,8.590
25.191,8.663
25.151,8.737
25.110,8.812
25.069,8.888
25.027,8.966
24.985,9.046
24.943,9.125
24.899,9.205
24.855,9.285
24.809,9.363
24.763,9.439
24.715,9.513
24.666,9.583
24.616,9.651
24.563,9.713
24.509,9.771
24.454,9.823
24.396,9.869
24.336,9.909
24.273,9.941
24.209,9.965
24.142,9.984
24.074,9.997
24.004,10.005
23.934,10.009
23.862,10.010
23.790,10.009
23.717,10.006
23.645,10.003
23.572,10.000
23.500,9.999
23.429,9.999
23.358,10.002
23.288,10.008
23.219,10.017
23.150,10.027
23.082,10.040
23.012,10.054
22.943,10.070
22.872,10.087
22.800,10.104
22.727,10.122
22.651,10.140
22.574,10.158
22.494,10.175
22.412,10.191
22.327,10.207
22.240,10.221
22.150,10.234
22.058,10.247
21.965,10.259
21.870,10.269
21.774,10.279
21.677,10.288
21.580,10.297
21.482,10.304
21.385,10.311
21.288,10.317
21.191,10.322
21.095,10.327
21.000,10.331
20.907,10.334
20.815,10.337
20.726,10.339
20.638,10.341
20.551,10.342
20.466,10.343
20.382,10.344
20.299,10.344
20.217,10.344
20.135,10.343
20.054,10.343
19.972,10.342
19.891,10.341
19.810,10.340
19.728,10.339
19.646,10.338
19.562,10.337
19.478,10.336
19.393,10.335
19.306,10.335
19.219,10.334
19.130,10.334
19.040,10.333
18.949,10.333
18.856,10.333
18.762,10.333
18.666,10.333
18.569,10.333
18.471,10.333
18.371,10.334
18.269,10.334
18.166,10.335
18.061,10.336
17.954,10.336
17.845,10.337
17.735,10.338
17.625,10.339
17.515,10.341
17.407,10.342
17.301,10.344
17.199,10.346
17.101,10.348
17.009,10.350
16.922,10.353
16.843,10.355
16.772,10.359
16.711,10.362
16.659,10.366
16.619,10.370
16.590,10.375
16.573,10.379
16.561,10.378
16.547,10.369
16.528,10.349
16.505,10.319
16.478,10.282
16.448,10.239
16.416,10.191
16.382,10.140
16.348,10.088
16.314,10.035
16.281,9.984
16.250,9.934
16.221,9.887
16.192,9.840
16.165,9.793
16.140,9.746
16.116,9.698
16.093,9.647
16.071,9.594
16.050,9.537
16.030,9.477
16.011,9.411
15.993,9.342
15.978,9.270
15.964,9.197
15.953,9.123
15.946,9.050
15.942,8.979
15.942,8.911
15.946,8.846
15.956,8.787
15.971,8.734
15.992,8.689
