X,Y
18.629,11.000
18.646,10.962
18.665,10.925
18.685,10.890
18.707,10.856
18.731,10.823
18.757,10.791
18.785,10.760
18.815,10.730
18.847,10.701
18.882,10.674
18.920,10.647
18.960,10.622
19.003,10.598
19.048,10.574
19.097,10.552
19.149,10.531
19.204,10.511
19.262,10.491
19.324,10.473
19.389,10.456
19.458,10.440
19.530,10.424
19.605,10.410
19.683,10.396
19.764,10.384
19.848,10.372
19.934,10.361
20.023,10.351
20.115,10.342
20.209,10.334
20.305,10.326
20.403,10.319
20.503,10.313
20.605,10.308
20.709,10.304
20.815,10.300
20.922,10.298
21.031,10.295
21.141,10.294
21.252,10.293
21.365,10.293
21.478,10.294
21.592,10.295
21.707,10.297
21.823,10.299
21.939,10.302
22.056,10.306
22.173,10.310
22.291,10.315
22.408,10.320
22.526,10.326
22.643,10.333
22.760,10.340
22.877,10.347
22.994,10.355
23.109,10.363
23.225,10.372
23.339,10.381
23.453,10.391
23.565,10.401
23.677,10.412
23.787,10.423
23.896,10.434
24.004,10.445
24.111,10.457
24.217,10.470
24.322,10.483
24.426,10.496
24.529,10.509
24.631,10.523
24.732,10.537
24.832,10.552
24.931,10.567
25.030,10.582
25.127,10.598
25.224,10.614
25.320,10.631
25.415,10.648
25.510,10.665
25.603,10.683
25.697,10.701
25.789,10.719
25.881,10.738
25.972,10.757
26.063,10.776
26.153,10.796
26.243,10.816
26.332,10.837
26.421,10.858
26.509,10.879
26.597,10.901
26.685,10.923
26.772,10.945
26.859,10.968
26.945,10.991
27.031,11.015
27.117,11.038
27.203,11.063
27.288,11.087
27.374,11.112
27.459,11.137
27.544,11.163
27.629,11.189
27.713,11.216
27.796,11.243
27.880,11.271
27.962,11.299
28.044,11.328
28.125,11.358
28.205,11.389
28.284,11.420
28.362,11.452
28.439,11.486
28.515,11.520
28.590,11.555
28.663,11.591
28.735,11.629
28.805,11.667
28.874,11.707
28.940,11.748
29.006,11.791
29.069,11.834
29.130,11.880
29.190,11.926
29.247,11.974
29.302,12.024
29.355,12.075
29.406,12.128
29.454,12.183
29.500,12.239
29.543,12.297
29.584,12.357
29.621,12.419
29.657,12.483
29.689,12.548
29.719,12.615
29.747,12.683
29.772,12.753
29.795,12.825
29.816,12.897
29.834,12.971
29.851,13.045
29.865,13.121
29.878,13.197
29.888,13.274
29.897,13.352
29.904,13.430
29.910,13.509
29.914,13.588
29.917,13.667
29.918,13.746
29.918,13.826
29.916,13.905
29.914,13.984
29.910,14.063
29.905,14.142
29.900,14.220
29.893,14.298
29.886,14.375
29.878,14.451
29.869,14.526
29.860,14.601
29.850,14.674
29.840,14.746
29.829,14.817
29.818,14.888
29.806,14.957
29.794,15.025
29.781,15.092
29.768,15.159
29.754,15.225
29.739,15.290
29.724,15.354
29.708,15.418
29.691,15.482
29.674,15.544
29.656,15.607
29.637,15.669
29.617,15.730
29.596,15.792
29.574,15.853
29.552,15.914
29.528,15.975
29.504,16.035
29.479,16.096
29.452,16.157
29.425,16.218
29.396,16.278
29.366,16.340
29.336,16.401
29.304,16.463
29.271,16.525
29.236,16.587
29.201,16.649
29.165,16.711
29.128,16.774
29.089,16.836
29.050,16.899
29.010,16.961
28.969,17.024
28.927,17.086
28.884,17.148
28.841,17.209
28.797,17.271
28.752,17.332
28.706,17.393
28.660,17.453
28.613,17.513
28.565,17.572
28.517,17.630
28.468,17.688
28.419,17.746
28.369,17.802
28.319,17.858
28.268,17.914
28.217,17.968
28.165,18.021
28.114,18.074
28.061,18.125
28.009,18.175
27.956,18.225
27.903,18.273
27.850,18.320
27.797,18.366
27.743,18.412
27.690,18.456
27.636,18.499
27.581,18.541
27.527,18.582
27.473,18.623
27.418,18.662
27.363,18.700
27.308,18.738
27.253,18.775
27.198,18.810
27.142,18.845
27.087,18.880
27.031,18.913
26.975,18.946
26.920,18.977
26.864,19.009
26.808,19.039
26.752,19.068
26.696,19.097
26.640,19.126
26.584,19.153
26.527,19.180
26.471,19.206
26.415,19.232
26.359,19.257
26.302,19.281
26.246,19.304
26.189,19.327
26.133,19.348
26.076,19.368
26.019,19.388
25.961,19.406
25.904,19.423
25.846,19.439
25.787,19.454
25.729,19.468
25.670,19.480
25.611,19.491
25.551,19.500
25.491,19.508
25.431,19.514
25.370,19.519
25.308,19.522
25.246,19.523
25.184,19.523
25.121,19.521
25.057,19.517
24.993,19.511
24.928,19.503
24.863,19.494
24.798,19.482
24.732,19.469
24.666,19.454
24.600,19.438
24.535,19.420
24.469,19.400
24.403,19.379
24.338,19.356
24.273,19.332
24.209,19.306
24.145,19.279
24.081,19.250
24.019,19.220
23.957,19.189
23.896,19.156
23.836,19.122
23.777,19.087
23.720,19.051
23.663,19.014
23.608,18.975
23.554,18.935
23.502,18.894
23.451,18.853
23.402,18.810
23.354,18.766
23.309,18.721
23.264,18.676
23.221,18.629
23.180,18.582
23.140,18.533
23.101,18.484
23.062,18.434
23.025,18.383
22.989,18.331
22.953,18.278
22.918,18.224
22.884,18.170
22.850,18.115
22.816,18.058
22.783,18.002
22.749,17.944
22.716,17.885
22.683,17.826
22.649,17.766
22.616,17.705
22.581,17.644
22.547,17.581
22.512,17.518
22.476,17.455
22.440,17.390
22.402,17.325
22.364,17.259
22.325,17.193
22.285,17.126
22.244,17.058
22.203,16.990
22.160,16.922
22.117,16.853
22.073,16.783
22.029,16.713
21.984,16.643
21.938,16.572
21.891,16.502
21.845,16.431
21.797,16.359
21.749,16.288
21.701,16.216
21.652,16.145
21.603,16.073
21.554,16.001
21.504,15.929
21.454,15.858
21.404,15.786
21.353,15.714
21.302,15.643
21.252,15.572
21.201,15.501
21.150,15.430
21.098,15.360
21.047,15.290
20.996,15.220
20.945,15.151
20.894,15.082
20.843,15.014
20.792,14.946
20.742,14.878
20.691,14.812
20.641,14.745
20.591,14.680
20.541,14.615
20.492,14.550
20.442,14.486
20.393,14.422
20.344,14.359
20.295,14.297
20.247,14.235
20.199,14.173
20.151,14.112
20.103,14.051
20.056,13.991
20.009,13.931
19.962,13.872
19.915,13.813
19.869,13.755
19.823,13.697
19.778,13.639
19.733,13.582
19.688,13.526
19.643,13.469
19.599,13.413
19.556,13.358
19.512,13.303
19.469,13.248
19.426,13.194
19.384,13.140
19.342,13.086
19.301,13.033
19.260,12.980
19.220,12.927
19.180,12.875
19.140,12.823
19.102,12.771
19.064,12.719
19.027,12.668
18.991,12.617
18.956,12.566
18.922,12.516
18.889,12.465
18.857,12.415
18.826,12.365
18.797,12.315
18.769,12.265
18.742,12.215
18.716,12.166
18.692,12.116
18.670,12.067
18.649,12.017
18.630,11.968
18.613,11.919
18.597,11.869
18.584,11.820
18.572,11.771
18.562,11.722
18.553,11.672
18.547,11.624
18.542,11.575
18.539,11.527
18.538,11.479
18.538,11.432
18.541,11.385
18.544,11.339
18.550,11.294
18.556,11.249
18.565,11.205
18.575,11.162
18.586,11.120
18.599,11.079
18.613,11.039
18.629,11.000
