X,Y
15.985,8.662
16.005,8.621
16.032,8.577
16.065,8.530
16.103,8.481
16.146,8.429
16.191,8.375
16.240,8.320
16.290,8.263
16.340,8.206
16.390,8.148
16.439,8.090
16.485,8.032
16.529,7.975
16.568,7.918
16.604,7.863
16.636,7.808
16.666,7.754
16.694,7.700
16.721,7.647
16.747,7.593
16.773,7.540
16.800,7.486
16.828,7.432
16.858,7.378
16.891,7.322
16.928,7.266
16.968,7.209
17.011,7.151
17.057,7.092
17.106,7.032
17.157,6.971
17.210,6.909
17.265,6.846
17.321,6.783
17.378,6.718
17.435,6.653
17.493,6.586
17.550,6.519
17.607,6.451
17.663,6.383
17.718,6.313
17.771,6.243
17.823,6.172
17.873,6.101
17.921,6.029
17.969,5.956
18.015,5.884
18.061,5.811
18.107,5.739
18.152,5.666
18.197,5.594
18.243,5.523
18.290,5.452
18.337,5.382
18.385,5.313
18.435,5.244
18.486,5.177
18.540,5.112
18.595,5.047
18.652,4.985
18.712,4.923
18.773,4.863
18.836,4.804
18.900,4.746
18.965,4.688
19.032,4.631
19.099,4.575
19.166,4.519
19.234,4.462
19.302,4.406
19.369,4.350
19.437,4.293
19.503,4.235
19.569,4.177
19.633,4.118
19.697,4.058
19.758,3.996
19.819,3.934
19.878,3.871
19.936,3.807
19.993,3.744
20.048,3.680
20.103,3.616
20.158,3.553
20.212,3.491
20.265,3.429
20.318,3.369
20.371,3.311
20.424,3.254
20.476,3.199
20.529,3.146
20.583,3.096
20.636,3.049
20.691,3.004
20.746,2.962
20.801,2.922
20.858,2.883
20.916,2.846
20.975,2.811
21.035,2.776
21.096,2.742
21.159,2.709
21.224,2.676
21.290,2.643
21.358,2.609
21.429,2.575
21.501,2.541
21.575,2.505
21.651,2.469
21.729,2.432
21.807,2.395
21.887,2.357
21.967,2.319
22.048,2.281
22.130,2.243
22.211,2.204
22.292,2.166
22.372,2.129
22.452,2.091
22.531,2.054
22.608,2.018
22.684,1.982
22.759,1.947
22.831,1.913
22.901,1.880
22.970,1.848
23.038,1.816
23.105,1.786
23.171,1.756
23.237,1.727
23.303,1.699
23.369,1.672
23.435,1.646
23.503,1.620
23.572,1.595
23.642,1.571
23.714,1.548
23.788,1.525
23.865,1.503
23.943,1.483
24.023,1.463
24.105,1.446
24.186,1.430
24.268,1.418
24.350,1.408
24.431,1.401
24.510,1.399
24.588,1.400
24.664,1.406
24.737,1.417
24.807,1.433
24.873,1.455
24.935,1.482
24.993,1.516
25.047,1.556
25.096,1.602
25.141,1.652
25.183,1.707
25.221,1.766
25.256,1.828
25.288,1.893
25.317,1.961
25.344,2.030
25.369,2.100
25.391,2.172
25.411,2.244
25.430,2.315
25.448,2.386
25.464,2.456
25.479,2.526
25.494,2.596
25.508,2.666
25.521,2.736
25.535,2.806
25.548,2.876
25.562,2.948
25.577,3.019
25.592,3.092
25.608,3.166
25.625,3.241
25.643,3.317
25.663,3.395
25.685,3.474
25.707,3.554
25.730,3.635
25.752,3.716
25.774,3.797
25.796,3.878
25.815,3.957
25.833,4.036
25.849,4.113
25.862,4.188
25.872,4.260
25.878,4.330
25.880,4.398
25.878,4.461
25.870,4.521
25.858,4.578
25.841,4.631
25.821,4.682
25.799,4.730
25.774,4.777
25.749,4.823
25.724,4.869
25.699,4.915
25.675,4.962
25.654,5.009
25.636,5.059
25.621,5.111
25.608,5.164
25.598,5.220
25.590,5.277
25.584,5.336
25.580,5.398
25.577,5.462
25.576,5.527
25.575,5.595
25.575,5.665
25.576,5.737
25.577,5.811
25.578,5.887
25.579,5.965
25.580,6.045
25.581,6.126
25.583,6.209
25.584,6.293
25.584,6.379
25.585,6.465
25.585,6.552
25.585,6.639
25.585,6.727
25.584,6.816
25.583,6.904
25.581,6.993
25.579,7.081
25.576,7.169
25.573,7.257
25.569,7.344
25.564,7.431
25.559,7.517
25.553,7.602
25.547,7.686
25.540,7.770
25.533,7.853
25.526,7.936
25.518,8.017
25.510,8.098
25.502,8.177
25.494,8.256
25.485,8.334
25.477,8.411
25.468,8.486
25.459,8.561
25.450,8.634
25.440,8.706
25.429,8.776
25.416,8.843
25.402,8.909
25.385,8.973
25.365,9.033
25.342,9.091
25.315,9.146
25.285,9.197
25.250,9.245
25.209,9.289
25.164,9.329
25.114,9.365
25.059,9.398
25.000,9.427
24.936,9.454
24.869,9.478
24.799,9.500
24.726,9.520
24.651,9.539
24.573,9.556
24.494,9.572
24.413,9.588
24.331,9.604
24.249,9.619
24.166,9.635
24.083,9.651
24.000,9.668
23.917,9.685
23.834,9.703
23.751,9.721
23.668,9.739
23.585,9.757
23.503,9.776
23.420,9.794
23.337,9.813
23.255,9.831
23.173,9.850
23.091,9.868
23.009,9.886
22.928,9.904
22.847,9.921
22.766,9.938
22.686,9.955
22.605,9.971
22.525,9.987
22.445,10.002
22.366,10.016
22.286,10.030
22.206,10.043
22.126,10.055
22.045,10.066
21.965,10.076
21.884,10.085
21.803,10.093
21.721,10.100
21.639,10.106
21.557,10.110
21.473,10.113
21.389,10.115
21.305,10.116
21.221,10.116
21.136,10.115
21.051,10.114
20.966,10.112
20.881,10.110
20.796,10.108
20.712,10.107
20.628,10.105
20.544,10.104
20.462,10.104
20.380,10.104
20.299,10.106
20.219,10.108
20.140,10.112
20.062,10.117
19.985,10.124
19.909,10.132
19.833,10.141
19.758,10.150
19.683,10.160
19.608,10.171
19.533,10.182
19.458,10.194
19.381,10.205
19.304,10.217
19.226,10.228
19.146,10.238
19.065,10.248
18.983,10.258
18.898,10.266
18.812,10.274
18.724,10.281
18.635,10.287
18.545,10.293
18.454,10.298
18.362,10.303
18.270,10.308
18.177,10.312
18.085,10.317
17.992,10.322
17.900,10.327
17.809,10.333
17.718,10.339
17.628,10.346
17.540,10.353
17.453,10.362
17.368,10.371
17.285,10.381
17.203,10.392
17.124,10.403
17.046,10.414
16.971,10.424
16.898,10.433
16.826,10.440
16.757,10.445
16.690,10.448
16.626,10.448
16.563,10.444
16.503,10.436
16.445,10.424
16.390,10.407
16.337,10.385
16.286,10.359
16.238,10.327
16.194,10.292
16.152,10.252
16.114,10.210
16.080,10.164
16.049,10.115
16.023,10.064
16.001,10.010
15.983,9.955
15.970,9.898
15.961,9.841
15.955,9.782
15.953,9.723
15.953,9.663
15.956,9.603
15.960,9.544
15.965,9.485
15.971,9.427
15.977,9.369
15.983,9.314
15.988,9.259
15.992,9.207
15.995,9.156
15.997,9.108
15.997,9.061
15.997,9.017
15.995,8.975
15.992,8.935
15.987,8.898
15.981,8.863
15.975,8.830
15.969,8.798
15.966,8.766
15.967,8.733
15.973,8.699
15.985,8.662
