X,Y
9.011,4.126
9.026,4.112
9.042,4.098
9.060,4.085
9.079,4.073
9.100,4.061
9.123,4.050
9.147,4.039
9.172,4.029
9.199,4.019
9.226,4.010
9.256,4.002
9.286,3.994
9.317,3.987
9.350,3.980
9.383,3.974
9.418,3.968
9.453,3.962
9.490,3.958
9.527,3.953
9.564,3.950
9.603,3.946
9.642,3.943
9.682,3.941
9.722,3.939
9.763,3.937
9.804,3.936
9.846,3.935
9.887,3.935
9.930,3.935
9.972,3.935
10.014,3.936
10.057,3.937
10.100,3.938
10.143,3.940
10.185,3.942
10.228,3.945
10.270,3.947
10.312,3.950
10.354,3.954
10.396,3.957
10.437,3.961
10.478,3.966
10.519,3.970
10.559,3.975
10.599,3.980
10.639,3.985
10.679,3.990
10.719,3.996
10.758,4.002
10.797,4.008
10.836,4.014
10.875,4.021
10.913,4.027
10.952,4.034
10.990,4.041
11.028,4.048
11.066,4.056
11.104,4.063
11.142,4.071
11.180,4.078
11.218,4.086
11.256,4.094
11.293,4.102
11.331,4.110
11.369,4.118
11.407,4.127
11.444,4.135
11.482,4.144
11.520,4.152
11.558,4.161
11.596,4.169
11.634,4.178
11.672,4.186
11.710,4.195
11.749,4.204
11.787,4.212
11.826,4.221
11.865,4.229
11.904,4.238
11.943,4.247
11.982,4.255
12.022,4.264
12.062,4.272
12.102,4.280
12.142,4.289
12.183,4.297
12.223,4.305
12.265,4.313
12.306,4.321
12.347,4.329
12.389,4.337
12.431,4.345
12.473,4.353
12.515,4.360
12.558,4.368
12.600,4.376
12.643,4.383
12.686,4.391
12.730,4.398
12.773,4.406
12.817,4.413
12.861,4.421
12.905,4.428
12.949,4.435
12.993,4.443
13.038,4.450
13.082,4.457
13.127,4.465
13.172,4.472
13.217,4.479
13.262,4.486
13.308,4.494
13.353,4.501
13.399,4.508
13.444,4.515
13.490,4.522
13.536,4.530
13.582,4.537
13.629,4.544
13.675,4.551
13.721,4.558
13.768,4.565
13.814,4.573
13.861,4.580
13.908,4.587
13.954,4.594
14.001,4.602
14.048,4.609
14.095,4.616
14.142,4.623
14.190,4.631
14.237,4.638
14.284,4.646
14.331,4.653
14.379,4.661
14.426,4.668
14.473,4.676
14.521,4.683
14.568,4.691
14.614,4.699
14.661,4.706
14.707,4.714
14.753,4.722
14.798,4.730
14.843,4.738
14.888,4.746
14.931,4.755
14.974,4.763
15.017,4.771
15.058,4.780
15.099,4.788
15.139,4.797
15.178,4.806
15.216,4.815
15.253,4.824
15.288,4.833
15.323,4.843
15.356,4.852
15.388,4.862
15.419,4.872
15.449,4.881
15.477,4.892
15.503,4.902
15.528,4.912
15.551,4.923
15.573,4.934
15.593,4.944
15.611,4.956
15.627,4.967
15.642,4.978
15.654,4.990
15.665,5.002
15.673,5.014
15.680,5.026
15.684,5.039
15.686,5.052
15.686,5.065
15.685,5.078
15.682,5.091
15.676,5.104
15.670,5.118
15.662,5.132
15.652,5.146
15.641,5.160
15.629,5.174
15.616,5.189
15.601,5.204
15.586,5.218
15.570,5.233
15.553,5.248
15.535,5.263
15.516,5.279
15.497,5.294
15.478,5.309
15.458,5.325
15.438,5.341
15.417,5.356
15.395,5.372
15.374,5.387
15.351,5.402
15.329,5.418
15.306,5.432
15.282,5.447
15.258,5.462
15.234,5.476
15.209,5.490
15.184,5.503
15.159,5.516
15.133,5.529
15.107,5.541
15.081,5.553
15.054,5.564
15.027,5.575
15.000,5.585
14.973,5.594
14.945,5.603
14.917,5.611
14.888,5.618
14.860,5.625
14.831,5.630
14.802,5.635
14.773,5.639
14.743,5.642
14.714,5.644
14.684,5.645
14.654,5.646
14.624,5.645
14.594,5.643
14.563,5.641
14.532,5.637
14.501,5.633
14.470,5.628
14.439,5.622
14.407,5.616
14.375,5.608
14.343,5.601
14.311,5.592
14.279,5.583
14.246,5.573
14.213,5.562
14.180,5.551
14.147,5.540
14.113,5.528
14.079,5.515
14.045,5.502
14.011,5.488
13.976,5.474
13.941,5.460
13.906,5.445
13.871,5.430
13.835,5.415
13.799,5.399
13.763,5.383
13.727,5.367
13.690,5.350
13.653,5.334
13.616,5.317
13.578,5.300
13.540,5.283
13.502,5.266
13.464,5.248
13.425,5.231
13.386,5.214
13.346,5.196
13.307,5.179
13.267,5.161
13.227,5.144
13.186,5.127
13.145,5.110
13.104,5.092
13.063,5.075
13.022,5.058
12.980,5.041
12.938,5.024
12.896,5.007
12.854,4.990
12.812,4.973
12.770,4.956
12.727,4.939
12.685,4.923
12.642,4.906
12.599,4.889
12.557,4.873
12.514,4.856
12.471,4.840
12.428,4.824
12.385,4.808
12.343,4.791
12.300,4.775
12.257,4.759
12.215,4.744
12.172,4.728
12.130,4.712
12.087,4.696
12.045,4.681
12.003,4.666
11.961,4.650
11.920,4.635
11.878,4.620
11.837,4.605
11.796,4.590
11.755,4.576
11.714,4.561
11.674,4.547
11.633,4.532
11.594,4.518
11.554,4.504
11.515,4.490
11.476,4.476
11.437,4.463
11.399,4.449
11.361,4.436
11.324,4.423
11.287,4.410
11.250,4.397
11.214,4.384
11.179,4.372
11.144,4.359
11.110,4.347
11.077,4.336
11.045,4.325
11.013,4.314
10.983,4.304
10.954,4.294
10.927,4.285
10.901,4.276
10.876,4.268
10.853,4.260
10.831,4.253
10.811,4.247
10.793,4.241
10.777,4.237
10.763,4.233
10.750,4.230
10.740,4.228
10.733,4.226
10.727,4.226
10.724,4.226
10.723,4.228
10.725,4.231
10.729,4.234
10.736,4.239
10.746,4.245
10.758,4.252
10.772,4.259
10.788,4.268
10.807,4.277
10.828,4.287
10.851,4.298
10.875,4.310
10.902,4.323
10.931,4.336
10.962,4.350
10.994,4.365
11.028,4.380
11.064,4.396
11.101,4.412
11.140,4.429
11.180,4.447
11.221,4.464
11.264,4.483
11.308,4.501
11.353,4.521
11.400,4.540
11.447,4.560
11.496,4.580
11.545,4.600
11.595,4.620
11.646,4.641
11.698,4.662
11.750,4.682
11.803,4.703
11.857,4.724
11.911,4.745
11.965,4.766
12.020,4.787
12.075,4.808
12.130,4.829
12.185,4.850
12.241,4.870
12.296,4.890
12.352,4.910
12.407,4.930
12.462,4.950
12.517,4.969
12.572,4.988
12.626,5.006
12.680,5.024
12.733,5.041
12.786,5.059
12.838,5.075
12.890,5.091
12.941,5.107
12.991,5.122
13.041,5.137
13.090,5.152
13.139,5.166
13.187,5.180
13.234,5.194
13.280,5.207
13.326,5.220
13.371,5.233
13.416,5.246
13.460,5.259
13.503,5.272
13.545,5.284
13.587,5.297
13.627,5.310
13.668,5.322
13.707,5.335
13.746,5.347
13.783,5.360
13.820,5.373
13.857,5.386
13.892,5.399
13.927,5.412
13.961,5.425
13.994,5.439
14.026,5.453
14.057,5.467
14.088,5.482
14.117,5.497
14.146,5.512
14.174,5.528
14.201,5.544
14.227,5.560
14.252,5.577
14.276,5.595
14.299,5.613
14.322,5.631
14.343,5.650
14.363,5.670
14.383,5.690
14.401,5.711
14.419,5.733
14.435,5.755
14.451,5.778
14.465,5.801
14.479,5.825
14.491,5.849
14.503,5.874
14.513,5.898
14.523,5.923
14.531,5.947
14.539,5.972
14.545,5.997
14.551,6.021
14.555,6.045
14.558,6.069
14.561,6.092
14.562,6.115
14.562,6.138
14.562,6.160
14.560,6.181
14.557,6.202
14.553,6.221
14.548,6.240
14.542,6.258
14.535,6.275
14.527,6.291
14.518,6.305
14.508,6.319
14.497,6.331
14.485,6.343
14.472,6.354
14.459,6.364
14.445,6.373
14.430,6.382
14.415,6.390
14.399,6.397
14.383,6.404
14.367,6.410
14.350,6.416
14.333,6.422
14.316,6.428
14.299,6.433
14.282,6.439
14.265,6.444
14.249,6.450
14.232,6.455
14.215,6.461
14.199,6.466
14.182,6.472
14.166,6.477
14.149,6.482
14.132,6.487
14.115,6.491
14.098,6.495
14.080,6.499
14.062,6.502
14.043,6.505
14.024,6.507
14.004,6.509
13.984,6.510
13.963,6.510
13.941,6.509
13.918,6.508
13.895,6.505
13.871,6.502
13.845,6.498
13.819,6.492
13.791,6.486
13.763,6.478
13.734,6.470
13.703,6.460
13.672,6.450
13.640,6.438
13.607,6.426
13.573,6.413
13.538,6.399
13.503,6.384
13.467,6.368
13.430,6.352
13.393,6.334
13.355,6.316
13.317,6.298
13.278,6.279
13.239,6.259
13.199,6.239
13.159,6.218
13.118,6.196
13.077,6.174
13.036,6.152
12.995,6.129
12.953,6.106
12.912,6.083
12.870,6.059
12.828,6.034
12.786,6.010
12.744,5.985
12.702,5.960
12.660,5.935
12.618,5.910
12.577,5.885
12.535,5.859
12.494,5.834
12.453,5.808
12.412,5.782
12.372,5.757
12.332,5.731
12.292,5.706
12.253,5.680
12.214,5.655
12.176,5.630
12.138,5.605
12.101,5.581
12.064,5.557
12.028,5.533
11.993,5.509
11.959,5.486
11.925,5.463
11.892,5.440
11.860,5.418
11.828,5.396
11.797,5.374
11.766,5.353
11.737,5.331
11.707,5.311
11.678,5.290
11.650,5.270
11.622,5.250
11.595,5.230
11.568,5.210
11.542,5.191
11.516,5.171
11.490,5.152
11.465,5.133
11.440,5.114
11.415,5.096
11.390,5.077
11.366,5.059
11.342,5.041
11.319,5.023
11.295,5.005
11.272,4.987
11.249,4.969
11.226,4.951
11.203,4.933
11.180,4.915
11.157,4.897
11.134,4.880
11.112,4.862
11.089,4.844
11.066,4.827
11.043,4.809
11.020,4.791
10.997,4.773
10.974,4.755
10.951,4.737
10.927,4.719
10.904,4.701
10.880,4.683
10.856,4.666
10.832,4.648
10.808,4.630
10.784,4.613
10.759,4.595
10.734,4.578
10.709,4.561
10.684,4.544
10.659,4.527
10.633,4.510
10.607,4.494
10.581,4.478
10.554,4.462
10.527,4.447
10.500,4.431
10.473,4.416
10.445,4.402
10.417,4.388
10.389,4.374
10.360,4.360
10.331,4.347
10.302,4.334
10.272,4.322
10.242,4.310
10.211,4.299
10.180,4.288
10.149,4.278
10.117,4.268
10.085,4.259
10.052,4.250
10.019,4.242
9.986,4.235
9.953,4.228
9.920,4.221
9.888,4.215
9.855,4.210
9.823,4.205
9.792,4.201
9.761,4.198
9.732,4.195
9.703,4.193
9.675,4.191
9.648,4.190
9.623,4.190
9.599,4.190
9.576,4.191
9.555,4.192
9.536,4.194
9.519,4.197
9.503,4.200
9.490,4.204
9.479,4.209
9.470,4.215
9.464,4.221
9.460,4.227
9.459,4.235
9.461,4.243
9.465,4.252
9.472,4.261
9.481,4.271
9.492,4.282
9.506,4.293
9.521,4.305
9.539,4.317
9.558,4.330
9.580,4.343
9.603,4.357
9.627,4.371
9.653,4.386
9.681,4.401
9.709,4.417
9.739,4.433
9.771,4.449
9.803,4.466
9.836,4.483
9.870,4.501
9.905,4.519
9.940,4.537
9.976,4.555
10.012,4.574
10.049,4.593
10.086,4.612
10.123,4.631
10.160,4.651
10.198,4.670
10.235,4.690
10.272,4.710
10.308,4.730
10.344,4.750
10.380,4.771
10.415,4.791
10.450,4.811
10.484,4.832
10.517,4.852
10.550,4.873
10.583,4.893
10.615,4.914
10.646,4.935
10.678,4.955
10.708,4.976
10.739,4.997
10.769,5.018
10.798,5.039
10.828,5.059
10.857,5.080
10.886,5.101
10.914,5.122
10.942,5.143
10.970,5.164
10.998,5.184
11.026,5.205
11.054,5.226
11.081,5.247
11.108,5.268
11.135,5.289
11.163,5.309
11.190,5.330
11.217,5.351
11.244,5.371
11.271,5.392
11.298,5.412
11.325,5.433
11.353,5.453
11.380,5.474
11.407,5.494
11.435,5.514
11.463,5.535
11.491,5.555
11.519,5.575
11.547,5.595
11.576,5.615
11.605,5.634
11.634,5.654
11.663,5.674
11.693,5.693
11.723,5.713
11.753,5.732
11.783,5.751
11.813,5.771
11.844,5.790
11.875,5.809
11.905,5.828
11.937,5.847
11.968,5.866
11.999,5.885
12.031,5.904
12.063,5.923
12.094,5.942
12.126,5.960
12.159,5.979
12.191,5.998
12.223,6.016
12.256,6.035
12.288,6.054
12.321,6.072
12.353,6.091
12.386,6.109
12.419,6.128
12.452,6.146
12.485,6.164
12.518,6.183
12.551,6.201
12.584,6.219
12.617,6.238
12.651,6.256
12.684,6.275
12.717,6.293
12.750,6.311
12.783,6.330
12.817,6.348
12.850,6.366
12.883,6.385
12.916,6.403
12.949,6.421
12.982,6.440
13.015,6.458
13.047,6.477
13.080,6.495
13.112,6.513
13.143,6.532
13.175,6.551
13.206,6.569
13.236,6.588
13.266,6.607
13.295,6.625
13.324,6.644
13.352,6.663
13.380,6.682
13.406,6.701
13.432,6.720
13.457,6.739
13.482,6.758
13.505,6.778
13.528,6.797
13.549,6.816
13.570,6.836
13.589,6.856
13.608,6.875
13.625,6.895
13.641,6.915
13.656,6.935
13.669,6.955
13.681,6.976
13.692,6.996
13.702,7.016
13.710,7.037
13.716,7.058
13.721,7.079
13.725,7.100
13.727,7.121
13.728,7.141
13.727,7.162
13.726,7.183
13.723,7.204
13.719,7.225
13.713,7.245
13.707,7.265
13.699,7.285
13.691,7.305
13.681,7.324
13.671,7.343
13.659,7.362
13.647,7.380
13.634,7.398
13.620,7.415
13.605,7.432
13.590,7.448
13.574,7.463
13.557,7.478
13.540,7.492
13.522,7.506
13.504,7.519
13.485,7.531
13.466,7.542
13.446,7.552
13.426,7.562
13.405,7.571
13.385,7.579
13.364,7.586
13.342,7.593
13.321,7.598
13.299,7.603
13.278,7.606
13.256,7.609
13.234,7.611
13.212,7.611
13.190,7.611
13.168,7.610
13.146,7.607
13.125,7.604
13.103,7.599
13.082,7.594
13.061,7.587
13.040,7.579
13.019,7.571
12.998,7.561
12.978,7.550
12.958,7.538
12.938,7.525
12.918,7.511
12.899,7.497
12.879,7.481
12.860,7.465
12.841,7.449
12.821,7.431
12.802,7.413
12.783,7.394
12.764,7.375
12.744,7.355
12.725,7.335
12.706,7.315
12.687,7.294
12.667,7.273
12.648,7.251
12.628,7.229
12.608,7.207
12.589,7.185
12.568,7.163
12.548,7.141
12.528,7.118
12.507,7.096
12.486,7.074
12.465,7.051
12.444,7.029
12.422,7.008
12.400,6.986
12.378,6.964
12.355,6.943
12.333,6.921
12.310,6.900
12.286,6.879
12.263,6.858
12.239,6.837
12.215,6.816
12.191,6.795
12.166,6.774
12.142,6.753
12.117,6.733
12.092,6.712
12.066,6.691
12.041,6.670
12.015,6.649
11.989,6.629
11.963,6.608
11.936,6.587
11.910,6.566
11.883,6.545
11.856,6.524
11.829,6.502
11.802,6.481
11.774,6.460
11.746,6.438
11.719,6.417
11.690,6.395
11.662,6.373
11.634,6.351
11.605,6.329
11.577,6.306
11.548,6.284
11.519,6.261
11.490,6.238
11.461,6.215
11.431,6.191
11.402,6.168
11.373,6.145
11.344,6.122
11.315,6.099
11.287,6.076
11.259,6.053
11.232,6.031
11.206,6.010
11.180,5.989
11.155,5.969
11.131,5.949
11.107,5.930
11.085,5.912
11.064,5.895
11.044,5.879
11.026,5.864
11.009,5.851
10.993,5.838
10.979,5.827
10.966,5.817
10.956,5.809
10.947,5.802
10.940,5.797
10.935,5.794
10.932,5.792
10.931,5.793
10.932,5.795
10.936,5.799
10.941,5.805
10.949,5.813
10.959,5.822
10.971,5.833
10.984,5.846
10.999,5.860
11.016,5.876
11.035,5.893
11.055,5.912
11.076,5.932
11.099,5.953
11.123,5.975
11.148,5.998
11.175,6.023
11.202,6.048
11.231,6.074
11.261,6.101
11.291,6.129
11.322,6.158
11.354,6.187
11.386,6.217
11.419,6.247
11.453,6.278
11.486,6.309
11.521,6.341
11.555,6.372
11.590,6.404
11.624,6.437
11.659,6.469
11.694,6.501
11.728,6.533
11.762,6.565
11.796,6.597
11.830,6.629
11.863,6.661
11.896,6.692
11.928,6.722
11.959,6.753
11.990,6.782
12.020,6.812
12.049,6.840
12.078,6.868
12.106,6.896
12.133,6.923
12.160,6.950
12.186,6.976
12.211,7.002
12.236,7.027
12.260,7.052
12.284,7.077
12.307,7.101
12.329,7.125
12.352,7.148
12.373,7.172
12.394,7.195
12.415,7.217
12.436,7.240
12.456,7.262
12.475,7.284
12.494,7.306
12.513,7.327
12.532,7.349
12.550,7.370
12.568,7.391
12.586,7.412
12.603,7.433
12.620,7.454
12.637,7.475
12.654,7.495
12.671,7.516
12.687,7.536
12.703,7.557
12.720,7.577
12.736,7.598
12.752,7.619
12.768,7.639
12.783,7.660
12.799,7.680
12.814,7.701
12.828,7.721
12.842,7.742
12.855,7.762
12.868,7.782
12.880,7.802
12.891,7.822
12.901,7.842
12.911,7.861
12.919,7.880
12.926,7.899
12.932,7.918
12.936,7.936
12.940,7.954
12.942,7.972
12.942,7.989
12.941,8.006
12.938,8.023
12.934,8.039
12.927,8.055
12.919,8.070
12.910,8.085
12.898,8.099
12.886,8.113
12.872,8.126
12.857,8.139
12.841,8.151
12.824,8.163
12.806,8.174
12.787,8.185
12.768,8.195
12.749,8.204
12.729,8.213
12.709,8.222
12.688,8.230
12.668,8.237
12.648,8.243
12.628,8.249
12.608,8.254
12.589,8.259
12.570,8.263
12.552,8.266
12.535,8.269
12.518,8.271
12.502,8.272
12.486,8.272
12.471,8.272
12.456,8.271
12.441,8.269
12.427,8.266
12.412,8.262
12.398,8.258
12.384,8.252
12.369,8.246
12.354,8.238
12.339,8.230
12.324,8.221
12.308,8.210
12.292,8.199
12.275,8.186
12.257,8.172
12.240,8.158
12.221,8.142
12.202,8.125
12.183,8.108
12.163,8.090
12.143,8.071
12.123,8.051
12.102,8.030
12.081,8.009
12.059,7.987
12.038,7.964
12.016,7.941
11.994,7.917
11.972,7.893
11.949,7.869
11.927,7.844
11.904,7.818
11.882,7.793
11.859,7.767
11.837,7.741
11.814,7.714
11.792,7.688
11.769,7.661
11.747,7.634
11.725,7.608
11.703,7.581
11.681,7.554
11.660,7.528
11.639,7.501
11.618,7.475
11.597,7.449
11.577,7.423
11.557,7.398
11.538,7.373
11.519,7.348
11.500,7.323
11.482,7.299
11.464,7.275
11.446,7.252
11.429,7.228
11.411,7.205
11.395,7.181
11.378,7.158
11.361,7.135
11.345,7.112
11.329,7.090
11.313,7.067
11.297,7.044
11.281,7.021
11.265,6.998
11.249,6.975
11.233,6.952
11.217,6.928
11.201,6.905
11.185,6.881
11.169,6.857
11.153,6.833
11.137,6.809
11.120,6.784
11.103,6.759
11.087,6.734
11.069,6.708
11.052,6.682
11.034,6.655
11.016,6.628
10.998,6.601
10.979,6.573
10.960,6.544
10.941,6.515
10.922,6.486
10.902,6.457
10.882,6.427
10.862,6.398
10.843,6.368
10.823,6.339
10.803,6.310
10.784,6.282
10.765,6.254
10.746,6.226
10.727,6.200
10.709,6.174
10.691,6.149
10.674,6.124
10.657,6.101
10.641,6.079
10.625,6.059
10.610,6.040
10.596,6.022
10.583,6.005
10.571,5.991
10.560,5.978
10.550,5.967
10.540,5.958
10.532,5.951
10.525,5.946
10.519,5.943
10.515,5.943
10.512,5.944
10.510,5.949
10.509,5.955
10.510,5.963
10.511,5.972
10.514,5.984
10.518,5.997
10.523,6.012
10.529,6.028
10.536,6.045
10.544,6.063
10.552,6.082
10.562,6.102
10.573,6.122
10.584,6.144
10.596,6.165
10.609,6.188
10.622,6.211
10.636,6.234
10.651,6.258
10.667,6.282
10.683,6.306
10.699,6.331
10.716,6.357
10.734,6.382
10.752,6.408
10.770,6.434
10.789,6.461
10.808,6.488
10.827,6.515
10.847,6.542
10.867,6.569
10.887,6.597
10.907,6.625
10.928,6.652
10.948,6.680
10.969,6.708
10.990,6.736
11.010,6.764
11.031,6.792
11.051,6.820
11.072,6.848
11.092,6.875
11.112,6.903
11.132,6.931
11.152,6.958
11.171,6.985
11.190,7.012
11.209,7.039
11.228,7.066
11.246,7.092
11.263,7.118
11.281,7.144
11.298,7.169
11.314,7.195
11.331,7.220
11.347,7.245
11.363,7.269
11.378,7.294
11.394,7.318
11.409,7.342
11.424,7.366
11.439,7.389
11.454,7.413
11.469,7.436
11.483,7.459
11.498,7.482
11.513,7.505
11.527,7.527
11.542,7.550
11.557,7.572
11.572,7.594
11.587,7.617
11.602,7.639
11.617,7.660
11.632,7.682
11.648,7.704
11.664,7.725
11.680,7.747
11.696,7.768
11.712,7.790
11.729,7.811
11.746,7.832
11.764,7.853
11.781,7.875
11.799,7.896
11.817,7.917
11.834,7.937
11.851,7.958
11.869,7.979
11.885,7.999
11.902,8.020
11.918,8.040
11.933,8.060
11.948,8.080
11.962,8.100
11.975,8.120
11.987,8.139
11.999,8.159
12.009,8.178
12.018,8.197
12.026,8.216
12.033,8.234
12.039,8.253
12.043,8.271
12.045,8.289
12.046,8.307
12.046,8.324
12.044,8.341
12.040,8.358
12.034,8.375
12.027,8.391
12.019,8.407
12.010,8.422
11.999,8.437
11.987,8.451
11.974,8.465
11.961,8.477
11.946,8.489
11.931,8.500
11.915,8.511
11.898,8.520
11.881,8.528
11.863,8.536
11.845,8.542
11.827,8.547
11.809,8.551
11.791,8.554
11.772,8.555
11.754,8.555
11.735,8.555
11.716,8.553
11.698,8.550
11.679,8.546
11.660,8.541
11.642,8.536
11.623,8.529
11.604,8.522
11.585,8.514
11.567,8.506
11.548,8.497
11.529,8.487
11.511,8.477
11.492,8.466
11.473,8.455
11.455,8.444
11.436,8.432
11.418,8.420
11.400,8.408
11.381,8.396
11.363,8.384
11.345,8.371
11.327,8.358
11.309,8.346
11.291,8.333
11.273,8.319
11.256,8.306
11.238,8.292
11.220,8.278
11.203,8.264
11.186,8.249
11.169,8.234
11.152,8.219
11.135,8.203
11.119,8.187
11.102,8.170
11.086,8.153
11.070,8.136
11.054,8.118
11.038,8.100
11.022,8.081
11.007,8.061
10.991,8.041
10.976,8.020
10.961,7.999
10.947,7.977
10.932,7.955
10.918,7.932
10.904,7.908
10.890,7.884
10.876,7.860
10.863,7.835
10.849,7.809
10.836,7.783
10.823,7.757
10.810,7.731
10.797,7.704
10.784,7.677
10.771,7.650
10.758,7.622
10.746,7.594
10.733,7.567
10.721,7.539
10.709,7.511
10.696,7.483
10.684,7.455
10.672,7.427
10.659,7.399
10.647,7.371
10.635,7.343
10.623,7.315
10.610,7.288
10.598,7.261
10.586,7.234
10.573,7.207
10.561,7.181
10.548,7.155
10.536,7.129
10.523,7.104
10.510,7.079
10.497,7.054
10.485,7.030
10.472,7.006
10.458,6.983
10.445,6.960
10.432,6.936
10.419,6.914
10.406,6.891
10.392,6.868
10.379,6.846
10.365,6.824
10.352,6.801
10.338,6.779
10.324,6.757
10.310,6.735
10.297,6.712
10.283,6.690
10.269,6.667
10.255,6.644
10.241,6.621
10.227,6.598
10.213,6.575
10.199,6.551
10.185,6.527
10.171,6.503
10.157,6.479
10.143,6.454
10.129,6.428
10.115,6.402
10.101,6.376
10.087,6.349
10.073,6.322
10.059,6.296
10.045,6.269
10.032,6.242
10.019,6.216
10.006,6.191
9.993,6.166
9.981,6.142
9.970,6.119
9.959,6.097
9.948,6.077
9.939,6.058
9.929,6.040
9.921,6.025
9.913,6.011
9.906,5.999
9.900,5.990
9.895,5.982
9.891,5.978
9.888,5.976
9.886,5.976
9.884,5.980
9.884,5.986
9.886,5.996
9.888,6.007
9.891,6.022
9.895,6.039
9.900,6.058
9.905,6.080
9.912,6.104
9.919,6.130
9.928,6.157
9.936,6.187
9.946,6.218
9.956,6.251
9.967,6.286
9.979,6.322
9.991,6.359
10.003,6.397
10.016,6.437
10.029,6.477
10.043,6.519
10.057,6.561
10.072,6.603
10.087,6.647
10.102,6.691
10.117,6.735
10.132,6.779
10.148,6.823
10.164,6.868
10.180,6.912
10.195,6.957
10.211,7.001
10.227,7.044
10.243,7.087
10.258,7.130
10.274,7.171
10.289,7.212
10.304,7.252
10.319,7.291
10.334,7.329
10.348,7.365
10.362,7.400
10.376,7.434
10.389,7.467
10.402,7.498
10.415,7.529
10.427,7.558
10.439,7.587
10.451,7.614
10.463,7.641
10.474,7.667
10.485,7.692
10.496,7.716
10.506,7.740
10.516,7.764
10.526,7.786
10.536,7.809
10.546,7.830
10.555,7.852
10.565,7.873
10.574,7.894
10.582,7.915
10.591,7.936
10.600,7.957
10.608,7.977
10.616,7.998
10.624,8.019
10.632,8.040
10.640,8.062
10.648,8.083
10.656,8.105
10.663,8.128
10.671,8.150
10.678,8.173
10.685,8.196
10.692,8.220
10.698,8.243
10.704,8.266
10.709,8.290
10.714,8.313
10.719,8.336
10.723,8.358
10.726,8.381
10.728,8.402
10.730,8.424
10.731,8.445
10.731,8.465
10.730,8.484
10.728,8.503
10.726,8.521
10.722,8.538
10.717,8.554
10.711,8.569
10.703,8.583
10.695,8.595
10.685,8.607
10.674,8.617
10.662,8.627
10.649,8.635
10.635,8.643
10.620,8.650
10.605,8.656
10.588,8.662
10.572,8.667
10.554,8.671
10.536,8.676
10.518,8.679
10.499,8.683
10.480,8.686
10.460,8.689
10.441,8.693
10.421,8.696
10.402,8.699
10.382,8.703
10.363,8.706
10.344,8.710
10.325,8.714
10.306,8.717
10.288,8.721
10.270,8.724
10.252,8.727
10.234,8.729
10.217,8.730
10.200,8.731
10.184,8.732
10.168,8.731
10.152,8.729
10.138,8.727
10.123,8.723
10.109,8.718
10.096,8.711
10.084,8.703
10.072,8.694
10.060,8.683
10.050,8.671
10.040,8.657
10.030,8.642
10.021,8.625
10.013,8.607
10.005,8.588
9.997,8.567
9.990,8.545
9.983,8.522
9.977,8.498
9.970,8.473
9.965,8.447
9.959,8.419
9.954,8.391
9.948,8.361
9.943,8.331
9.939,8.300
9.934,8.268
9.929,8.235
9.924,8.201
9.920,8.167
9.915,8.132
9.910,8.096
9.906,8.059
9.901,8.022
9.896,7.984
9.891,7.946
9.885,7.908
9.880,7.868
9.874,7.829
9.868,7.789
9.861,7.748
9.855,7.708
9.848,7.667
9.840,7.625
9.833,7.584
9.825,7.542
9.817,7.499
9.809,7.457
9.801,7.414
9.792,7.371
9.783,7.328
9.774,7.285
9.765,7.241
9.756,7.198
9.746,7.154
9.737,7.110
9.727,7.066
9.717,7.022
9.706,6.978
9.696,6.934
9.686,6.890
9.675,6.846
9.664,6.802
9.654,6.757
9.643,6.713
9.632,6.669
9.621,6.625
9.609,6.581
9.598,6.538
9.587,6.494
9.575,6.451
9.564,6.407
9.553,6.364
9.541,6.321
9.529,6.278
9.518,6.236
9.506,6.194
9.495,6.152
9.483,6.110
9.472,6.068
9.460,6.027
9.449,5.987
9.437,5.946
9.426,5.906
9.414,5.866
9.403,5.827
9.391,5.788
9.380,5.750
9.369,5.712
9.358,5.674
9.347,5.637
9.336,5.601
9.325,5.564
9.314,5.529
9.303,5.493
9.293,5.458
9.282,5.424
9.272,5.390
9.261,5.356
9.251,5.323
9.241,5.290
9.230,5.257
9.220,5.225
9.210,5.193
9.200,5.162
9.191,5.131
9.181,5.100
9.171,5.070
9.162,5.040
9.152,5.010
9.143,4.980
9.133,4.951
9.124,4.923
9.115,4.894
9.106,4.866
9.097,4.839
9.088,4.811
9.079,4.784
9.071,4.757
9.062,4.730
9.054,4.704
9.045,4.678
9.037,4.652
9.029,4.627
9.021,4.602
9.013,4.577
9.005,4.552
8.997,4.527
8.990,4.503
8.983,4.479
8.977,4.456
8.971,4.433
8.966,4.410
8.961,4.388
8.958,4.366
8.955,4.345
8.953,4.324
8.952,4.303
8.952,4.283
8.953,4.263
8.956,4.244
8.959,4.226
8.964,4.208
8.971,4.190
8.978,4.173
8.988,4.157
8.999,4.141
9.011,4.126
