X,Y
66.354,32.490
66.426,32.235
66.514,31.982
66.620,31.730
66.742,31.481
66.879,31.233
67.032,30.987
67.200,30.741
67.381,30.497
67.577,30.254
67.786,30.012
68.007,29.771
68.240,29.530
68.486,29.290
68.742,29.050
69.009,28.811
69.286,28.572
69.572,28.332
69.868,28.092
70.172,27.853
70.484,27.612
70.804,27.371
71.131,27.130
71.464,26.887
71.803,26.644
72.147,26.399
72.497,26.154
72.851,25.907
73.209,25.658
73.570,25.408
73.934,25.156
74.300,24.902
74.668,24.646
75.038,24.388
75.408,24.127
75.779,23.865
76.149,23.599
76.519,23.331
76.887,23.060
77.254,22.786
77.618,22.509
77.980,22.229
78.339,21.946
78.696,21.660
79.050,21.372
79.402,21.081
79.752,20.788
80.100,20.494
80.445,20.197
80.789,19.900
81.130,19.601
81.470,19.300
81.807,18.999
82.143,18.697
82.477,18.395
82.809,18.093
83.140,17.790
83.469,17.488
83.797,17.185
84.123,16.884
84.448,16.583
84.772,16.283
85.095,15.984
85.416,15.686
85.736,15.390
86.056,15.096
86.374,14.804
86.691,14.513
87.008,14.226
87.324,13.940
87.639,13.658
87.953,13.378
88.267,13.102
88.581,12.828
88.894,12.559
89.206,12.293
89.518,12.031
89.831,11.773
90.142,11.520
90.454,11.271
90.766,11.027
91.078,10.788
91.390,10.554
91.702,10.326
92.014,10.103
92.326,9.885
92.639,9.674
92.953,9.469
93.266,9.269
93.580,9.075
93.895,8.886
94.209,8.703
94.524,8.525
94.840,8.352
95.156,8.184
95.472,8.021
95.789,7.863
96.106,7.709
96.424,7.559
96.742,7.414
97.060,7.273
97.379,7.137
97.699,7.004
98.019,6.875
98.339,6.749
98.660,6.627
98.981,6.509
99.303,6.394
99.626,6.282
99.948,6.173
100.272,6.067
100.596,5.963
100.920,5.863
101.245,5.765
101.570,5.669
101.896,5.575
102.223,5.484
102.550,5.395
102.878,5.307
103.206,5.221
103.535,5.137
103.865,5.055
104.195,4.973
104.525,4.894
104.856,4.816
105.187,4.740
105.517,4.667
105.846,4.597
106.174,4.530
106.501,4.467
106.826,4.409
107.150,4.356
107.470,4.307
107.789,4.265
108.104,4.228
108.416,4.198
108.724,4.174
109.028,4.158
109.328,4.150
109.624,4.150
109.915,4.158
110.200,4.175
110.480,4.202
110.754,4.239
111.022,4.286
111.284,4.343
111.539,4.412
111.786,4.492
112.026,4.584
112.259,4.688
112.483,4.805
112.700,4.936
112.907,5.080
113.106,5.238
113.295,5.409
113.475,5.594
113.646,5.791
113.808,6.000
113.961,6.220
114.105,6.451
114.239,6.692
114.364,6.941
114.480,7.200
114.587,7.466
114.684,7.740
114.772,8.021
114.850,8.307
114.920,8.599
114.979,8.896
115.030,9.197
115.071,9.502
115.102,9.809
115.124,10.119
115.137,10.431
115.140,10.743
115.133,11.056
115.117,11.368
115.091,11.680
115.056,11.990
115.011,12.298
114.956,12.603
114.892,12.905
114.818,13.203
114.734,13.496
114.641,13.785
114.540,14.071
114.431,14.352
114.315,14.631
114.192,14.907
114.062,15.180
113.927,15.450
113.787,15.719
113.641,15.986
113.492,16.251
113.339,16.515
113.184,16.779
113.025,17.042
112.865,17.304
112.703,17.567
112.541,17.830
112.378,18.094
112.215,18.359
112.054,18.625
111.893,18.892
111.735,19.162
111.578,19.433
111.425,19.708
111.276,19.984
111.130,20.264
110.989,20.548
110.853,20.835
110.723,21.126
110.599,21.421
110.482,21.721
110.372,22.026
110.270,22.336
110.176,22.651
110.089,22.971
110.009,23.295
109.936,23.624
109.869,23.957
109.808,24.293
109.753,24.634
109.703,24.977
109.658,25.323
109.617,25.672
109.581,26.024
109.549,26.377
109.519,26.733
109.493,27.090
109.470,27.449
109.449,27.809
109.430,28.170
109.413,28.531
109.397,28.893
109.382,29.254
109.367,29.616
109.353,29.977
109.338,30.338
109.323,30.697
109.307,31.055
109.290,31.412
109.271,31.767
109.250,32.120
109.227,32.471
109.202,32.819
109.173,33.165
109.140,33.507
109.104,33.846
109.064,34.181
109.019,34.513
108.970,34.840
108.915,35.163
108.855,35.482
108.790,35.796
108.719,36.105
108.642,36.410
108.560,36.710
108.472,37.005
108.378,37.295
108.278,37.580
108.173,37.861
108.061,38.136
107.943,38.406
107.819,38.671
107.689,38.930
107.552,39.185
107.408,39.433
107.259,39.677
107.102,39.914
106.939,40.146
106.769,40.373
106.592,40.593
106.408,40.808
106.217,41.017
106.019,41.220
105.813,41.417
105.601,41.607
105.381,41.792
105.153,41.970
104.918,42.142
104.675,42.308
104.425,42.467
104.167,42.620
103.902,42.766
103.629,42.907
103.350,43.041
103.065,43.170
102.773,43.293
102.476,43.410
102.173,43.522
101.864,43.628
101.551,43.730
101.233,43.826
100.910,43.918
100.583,44.005
100.252,44.087
99.918,44.164
99.580,44.238
99.239,44.307
98.895,44.372
98.549,44.433
98.201,44.491
97.851,44.544
97.498,44.595
97.145,44.641
96.790,44.685
96.435,44.726
96.079,44.763
95.723,44.798
95.367,44.830
95.011,44.859
94.655,44.886
94.301,44.911
93.947,44.933
93.595,44.954
93.245,44.973
92.897,44.989
92.551,45.005
92.207,45.018
91.864,45.030
91.524,45.040
91.186,45.049
90.849,45.055
90.514,45.060
90.180,45.063
89.848,45.064
89.518,45.063
89.188,45.060
88.860,45.055
88.532,45.048
88.206,45.039
87.881,45.029
87.556,45.016
87.232,45.000
86.909,44.983
86.586,44.963
86.264,44.942
85.942,44.918
85.620,44.891
85.299,44.863
84.977,44.832
84.656,44.799
84.334,44.763
84.012,44.725
83.690,44.684
83.368,44.641
83.045,44.595
82.721,44.547
82.397,44.497
82.072,44.443
81.746,44.387
81.419,44.328
81.092,44.267
80.763,44.203
80.434,44.136
80.105,44.065
79.775,43.992
79.445,43.916
79.115,43.836
78.785,43.754
78.456,43.667
78.127,43.578
77.798,43.485
77.470,43.388
77.143,43.287
76.817,43.183
76.493,43.075
76.169,42.963
75.847,42.847
75.527,42.726
75.208,42.602
74.891,42.473
74.576,42.341
74.264,42.203
73.954,42.061
73.646,41.915
73.341,41.764
73.038,41.608
72.739,41.447
72.442,41.281
72.149,41.111
71.860,40.935
71.573,40.754
71.291,40.568
71.012,40.377
70.737,40.180
70.466,39.978
70.199,39.771
69.938,39.558
69.681,39.340
69.430,39.117
69.185,38.890
68.946,38.659
68.715,38.423
68.491,38.184
68.274,37.941
68.067,37.695
67.867,37.446
67.677,37.195
67.497,36.941
67.327,36.684
67.168,36.426
67.019,36.166
66.882,35.905
66.757,35.642
66.645,35.378
66.545,35.114
66.459,34.850
66.386,34.585
66.327,34.320
66.284,34.055
66.255,33.792
66.242,33.528
66.245,33.267
66.264,33.006
66.301,32.747
66.354,32.490
