X,Y
9.129,4.976
9.138,4.952
9.148,4.927
9.159,4.904
9.171,4.881
9.185,4.858
9.199,4.835
9.214,4.813
9.230,4.791
9.248,4.770
9.266,4.749
9.285,4.727
9.305,4.706
9.327,4.686
9.349,4.665
9.372,4.644
9.396,4.623
9.421,4.603
9.447,4.582
9.473,4.561
9.501,4.540
9.530,4.519
9.559,4.498
9.589,4.476
9.620,4.454
9.652,4.432
9.685,4.410
9.719,4.387
9.753,4.364
9.788,4.340
9.824,4.316
9.861,4.292
9.898,4.267
9.936,4.242
9.975,4.216
10.015,4.191
10.055,4.164
10.096,4.138
10.137,4.111
10.179,4.083
10.222,4.056
10.265,4.028
10.308,4.000
10.352,3.971
10.397,3.943
10.442,3.914
10.487,3.885
10.533,3.855
10.579,3.825
10.625,3.795
10.672,3.765
10.719,3.735
10.767,3.705
10.814,3.674
10.862,3.643
10.910,3.612
10.959,3.581
11.007,3.550
11.056,3.518
11.104,3.487
11.153,3.455
11.202,3.424
11.251,3.392
11.300,3.360
11.349,3.328
11.398,3.296
11.447,3.264
11.495,3.232
11.544,3.200
11.593,3.168
11.641,3.136
11.690,3.104
11.738,3.072
11.786,3.041
11.834,3.009
11.881,2.977
11.928,2.945
11.975,2.914
12.022,2.882
12.068,2.850
12.114,2.819
12.160,2.788
12.206,2.757
12.251,2.726
12.295,2.695
12.340,2.664
12.384,2.634
12.427,2.604
12.471,2.573
12.513,2.543
12.556,2.514
12.598,2.484
12.640,2.455
12.681,2.426
12.722,2.397
12.763,2.368
12.803,2.340
12.842,2.312
12.882,2.284
12.920,2.257
12.959,2.230
12.997,2.203
13.034,2.176
13.071,2.150
13.107,2.124
13.143,2.099
13.179,2.074
13.214,2.049
13.249,2.025
13.283,2.001
13.316,1.977
13.349,1.954
13.382,1.931
13.413,1.909
13.445,1.887
13.476,1.865
13.506,1.844
13.536,1.824
13.565,1.803
13.594,1.784
13.622,1.765
13.649,1.746
13.676,1.728
13.703,1.710
13.729,1.693
13.755,1.676
13.780,1.659
13.806,1.643
13.831,1.627
13.856,1.611
13.881,1.596
13.905,1.581
13.930,1.566
13.955,1.551
13.980,1.537
14.004,1.523
14.029,1.509
14.055,1.495
14.080,1.481
14.106,1.468
14.132,1.454
14.158,1.441
14.185,1.428
14.213,1.414
14.240,1.401
14.269,1.388
14.298,1.374
14.327,1.361
14.357,1.348
14.388,1.334
14.419,1.321
14.450,1.308
14.482,1.295
14.514,1.283
14.546,1.270
14.578,1.258
14.610,1.246
14.642,1.235
14.674,1.224
14.706,1.214
14.738,1.204
14.769,1.194
14.800,1.186
14.831,1.178
14.861,1.170
14.890,1.163
14.919,1.157
14.947,1.152
14.974,1.148
15.001,1.145
15.026,1.142
15.051,1.141
15.074,1.140
15.097,1.141
15.118,1.142
15.138,1.145
15.157,1.149
15.175,1.154
15.192,1.160
15.207,1.166
15.221,1.174
15.235,1.183
15.247,1.192
15.258,1.203
15.267,1.214
15.276,1.226
15.284,1.239
15.290,1.252
15.296,1.266
15.300,1.281
15.303,1.296
15.305,1.312
15.306,1.328
15.306,1.345
15.305,1.361
15.302,1.378
15.298,1.395
15.293,1.411
15.287,1.428
15.279,1.445
15.270,1.461
15.259,1.477
15.248,1.492
15.235,1.507
15.220,1.521
15.204,1.535
15.188,1.548
15.169,1.561
15.150,1.574
15.130,1.586
15.109,1.598
15.087,1.610
15.064,1.622
15.040,1.633
15.015,1.644
14.990,1.655
14.964,1.666
14.938,1.677
14.911,1.688
14.884,1.699
14.856,1.710
14.828,1.721
14.800,1.733
14.771,1.744
14.743,1.756
14.714,1.768
14.685,1.780
14.657,1.792
14.628,1.805
14.599,1.818
14.570,1.831
14.541,1.845
14.513,1.859
14.484,1.873
14.454,1.887
14.425,1.902
14.396,1.917
14.366,1.933
14.336,1.948
14.306,1.964
14.276,1.980
14.246,1.997
14.215,2.014
14.184,2.031
14.153,2.048
14.121,2.066
14.089,2.084
14.057,2.102
14.024,2.121
13.991,2.140
13.958,2.159
13.924,2.178
13.890,2.198
13.855,2.218
13.820,2.238
13.784,2.259
13.748,2.279
13.711,2.300
13.674,2.322
13.636,2.343
13.598,2.365
13.559,2.387
13.521,2.409
13.482,2.432
13.443,2.454
13.405,2.476
13.367,2.497
13.330,2.519
13.293,2.540
13.257,2.561
13.222,2.582
13.188,2.602
13.155,2.622
13.124,2.641
13.094,2.659
13.065,2.677
13.038,2.694
13.013,2.710
12.990,2.725
12.969,2.740
12.951,2.753
12.934,2.765
12.921,2.776
12.910,2.786
12.901,2.795
12.896,2.802
12.893,2.808
12.894,2.813
12.898,2.816
12.905,2.818
12.914,2.818
12.926,2.817
12.941,2.815
12.958,2.812
12.977,2.808
12.998,2.803
13.021,2.796
13.046,2.789
13.071,2.781
13.098,2.772
13.126,2.763
13.154,2.753
13.184,2.742
13.213,2.730
13.243,2.718
13.273,2.706
13.303,2.693
13.333,2.680
13.362,2.667
13.391,2.653
13.419,2.639
13.447,2.625
13.475,2.611
13.502,2.597
13.529,2.582
13.556,2.568
13.582,2.553
13.608,2.538
13.634,2.523
13.659,2.508
13.685,2.493
13.710,2.477
13.735,2.462
13.759,2.447
13.784,2.432
13.808,2.417
13.833,2.402
13.857,2.387
13.881,2.372
13.905,2.357
13.929,2.342
13.954,2.328
13.978,2.313
14.002,2.299
14.026,2.285
14.050,2.272
14.074,2.258
14.098,2.245
14.123,2.231
14.147,2.219
14.172,2.206
14.196,2.193
14.221,2.181
14.246,2.169
14.270,2.157
14.295,2.145
14.320,2.134
14.345,2.123
14.371,2.112
14.396,2.101
14.421,2.090
14.447,2.080
14.473,2.070
14.499,2.060
14.525,2.050
14.551,2.040
14.577,2.031
14.604,2.022
14.630,2.013
14.657,2.004
14.684,1.996
14.711,1.987
14.738,1.979
14.766,1.972
14.793,1.964
14.820,1.957
14.848,1.950
14.875,1.943
14.902,1.936
14.929,1.930
14.956,1.924
14.982,1.918
15.009,1.912
15.035,1.907
15.061,1.902
15.087,1.897
15.112,1.892
15.137,1.888
15.162,1.884
15.186,1.880
15.210,1.877
15.233,1.874
15.256,1.871
15.278,1.868
15.300,1.866
15.321,1.864
15.341,1.863
15.361,1.862
15.380,1.863
15.398,1.864
15.416,1.866
15.433,1.869
15.448,1.873
15.463,1.878
15.477,1.884
15.490,1.892
15.502,1.901
15.512,1.912
15.522,1.925
15.530,1.939
15.538,1.954
15.544,1.971
15.549,1.989
15.552,2.007
15.555,2.027
15.557,2.047
15.557,2.067
15.556,2.088
15.554,2.108
15.551,2.129
15.546,2.149
15.541,2.169
15.534,2.188
15.526,2.206
15.517,2.223
15.506,2.240
15.495,2.255
15.482,2.269
15.468,2.282
15.453,2.294
15.438,2.306
15.421,2.316
15.404,2.326
15.385,2.336
15.366,2.344
15.347,2.352
15.326,2.360
15.306,2.367
15.284,2.374
15.262,2.380
15.240,2.386
15.217,2.392
15.194,2.398
15.171,2.404
15.147,2.410
15.123,2.415
15.099,2.421
15.075,2.426
15.051,2.432
15.026,2.437
15.001,2.443
14.976,2.449
14.951,2.454
14.926,2.460
14.900,2.466
14.874,2.471
14.849,2.477
14.823,2.483
14.797,2.490
14.771,2.496
14.745,2.502
14.719,2.509
14.693,2.515
14.667,2.522
14.640,2.529
14.614,2.537
14.588,2.544
14.562,2.552
14.536,2.560
14.509,2.568
14.483,2.576
14.457,2.585
14.430,2.594
14.404,2.603
14.377,2.613
14.350,2.623
14.323,2.633
14.295,2.644
14.267,2.655
14.239,2.666
14.211,2.677
14.182,2.689
14.154,2.702
14.124,2.715
14.094,2.728
14.064,2.741
14.034,2.755
14.003,2.770
13.971,2.785
13.939,2.800
13.906,2.816
13.873,2.833
13.840,2.850
13.805,2.867
13.770,2.885
13.735,2.903
13.698,2.922
13.662,2.942
13.624,2.962
13.586,2.982
13.548,3.003
13.509,3.024
13.469,3.045
13.429,3.067
13.389,3.089
13.348,3.111
13.307,3.134
13.265,3.157
13.224,3.180
13.181,3.203
13.139,3.227
13.096,3.251
13.053,3.274
13.010,3.298
12.966,3.322
12.923,3.346
12.879,3.370
12.835,3.394
12.791,3.418
12.747,3.441
12.702,3.465
12.658,3.489
12.614,3.513
12.569,3.536
12.525,3.559
12.481,3.582
12.437,3.605
12.393,3.628
12.349,3.650
12.305,3.672
12.262,3.694
12.218,3.715
12.175,3.736
12.132,3.756
12.089,3.777
12.047,3.796
12.005,3.816
11.963,3.834
11.921,3.853
11.880,3.870
11.839,3.888
11.799,3.905
11.759,3.921
11.719,3.937
11.680,3.953
11.641,3.968
11.602,3.983
11.564,3.998
11.526,4.012
11.488,4.027
11.451,4.040
11.414,4.054
11.378,4.067
11.342,4.080
11.306,4.093
11.271,4.106
11.236,4.119
11.202,4.131
11.168,4.143
11.134,4.155
11.101,4.168
11.068,4.180
11.036,4.192
11.004,4.203
10.972,4.215
10.941,4.227
10.910,4.239
10.880,4.251
10.850,4.263
10.820,4.275
10.791,4.287
10.763,4.299
10.735,4.312
10.707,4.324
10.681,4.336
10.655,4.349
10.631,4.361
10.607,4.372
10.586,4.384
10.566,4.395
10.547,4.406
10.531,4.416
10.516,4.426
10.504,4.435
10.494,4.444
10.487,4.451
10.482,4.458
10.480,4.465
10.481,4.470
10.486,4.474
10.493,4.478
10.503,4.480
10.516,4.482
10.531,4.482
10.549,4.482
10.569,4.481
10.591,4.479
10.614,4.477
10.640,4.474
10.667,4.470
10.696,4.465
10.726,4.460
10.757,4.454
10.789,4.447
10.821,4.440
10.855,4.432
10.889,4.424
10.923,4.415
10.957,4.406
10.991,4.396
11.026,4.386
11.059,4.376
11.093,4.365
11.126,4.354
11.158,4.342
11.191,4.330
11.222,4.318
11.254,4.305
11.285,4.292
11.315,4.279
11.346,4.266
11.376,4.252
11.405,4.238
11.435,4.224
11.464,4.210
11.493,4.195
11.521,4.181
11.550,4.166
11.578,4.151
11.606,4.136
11.633,4.120
11.661,4.105
11.689,4.090
11.716,4.074
11.743,4.059
11.770,4.043
11.797,4.027
11.824,4.012
11.851,3.996
11.878,3.980
11.905,3.965
11.931,3.949
11.958,3.933
11.985,3.918
12.012,3.902
12.039,3.887
12.066,3.871
12.093,3.856
12.119,3.841
12.146,3.825
12.173,3.810
12.201,3.794
12.228,3.779
12.255,3.763
12.282,3.748
12.310,3.732
12.337,3.717
12.365,3.701
12.393,3.685
12.421,3.670
12.449,3.654
12.477,3.638
12.505,3.622
12.533,3.606
12.562,3.591
12.591,3.574
12.620,3.558
12.649,3.542
12.678,3.526
12.708,3.509
12.737,3.493
12.767,3.476
12.797,3.460
12.828,3.443
12.858,3.426
12.889,3.410
12.919,3.393
12.950,3.376
12.981,3.359
13.012,3.343
13.044,3.326
13.075,3.309
13.107,3.292
13.138,3.276
13.170,3.259
13.202,3.243
13.234,3.227
13.266,3.210
13.298,3.194
13.330,3.178
13.362,3.162
13.394,3.147
13.427,3.131
13.459,3.116
13.492,3.101
13.524,3.086
13.557,3.071
13.589,3.057
13.621,3.042
13.654,3.028
13.686,3.014
13.719,3.001
13.751,2.988
13.784,2.975
13.816,2.962
13.849,2.949
13.881,2.937
13.913,2.925
13.946,2.913
13.978,2.901
14.011,2.890
14.043,2.879
14.075,2.868
14.107,2.857
14.140,2.846
14.172,2.835
14.204,2.825
14.236,2.814
14.268,2.804
14.300,2.794
14.332,2.784
14.364,2.774
14.396,2.764
14.428,2.755
14.460,2.745
14.492,2.735
14.524,2.726
14.556,2.716
14.587,2.707
14.619,2.697
14.651,2.688
14.682,2.678
14.714,2.669
14.745,2.660
14.777,2.650
14.808,2.641
14.839,2.632
14.870,2.623
14.901,2.615
14.932,2.607
14.962,2.599
14.992,2.591
15.022,2.584
15.052,2.577
15.082,2.570
15.111,2.564
15.140,2.559
15.169,2.554
15.197,2.549
15.225,2.545
15.253,2.542
15.280,2.540
15.307,2.538
15.333,2.537
15.359,2.537
15.385,2.537
15.410,2.539
15.434,2.541
15.458,2.544
15.482,2.548
15.505,2.553
15.527,2.559
15.548,2.566
15.568,2.574
15.588,2.582
15.606,2.591
15.624,2.602
15.640,2.613
15.655,2.625
15.669,2.637
15.681,2.651
15.692,2.665
15.701,2.680
15.709,2.696
15.715,2.713
15.720,2.730
15.722,2.748
15.723,2.767
15.723,2.786
15.721,2.806
15.717,2.826
15.713,2.845
15.706,2.866
15.699,2.885
15.691,2.905
15.681,2.925
15.670,2.944
15.659,2.963
15.646,2.981
15.633,2.998
15.619,3.015
15.604,3.031
15.589,3.046
15.573,3.059
15.556,3.072
15.539,3.084
15.521,3.094
15.503,3.104
15.484,3.113
15.465,3.122
15.445,3.129
15.424,3.137
15.403,3.143
15.381,3.149
15.359,3.155
15.336,3.161
15.313,3.166
15.289,3.171
15.264,3.176
15.238,3.181
15.212,3.186
15.186,3.191
15.159,3.196
15.131,3.202
15.102,3.207
15.073,3.213
15.043,3.219
15.013,3.226
14.982,3.233
14.951,3.239
14.920,3.246
14.888,3.254
14.855,3.261
14.822,3.269
14.789,3.276
14.756,3.284
14.722,3.292
14.688,3.300
14.654,3.308
14.619,3.317
14.585,3.325
14.550,3.333
14.515,3.342
14.480,3.350
14.445,3.358
14.411,3.367
14.376,3.375
14.341,3.384
14.306,3.392
14.271,3.401
14.237,3.409
14.203,3.417
14.168,3.426
14.134,3.434
14.101,3.442
14.067,3.450
14.034,3.457
14.001,3.465
13.968,3.473
13.935,3.481
13.903,3.488
13.870,3.496
13.837,3.504
13.805,3.511
13.772,3.519
13.740,3.527
13.707,3.535
13.674,3.543
13.641,3.551
13.608,3.559
13.575,3.567
13.541,3.576
13.508,3.584
13.474,3.593
13.439,3.602
13.405,3.611
13.370,3.621
13.334,3.630
13.299,3.640
13.262,3.650
13.226,3.661
13.189,3.671
13.151,3.682
13.113,3.694
13.074,3.705
13.035,3.717
12.995,3.730
12.954,3.742
12.913,3.755
12.872,3.768
12.831,3.782
12.790,3.795
12.750,3.808
12.710,3.822
12.670,3.835
12.631,3.848
12.593,3.861
12.556,3.874
12.521,3.886
12.487,3.899
12.454,3.910
12.423,3.921
12.393,3.932
12.366,3.942
12.341,3.952
12.318,3.961
12.298,3.969
12.280,3.976
12.265,3.982
12.252,3.988
12.243,3.993
12.237,3.996
12.234,3.999
12.235,4.000
12.240,4.000
12.247,4.000
12.258,3.998
12.273,3.995
12.290,3.991
12.310,3.986
12.333,3.981
12.358,3.974
12.386,3.967
12.416,3.959
12.449,3.951
12.483,3.941
12.519,3.931
12.558,3.921
12.597,3.910
12.639,3.898
12.681,3.887
12.725,3.874
12.771,3.862
12.817,3.849
12.864,3.836
12.911,3.822
12.960,3.809
13.008,3.795
13.057,3.781
13.107,3.768
13.156,3.754
13.205,3.740
13.254,3.726
13.303,3.713
13.351,3.700
13.398,3.687
13.445,3.674
13.491,3.661
13.536,3.649
13.580,3.637
13.623,3.626
13.666,3.615
13.707,3.604
13.748,3.593
13.788,3.583
13.827,3.572
13.866,3.562
13.904,3.553
13.942,3.543
13.978,3.534
14.015,3.525
14.050,3.516
14.086,3.507
14.120,3.499
14.155,3.491
14.189,3.482
14.222,3.474
14.255,3.467
14.288,3.459
14.320,3.451
14.352,3.444
14.384,3.436
14.416,3.429
14.447,3.422
14.479,3.414
14.510,3.407
14.541,3.400
14.572,3.393
14.603,3.386
14.634,3.379
14.664,3.372
14.695,3.365
14.726,3.358
14.757,3.351
14.788,3.345
14.819,3.338
14.849,3.332
14.880,3.326
14.910,3.320
14.941,3.314
14.971,3.309
15.001,3.304
15.031,3.299
15.061,3.295
15.090,3.292
15.120,3.288
15.149,3.286
15.178,3.284
15.207,3.282
15.235,3.281
15.263,3.281
15.291,3.281
15.319,3.282
15.346,3.284
15.373,3.287
15.400,3.290
15.426,3.295
15.452,3.300
15.478,3.306
15.502,3.313
15.527,3.320
15.551,3.329
15.573,3.338
15.596,3.348
15.617,3.359
15.637,3.370
15.657,3.382
15.675,3.395
15.692,3.409
15.708,3.423
15.722,3.438
15.736,3.454
15.747,3.470
15.758,3.487
15.766,3.505
15.773,3.523
15.779,3.541
15.782,3.560
15.784,3.580
15.784,3.600
15.783,3.620
15.780,3.640
15.776,3.660
15.770,3.681
15.763,3.701
15.755,3.721
15.745,3.741
15.734,3.760
15.722,3.779
15.708,3.797
15.694,3.814
15.678,3.831
15.662,3.847
15.644,3.862
15.626,3.877
15.606,3.890
15.586,3.902
15.565,3.913
15.543,3.923
15.521,3.932
15.498,3.941
15.474,3.949
15.449,3.956
15.424,3.962
15.398,3.968
15.372,3.973
15.345,3.977
15.317,3.981
15.289,3.984
15.261,3.987
15.233,3.990
15.204,3.992
15.174,3.994
15.145,3.995
15.115,3.997
15.085,3.998
15.055,3.999
15.024,3.999
14.994,4.000
14.963,4.001
14.932,4.001
14.901,4.002
14.870,4.003
14.839,4.003
14.808,4.004
14.777,4.005
14.746,4.005
14.715,4.006
14.683,4.007
14.652,4.008
14.620,4.009
14.589,4.010
14.557,4.011
14.525,4.012
14.493,4.014
14.462,4.015
14.430,4.017
14.398,4.019
14.366,4.021
14.334,4.024
14.302,4.026
14.270,4.029
14.238,4.032
14.206,4.036
14.173,4.040
14.141,4.044
14.109,4.048
14.077,4.052
14.045,4.057
14.013,4.062
13.981,4.068
13.949,4.074
13.916,4.080
13.884,4.086
13.852,4.092
13.820,4.099
13.788,4.105
13.756,4.112
13.725,4.119
13.693,4.127
13.661,4.134
13.630,4.141
13.598,4.149
13.567,4.157
13.535,4.164
13.504,4.172
13.473,4.180
13.442,4.188
13.411,4.196
13.380,4.204
13.350,4.211
13.319,4.219
13.289,4.227
13.259,4.235
13.229,4.242
13.199,4.250
13.169,4.257
13.140,4.265
13.110,4.272
13.081,4.279
13.052,4.286
13.023,4.293
12.994,4.300
12.964,4.307
12.935,4.314
12.906,4.320
12.877,4.327
12.847,4.334
12.818,4.341
12.788,4.347
12.758,4.354
12.728,4.360
12.698,4.367
12.668,4.373
12.637,4.380
12.606,4.386
12.575,4.393
12.544,4.399
12.512,4.406
12.480,4.412
12.447,4.419
12.414,4.425
12.380,4.432
12.347,4.438
12.312,4.445
12.278,4.452
12.242,4.458
12.207,4.465
12.171,4.472
12.135,4.478
12.099,4.485
12.063,4.491
12.027,4.498
11.990,4.505
11.954,4.511
11.917,4.518
11.881,4.524
11.845,4.530
11.809,4.537
11.773,4.543
11.737,4.549
11.702,4.555
11.667,4.561
11.632,4.567
11.598,4.573
11.564,4.579
11.530,4.584
11.497,4.590
11.465,4.595
11.433,4.601
11.402,4.606
11.372,4.611
11.342,4.615
11.313,4.620
11.285,4.625
11.258,4.629
11.232,4.633
11.208,4.637
11.185,4.640
11.164,4.644
11.145,4.647
11.128,4.650
11.114,4.652
11.103,4.654
11.095,4.656
11.091,4.657
11.090,4.658
11.092,4.658
11.099,4.658
11.110,4.658
11.125,4.657
11.143,4.655
11.165,4.654
11.190,4.651
11.219,4.648
11.251,4.645
11.286,4.642
11.324,4.638
11.365,4.634
11.408,4.629
11.454,4.624
11.502,4.619
11.552,4.613
11.605,4.607
11.659,4.601
11.715,4.595
11.773,4.588
11.832,4.581
11.893,4.574
11.955,4.566
12.018,4.559
12.082,4.551
12.147,4.543
12.213,4.534
12.279,4.526
12.346,4.517
12.412,4.509
12.480,4.500
12.547,4.491
12.614,4.482
12.680,4.472
12.747,4.463
12.812,4.454
12.877,4.444
12.942,4.435
13.005,4.425
13.067,4.416
13.128,4.406
13.188,4.397
13.246,4.387
13.303,4.378
13.358,4.368
13.411,4.359
13.461,4.349
13.510,4.340
13.556,4.331
13.601,4.321
13.643,4.312
13.683,4.303
13.721,4.295
13.758,4.286
13.793,4.277
13.826,4.269
13.858,4.261
13.889,4.253
13.919,4.245
13.947,4.237
13.975,4.230
14.002,4.223
14.028,4.216
14.053,4.209
14.078,4.203
14.103,4.196
14.127,4.190
14.151,4.185
14.175,4.179
14.199,4.174
14.223,4.170
14.248,4.165
14.273,4.161
14.298,4.158
14.324,4.154
14.351,4.152
14.379,4.149
14.407,4.147
14.436,4.145
14.466,4.143
14.496,4.142
14.526,4.141
14.558,4.141
14.589,4.140
14.622,4.140
14.654,4.140
14.687,4.140
14.720,4.140
14.753,4.141
14.787,4.141
14.820,4.142
14.854,4.143
14.888,4.144
14.922,4.145
14.955,4.146
14.989,4.147
15.022,4.148
15.056,4.149
15.089,4.149
15.122,4.150
15.154,4.151
15.186,4.152
15.218,4.152
15.249,4.153
15.280,4.153
15.310,4.153
15.340,4.153
15.369,4.153
15.397,4.154
15.424,4.154
15.450,4.155
15.475,4.157
15.499,4.159
15.522,4.161
15.544,4.164
15.564,4.168
15.583,4.173
15.601,4.179
15.617,4.186
15.631,4.194
15.644,4.203
15.655,4.214
15.664,4.226
15.672,4.240
15.677,4.255
15.681,4.271
15.682,4.288
15.682,4.307
15.681,4.327
15.678,4.347
15.673,4.368
15.667,4.389
15.659,4.411
15.651,4.433
15.641,4.454
15.630,4.476
15.618,4.497
15.605,4.518
15.591,4.539
15.577,4.558
15.561,4.577
15.545,4.595
15.528,4.611
15.511,4.626
15.493,4.640
15.475,4.653
15.456,4.665
15.437,4.676
15.417,4.686
15.397,4.695
15.376,4.703
15.355,4.711
15.333,4.717
15.311,4.723
15.288,4.729
15.265,4.733
15.242,4.737
15.219,4.741
15.195,4.744
15.170,4.747
15.146,4.749
15.121,4.751
15.096,4.753
15.070,4.755
15.044,4.756
15.018,4.757
14.992,4.758
14.965,4.759
14.939,4.760
14.911,4.760
14.884,4.761
14.856,4.761
14.828,4.761
14.800,4.761
14.771,4.761
14.742,4.761
14.713,4.760
14.684,4.760
14.654,4.759
14.624,4.759
14.593,4.758
14.563,4.757
14.532,4.757
14.500,4.756
14.469,4.755
14.437,4.754
14.405,4.754
14.372,4.753
14.339,4.752
14.306,4.752
14.273,4.751
14.239,4.750
14.205,4.750
14.171,4.749
14.136,4.749
14.102,4.748
14.067,4.748
14.032,4.747
13.998,4.747
13.963,4.747
13.928,4.746
13.892,4.746
13.857,4.746
13.822,4.745
13.787,4.745
13.752,4.745
13.717,4.744
13.683,4.744
13.648,4.744
13.613,4.743
13.579,4.743
13.545,4.743
13.511,4.743
13.477,4.742
13.444,4.742
13.411,4.742
13.378,4.742
13.345,4.741
13.313,4.741
13.281,4.741
13.250,4.740
13.219,4.740
13.188,4.740
13.157,4.739
13.127,4.739
13.097,4.739
13.067,4.739
13.037,4.739
13.008,4.739
12.978,4.739
12.949,4.739
12.920,4.739
12.891,4.739
12.862,4.739
12.833,4.740
12.804,4.740
12.774,4.741
12.745,4.742
12.716,4.742
12.687,4.743
12.657,4.745
12.627,4.746
12.597,4.747
12.567,4.749
12.537,4.751
12.506,4.753
12.475,4.755
12.444,4.757
12.412,4.759
12.380,4.762
12.348,4.765
12.316,4.768
12.284,4.771
12.251,4.774
12.218,4.777
12.185,4.780
12.152,4.783
12.119,4.787
12.086,4.790
12.052,4.794
12.019,4.797
11.985,4.801
11.951,4.805
11.918,4.808
11.884,4.812
11.851,4.815
11.817,4.819
11.783,4.822
11.750,4.826
11.716,4.829
11.683,4.832
11.650,4.836
11.617,4.839
11.584,4.842
11.551,4.845
11.518,4.848
11.486,4.850
11.453,4.853
11.421,4.855
11.389,4.858
11.358,4.860
11.326,4.862
11.295,4.864
11.263,4.866
11.232,4.868
11.202,4.870
11.171,4.872
11.140,4.874
11.110,4.876
11.080,4.878
11.050,4.880
11.021,4.882
10.991,4.883
10.962,4.885
10.933,4.887
10.904,4.890
10.876,4.892
10.847,4.894
10.819,4.896
10.791,4.899
10.763,4.901
10.736,4.904
10.708,4.906
10.681,4.909
10.654,4.912
10.628,4.915
10.601,4.919
10.575,4.922
10.548,4.925
10.522,4.929
10.496,4.933
10.470,4.936
10.444,4.940
10.418,4.944
10.392,4.948
10.366,4.952
10.340,4.956
10.314,4.960
10.287,4.965
10.261,4.969
10.235,4.974
10.208,4.978
10.182,4.983
10.155,4.987
10.128,4.992
10.100,4.996
10.073,5.001
10.045,5.006
10.017,5.011
9.989,5.016
9.961,5.021
9.933,5.026
9.905,5.031
9.876,5.036
9.848,5.042
9.820,5.048
9.791,5.054
9.763,5.061
9.736,5.067
9.708,5.074
9.680,5.082
9.653,5.089
9.626,5.098
9.600,5.106
9.574,5.115
9.548,5.125
9.523,5.135
9.498,5.145
9.473,5.156
9.450,5.167
9.426,5.179
9.404,5.192
9.382,5.205
9.360,5.219
9.340,5.233
9.320,5.246
9.301,5.260
9.282,5.272
9.265,5.285
9.248,5.296
9.232,5.306
9.216,5.315
9.202,5.322
9.188,5.328
9.175,5.332
9.164,5.334
9.153,5.333
9.143,5.330
9.133,5.324
9.125,5.316
9.118,5.305
9.112,5.292
9.106,5.277
9.102,5.260
9.099,5.241
9.096,5.221
9.095,5.199
9.095,5.176
9.095,5.153
9.097,5.128
9.100,5.103
9.103,5.078
9.108,5.052
9.114,5.027
9.121,5.001
9.129,4.976
