X,Y
72.993,40.424
73.139,40.230
73.296,40.028
73.464,39.818
73.642,39.601
73.829,39.376
74.026,39.144
74.233,38.905
74.448,38.660
74.672,38.407
74.904,38.148
75.144,37.882
75.392,37.610
75.646,37.332
75.908,37.048
76.177,36.759
76.451,36.463
76.732,36.163
77.018,35.857
77.310,35.545
77.607,35.229
77.908,34.908
78.214,34.582
78.523,34.252
78.837,33.917
79.154,33.579
79.474,33.236
79.796,32.889
80.122,32.539
80.449,32.185
80.780,31.827
81.113,31.467
81.448,31.103
81.785,30.737
82.125,30.368
82.466,29.997
82.810,29.623
83.156,29.248
83.504,28.870
83.854,28.491
84.206,28.110
84.559,27.727
84.914,27.344
85.271,26.959
85.630,26.574
85.990,26.188
86.351,25.802
86.714,25.415
87.078,25.028
87.443,24.641
87.810,24.255
88.178,23.869
88.547,23.483
88.916,23.099
89.287,22.715
89.659,22.332
90.031,21.951
90.405,21.571
90.779,21.193
91.153,20.817
91.528,20.443
91.904,20.071
92.280,19.702
92.657,19.335
93.033,18.970
93.411,18.609
93.788,18.251
94.166,17.896
94.545,17.545
94.924,17.197
95.304,16.852
95.684,16.512
96.065,16.176
96.446,15.844
96.828,15.516
97.211,15.193
97.595,14.874
97.980,14.560
98.365,14.252
98.751,13.948
99.138,13.650
99.527,13.357
99.916,13.070
100.306,12.788
100.697,12.513
101.090,12.244
101.483,11.981
101.878,11.724
102.274,11.474
102.671,11.231
103.070,10.995
103.470,10.765
103.871,10.543
104.273,10.329
104.678,10.122
105.083,9.922
105.490,9.731
105.899,9.547
106.309,9.372
106.720,9.205
107.133,9.045
107.546,8.894
107.959,8.750
108.373,8.614
108.786,8.485
109.199,8.363
109.612,8.249
110.023,8.142
110.433,8.041
110.841,7.948
111.248,7.861
111.652,7.781
112.054,7.707
112.454,7.640
112.850,7.579
113.243,7.524
113.633,7.475
114.018,7.432
114.400,7.394
114.777,7.363
115.149,7.337
115.517,7.316
115.879,7.300
116.236,7.290
116.586,7.285
116.931,7.285
117.269,7.289
117.601,7.299
117.926,7.314
118.245,7.336
118.557,7.365
118.862,7.401
119.160,7.444
119.451,7.496
119.736,7.557
120.013,7.628
120.283,7.708
120.546,7.798
120.801,7.900
121.049,8.013
121.290,8.138
121.523,8.276
121.749,8.426
121.967,8.591
122.177,8.769
122.380,8.962
122.574,9.170
122.761,9.392
122.939,9.629
123.109,9.879
123.270,10.142
123.422,10.417
123.565,10.703
123.699,11.001
123.823,11.308
123.937,11.625
124.042,11.951
124.136,12.285
124.220,12.626
124.293,12.975
124.356,13.330
124.408,13.690
124.448,14.056
124.477,14.425
124.494,14.799
124.500,15.175
124.494,15.554
124.475,15.935
124.444,16.317
124.400,16.699
124.343,17.081
124.275,17.464
124.195,17.847
124.105,18.231
124.004,18.615
123.895,19.000
123.776,19.387
123.650,19.774
123.516,20.164
123.375,20.554
123.229,20.947
123.076,21.341
122.919,21.737
122.758,22.136
122.593,22.537
122.426,22.941
122.256,23.348
122.085,23.757
121.912,24.170
121.740,24.585
121.568,25.005
121.396,25.427
121.227,25.854
121.060,26.285
120.896,26.719
120.735,27.158
120.579,27.601
120.427,28.049
120.281,28.502
120.142,28.960
120.009,29.422
119.882,29.890
119.762,30.361
119.648,30.836
119.538,31.315
119.434,31.796
119.334,32.280
119.239,32.765
119.147,33.252
119.058,33.740
118.972,34.228
118.889,34.716
118.808,35.203
118.728,35.690
118.650,36.175
118.572,36.658
118.495,37.139
118.419,37.616
118.341,38.091
118.263,38.561
118.184,39.027
118.104,39.489
118.021,39.945
117.936,40.395
117.848,40.839
117.757,41.276
117.663,41.707
117.564,42.129
117.461,42.544
117.354,42.949
117.241,43.346
117.122,43.733
116.998,44.111
116.867,44.477
116.729,44.834
116.586,45.180
116.436,45.516
116.280,45.843
116.118,46.159
115.950,46.467
115.775,46.764
115.595,47.053
115.409,47.333
115.218,47.604
115.020,47.866
114.817,48.120
114.609,48.365
114.395,48.603
114.175,48.832
113.950,49.054
113.720,49.268
113.485,49.474
113.244,49.674
112.998,49.866
112.748,50.051
112.492,50.230
112.232,50.402
111.966,50.568
111.696,50.728
111.421,50.882
111.142,51.030
110.858,51.173
110.570,51.311
110.277,51.445
109.980,51.574
109.678,51.699
109.373,51.820
109.063,51.937
108.749,52.051
108.431,52.162
108.109,52.270
107.784,52.376
107.454,52.479
107.121,52.580
106.784,52.680
106.443,52.778
106.099,52.874
105.752,52.970
105.401,53.065
105.047,53.160
104.689,53.255
104.329,53.349
103.965,53.442
103.599,53.534
103.230,53.624
102.858,53.714
102.484,53.801
102.108,53.885
101.729,53.968
101.349,54.047
100.966,54.124
100.582,54.197
100.197,54.267
99.809,54.333
99.421,54.394
99.031,54.452
98.641,54.504
98.249,54.552
97.857,54.594
97.464,54.631
97.070,54.661
96.676,54.686
96.282,54.705
95.888,54.716
95.494,54.721
95.100,54.719
94.707,54.709
94.313,54.691
93.921,54.666
93.529,54.634
93.138,54.595
92.747,54.549
92.358,54.497
91.969,54.439
91.581,54.375
91.195,54.305
90.809,54.231
90.425,54.151
90.042,54.067
89.660,53.979
89.280,53.887
88.902,53.790
88.525,53.691
88.149,53.588
87.776,53.483
87.404,53.375
87.034,53.264
86.666,53.152
86.300,53.038
85.936,52.922
85.575,52.805
85.215,52.688
84.858,52.570
84.504,52.451
84.152,52.333
83.802,52.215
83.455,52.097
83.111,51.978
82.769,51.860
82.429,51.743
82.092,51.625
81.757,51.507
81.424,51.389
81.094,51.271
80.766,51.154
80.441,51.036
80.118,50.918
79.797,50.801
79.478,50.683
79.162,50.565
78.848,50.448
78.536,50.330
78.226,50.213
77.919,50.095
77.614,49.978
77.311,49.860
77.010,49.742
76.711,49.625
76.414,49.507
76.120,49.389
75.829,49.270
75.542,49.150
75.260,49.029
74.983,48.904
74.713,48.778
74.449,48.648
74.194,48.514
73.946,48.376
73.708,48.234
73.481,48.086
73.263,47.932
73.058,47.773
72.864,47.607
72.684,47.433
72.517,47.252
72.365,47.063
72.228,46.865
72.108,46.658
72.003,46.442
71.914,46.218
71.840,45.987
71.780,45.751
71.732,45.510
71.697,45.266
71.674,45.020
71.661,44.773
71.658,44.526
71.663,44.280
71.677,44.038
71.698,43.799
71.726,43.565
71.759,43.337
71.797,43.117
71.839,42.905
71.884,42.703
71.932,42.510
71.984,42.325
72.041,42.146
72.103,41.973
72.171,41.803
72.245,41.636
72.327,41.469
72.415,41.303
72.512,41.136
72.617,40.965
72.732,40.791
72.857,40.611
72.993,40.424
