X	Y
24.812	17.523
24.902	17.468
25.001	17.429
25.109	17.404
25.225	17.392
25.349	17.392
25.480	17.403
25.617	17.423
25.760	17.452
25.907	17.487
26.058	17.528
26.214	17.574
26.371	17.623
26.532	17.675
26.693	17.727
26.856	17.779
27.018	17.830
27.180	17.879
27.341	17.924
27.500	17.964
27.658	18.001
27.815	18.035
27.970	18.066
28.124	18.094
28.277	18.119
28.428	18.143
28.578	18.165
28.726	18.185
28.874	18.205
29.020	18.224
29.165	18.243
29.308	18.261
29.451	18.280
29.592	18.300
29.732	18.320
29.872	18.342
30.010	18.366
30.147	18.391
30.282	18.418
30.417	18.448
30.551	18.479
30.685	18.512
30.817	18.547
30.948	18.583
31.079	18.621
31.209	18.661
31.339	18.702
31.468	18.745
31.596	18.790
31.724	18.836
31.852	18.883
31.979	18.932
32.106	18.982
32.232	19.033
32.359	19.086
32.485	19.140
32.610	19.196
32.736	19.253
32.860	19.313
32.985	19.374
33.109	19.436
33.232	19.501
33.355	19.568
33.477	19.638
33.598	19.710
33.719	19.784
33.839	19.860
33.958	19.940
34.076	20.022
34.193	20.107
34.309	20.195
34.425	20.286
34.539	20.380
34.653	20.476
34.765	20.575
34.876	20.675
34.986	20.777
35.096	20.880
35.204	20.984
35.311	21.089
35.416	21.194
35.521	21.300
35.625	21.405
35.727	21.510
35.828	21.613
35.928	21.716
36.027	21.818
36.124	21.918
36.221	22.016
36.316	22.112
36.409	22.206
36.501	22.298
36.591	22.389
36.680	22.480
36.766	22.569
36.850	22.659
36.932	22.749
37.011	22.839
37.088	22.930
37.162	23.022
37.233	23.116
37.301	23.211
37.366	23.308
37.427	23.408
37.485	23.510
37.539	23.615
37.589	23.722
37.635	23.832
37.676	23.943
37.713	24.056
37.744	24.171
37.771	24.287
37.792	24.404
37.807	24.522
37.817	24.641
37.820	24.760
37.817	24.880
37.808	25.000
37.791	25.119
37.768	25.239
37.739	25.358
37.703	25.477
37.663	25.596
37.617	25.714
37.566	25.831
37.512	25.948
37.453	26.065
37.391	26.181
37.326	26.296
37.258	26.410
37.188	26.524
37.116	26.636
37.042	26.748
36.968	26.858
36.892	26.968
36.817	27.076
36.740	27.184
36.662	27.290
36.584	27.396
36.505	27.500
36.424	27.604
36.343	27.708
36.260	27.810
36.176	27.912
36.091	28.013
36.004	28.114
35.916	28.214
35.826	28.314
35.735	28.413
35.642	28.512
35.547	28.611
35.451	28.709
35.352	28.807
35.252	28.903
35.150	28.998
35.046	29.092
34.941	29.184
34.833	29.273
34.724	29.360
34.612	29.444
34.499	29.526
34.384	29.604
34.267	29.678
34.147	29.749
34.026	29.815
33.903	29.877
33.778	29.934
33.651	29.987
33.522	30.034
33.392	30.077
33.260	30.117
33.127	30.153
32.994	30.186
32.860	30.217
32.725	30.247
32.590	30.275
32.456	30.302
32.322	30.329
32.189	30.356
32.057	30.384
31.926	30.413
31.797	30.444
31.669	30.476
31.543	30.512
31.420	30.551
31.298	30.592
31.179	30.634
31.061	30.678
30.944	30.722
30.830	30.766
30.716	30.809
30.603	30.850
30.491	30.889
30.380	30.924
30.269	30.956
30.159	30.982
30.049	31.004
29.938	31.020
29.828	31.028
29.717	31.030
29.605	31.026
29.493	31.015
29.380	30.999
29.267	30.978
29.152	30.953
29.037	30.925
28.920	30.893
28.802	30.859
28.682	30.823
28.562	30.785
28.439	30.747
28.315	30.708
28.189	30.670
28.061	30.633
27.932	30.597
27.801	30.561
27.669	30.526
27.537	30.490
27.406	30.454
27.274	30.416
27.144	30.377
27.015	30.336
26.888	30.292
26.764	30.245
26.642	30.196
26.523	30.142
26.408	30.085
26.298	30.022
26.192	29.955
26.091	29.883
25.995	29.805
25.904	29.722
25.819	29.634
25.738	29.541
25.662	29.445
25.590	29.345
25.523	29.242
25.460	29.137
25.401	29.029
25.345	28.919
25.294	28.808
25.246	28.696
25.201	28.583
25.160	28.469
25.121	28.356
25.086	28.244
25.052	28.131
25.021	28.019
24.992	27.907
24.964	27.794
24.937	27.682
24.911	27.569
24.885	27.456
24.859	27.343
24.832	27.229
24.805	27.115
24.777	26.999
24.748	26.883
24.716	26.767
24.683	26.649
24.648	26.530
24.611	26.411
24.574	26.292
24.535	26.173
24.495	26.054
24.455	25.935
24.415	25.818
24.375	25.701
24.336	25.585
24.297	25.471
24.259	25.358
24.222	25.248
24.187	25.139
24.154	25.033
24.123	24.929
24.094	24.828
24.068	24.728
24.045	24.631
24.026	24.535
24.011	24.441
24.000	24.348
23.994	24.256
23.993	24.165
23.997	24.074
24.007	23.984
24.024	23.894
24.047	23.804
24.074	23.714
24.107	23.625
24.142	23.537
24.179	23.451
24.218	23.365
24.257	23.282
24.296	23.201
24.333	23.123
24.367	23.047
24.398	22.974
24.424	22.905
24.447	22.837
24.466	22.769
24.482	22.701
24.495	22.631
24.506	22.557
24.516	22.479
24.524	22.395
24.531	22.304
24.537	22.205
24.543	22.098
24.548	21.984
24.552	21.865
24.556	21.741
24.559	21.614
24.560	21.485
24.561	21.355
24.561	21.225
24.559	21.096
24.556	20.969
24.552	20.846
24.547	20.727
24.540	20.613
24.531	20.506
24.521	20.406
24.509	20.313
24.497	20.223
24.484	20.137
24.470	20.053
24.456	19.968
24.443	19.882
24.430	19.793
24.417	19.699
24.406	19.599
24.396	19.492
24.387	19.376
24.381	19.251
24.377	19.119
24.376	18.981
24.379	18.840
24.387	18.697
24.399	18.553
24.416	18.410
24.439	18.271
24.469	18.136
24.505	18.008
24.550	17.888
24.602	17.778
24.662	17.679
24.732	17.593
24.812	17.523
