X	Y
69.571	57.857
69.539	57.650
69.529	57.435
69.541	57.213
69.573	56.983
69.625	56.746
69.695	56.503
69.782	56.254
69.884	55.999
70.001	55.739
70.132	55.475
70.275	55.206
70.430	54.934
70.594	54.658
70.768	54.379
70.949	54.098
71.137	53.815
71.330	53.530
71.527	53.244
71.728	52.957
71.931	52.669
72.135	52.382
72.339	52.095
72.543	51.807
72.749	51.520
72.955	51.233
73.161	50.945
73.368	50.657
73.576	50.368
73.785	50.079
73.995	49.789
74.205	49.499
74.416	49.207
74.629	48.915
74.842	48.621
75.056	48.326
75.271	48.030
75.488	47.732
75.705	47.433
75.924	47.132
76.144	46.829
76.365	46.524
76.587	46.218
76.811	45.909
77.036	45.598
77.262	45.285
77.490	44.970
77.720	44.652
77.951	44.331
78.183	44.008
78.418	43.682
78.654	43.354
78.893	43.023
79.133	42.689
79.376	42.353
79.622	42.014
79.869	41.672
80.120	41.327
80.373	40.980
80.629	40.630
80.889	40.277
81.151	39.921
81.416	39.563
81.685	39.201
81.957	38.837
82.233	38.470
82.513	38.099
82.796	37.726
83.084	37.350
83.375	36.971
83.671	36.588
83.971	36.203
84.275	35.815
84.584	35.423
84.898	35.029
85.216	34.631
85.539	34.230
85.868	33.826
86.201	33.419
86.540	33.008
86.884	32.595
87.232	32.178
87.585	31.760
87.942	31.339
88.302	30.917
88.666	30.493
89.032	30.069
89.400	29.644
89.771	29.219
90.142	28.795
90.515	28.371
90.888	27.948
91.261	27.527
91.634	27.107
92.006	26.690
92.377	26.275
92.747	25.863
93.114	25.454
93.479	25.049
93.842	24.649
94.201	24.252
94.556	23.861
94.907	23.474
95.254	23.094
95.596	22.719
95.932	22.351
96.263	21.989
96.588	21.634
96.905	21.287
97.216	20.948
97.520	20.617
97.815	20.295
98.102	19.981
98.381	19.677
98.650	19.383
98.909	19.099
99.159	18.826
99.400	18.563
99.632	18.310
99.859	18.067
100.080	17.833
100.298	17.609
100.514	17.394
100.729	17.188
100.945	16.991
101.163	16.801
101.385	16.620
101.612	16.446
101.845	16.280
102.087	16.120
102.338	15.968
102.600	15.822
102.874	15.682
103.161	15.549
103.464	15.421
103.784	15.298
104.121	15.181
104.478	15.069
104.856	14.961
105.255	14.857
105.673	14.758
106.110	14.662
106.563	14.569
107.030	14.480
107.511	14.393
108.003	14.308
108.505	14.226
109.016	14.145
109.533	14.066
110.055	13.988
110.581	13.911
111.109	13.834
111.637	13.757
112.163	13.681
112.687	13.603
113.206	13.525
113.719	13.446
114.225	13.365
114.720	13.283
115.205	13.198
115.678	13.112
116.136	13.022
116.578	12.929
117.003	12.833
117.409	12.734
117.794	12.630
118.157	12.522
118.496	12.410
118.810	12.292
119.096	12.170
119.354	12.041
119.582	11.907
119.780	11.771
119.949	11.636
120.090	11.508
120.206	11.391
120.296	11.291
120.362	11.211
120.405	11.156
120.427	11.132
120.428	11.143
120.412	11.192
120.383	11.274
120.349	11.384
120.317	11.515
120.294	11.662
120.287	11.818
120.302	11.978
120.347	12.136
120.428	12.285
120.551	12.421
120.715	12.544
120.917	12.657
121.153	12.759
121.422	12.854
121.719	12.943
122.042	13.028
122.387	13.110
122.753	13.191
123.136	13.272
123.533	13.356
123.940	13.443
124.356	13.536
124.777	13.636
125.200	13.746
125.623	13.866
126.041	13.998
126.453	14.144
126.856	14.305
127.245	14.484
127.619	14.682
127.975	14.900
128.309	15.141
128.618	15.405
128.900	15.695
129.152	16.012
129.371	16.358
129.558	16.731
129.713	17.128
129.839	17.549
129.935	17.992
130.003	18.454
130.044	18.933
130.059	19.429
130.048	19.939
130.014	20.461
129.956	20.993
129.876	21.534
129.775	22.082
129.654	22.635
129.514	23.191
129.356	23.748
129.180	24.305
128.989	24.859
128.782	25.409
128.561	25.953
128.327	26.489
128.081	27.015
127.824	27.530
127.557	28.031
127.281	28.517
126.997	28.986
126.706	29.436
126.409	29.865
126.107	30.272
125.800	30.654
125.491	31.010
125.180	31.338
124.867	31.635
124.555	31.902
124.244	32.134
123.936	32.334
123.634	32.503
123.341	32.642
123.060	32.755
122.795	32.843
122.547	32.908
122.320	32.952
122.118	32.978
121.942	32.987
121.796	32.981
121.684	32.963
121.607	32.935
121.568	32.899
121.572	32.856
121.619	32.809
121.706	32.762
121.828	32.718
121.981	32.680
122.160	32.653
122.359	32.640
122.575	32.644
122.803	32.670
123.038	32.720
123.276	32.798
123.511	32.909
123.739	33.055
123.956	33.241
124.156	33.468
124.340	33.737
124.506	34.044
124.656	34.386
124.789	34.759
124.906	35.161
125.006	35.589
125.090	36.039
125.159	36.508
125.212	36.993
125.249	37.491
125.271	37.999
125.278	38.514
125.270	39.032
125.247	39.550
125.210	40.066
125.159	40.576
125.093	41.077
125.013	41.566
124.919	42.040
124.812	42.495
124.692	42.928
124.558	43.337
124.411	43.719
124.251	44.069
124.079	44.385
123.894	44.664
123.697	44.903
123.487	45.098
123.266	45.247
123.037	45.353
122.804	45.421
122.571	45.458
122.344	45.468
122.128	45.458
121.926	45.433
121.743	45.398
121.585	45.361
121.455	45.326
121.359	45.298
121.301	45.285
121.285	45.290
121.313	45.319
121.380	45.368
121.480	45.439
121.610	45.530
121.763	45.640
121.935	45.768
122.121	45.914
122.316	46.077
122.514	46.255
122.712	46.448
122.903	46.655
123.083	46.875
123.247	47.107
123.389	47.351
123.506	47.605
123.596	47.869
123.661	48.143
123.702	48.426
123.720	48.719
123.716	49.020
123.693	49.329
123.650	49.646
123.591	49.970
123.515	50.302
123.425	50.641
123.321	50.986
123.206	51.338
123.079	51.695
122.944	52.058
122.800	52.426
122.650	52.799
122.495	53.176
122.335	53.558
122.173	53.943
122.010	54.331
121.847	54.723
121.686	55.118
121.527	55.514
121.372	55.913
121.223	56.314
121.080	56.715
120.942	57.118
120.809	57.520
120.680	57.922
120.555	58.322
120.433	58.720
120.313	59.116
120.195	59.508
120.079	59.897
119.963	60.280
119.847	60.659
119.731	61.032
119.613	61.399
119.494	61.758
119.372	62.110
119.248	62.453
119.120	62.788
118.988	63.112
118.851	63.427
118.709	63.730
118.561	64.022
118.407	64.302
118.246	64.569
118.077	64.823
117.900	65.062
117.713	65.287
117.518	65.496
117.313	65.691
117.098	65.871
116.873	66.038
116.639	66.192
116.394	66.334
116.139	66.463
115.873	66.582
115.597	66.690
115.310	66.788
115.012	66.876
114.703	66.956
114.383	67.028
114.052	67.092
113.709	67.149
113.354	67.199
112.988	67.244
112.610	67.283
112.219	67.318
111.817	67.349
111.402	67.377
110.974	67.401
110.534	67.424
110.081	67.444
109.616	67.463
109.139	67.481
108.650	67.497
108.151	67.511
107.641	67.522
107.121	67.532
106.592	67.540
106.054	67.546
105.508	67.549
104.954	67.550
104.392	67.548
103.824	67.543
103.250	67.536
102.670	67.526
102.085	67.514
101.495	67.498
100.901	67.479
100.303	67.457
99.702	67.431
99.099	67.403
98.493	67.370
97.886	67.334
97.278	67.295
96.669	67.252
96.060	67.204
95.452	67.153
94.844	67.098
94.239	67.039
93.635	66.975
93.034	66.907
92.436	66.835
91.841	66.758
91.251	66.676
90.665	66.590
90.084	66.499
89.509	66.402
88.940	66.301
88.378	66.195
87.823	66.084
87.276	65.967
86.737	65.845
86.206	65.718
85.683	65.586
85.167	65.449
84.660	65.309
84.160	65.164
83.668	65.016
83.183	64.864
82.706	64.709
82.236	64.551
81.773	64.390
81.318	64.227
80.870	64.062
80.429	63.896
79.995	63.727
79.568	63.557
79.148	63.386
78.734	63.215
78.328	63.043
77.928	62.870
77.534	62.698
77.147	62.526
76.767	62.354
76.392	62.184
76.024	62.014
75.663	61.846
75.307	61.679
74.957	61.514
74.614	61.351
74.276	61.191
73.944	61.034
73.617	60.879
73.297	60.727
72.983	60.579
72.676	60.432
72.378	60.287
72.089	60.142
71.811	59.998
71.543	59.853
71.288	59.708
71.047	59.560
70.819	59.410
70.607	59.258
70.411	59.102
70.232	58.941
70.071	58.776
69.929	58.606
69.807	58.429
69.706	58.246
69.627	58.056
69.571	57.857
