X	Y
18.081	8.521
18.093	8.517
18.106	8.515
18.121	8.517
18.137	8.521
18.155	8.528
18.174	8.538
18.194	8.549
18.216	8.563
18.238	8.578
18.262	8.595
18.287	8.613
18.313	8.633
18.339	8.653
18.367	8.673
18.395	8.695
18.424	8.716
18.454	8.737
18.485	8.758
18.516	8.779
18.547	8.798
18.579	8.817
18.611	8.835
18.644	8.851
18.677	8.866
18.710	8.878
18.743	8.889
18.777	8.898
18.810	8.903
18.844	8.906
18.877	8.907
18.910	8.905
18.943	8.900
18.976	8.893
19.009	8.883
19.042	8.872
19.075	8.859
19.107	8.844
19.139	8.827
19.172	8.809
19.203	8.790
19.235	8.769
19.266	8.748
19.297	8.726
19.328	8.703
19.358	8.679
19.388	8.655
19.418	8.631
19.447	8.606
19.476	8.582
19.505	8.558
19.533	8.534
19.560	8.511
19.588	8.488
19.614	8.466
19.641	8.445
19.666	8.425
19.692	8.406
19.716	8.388
19.740	8.372
19.764	8.358
19.787	8.346
19.809	8.335
19.831	8.327
19.852	8.320
19.873	8.315
19.894	8.311
19.915	8.309
19.935	8.308
19.955	8.309
19.976	8.310
19.997	8.312
20.018	8.315
20.039	8.319
20.061	8.323
20.083	8.327
20.106	8.332
20.130	8.337
20.155	8.342
20.181	8.346
20.208	8.351
20.236	8.355
20.265	8.358
20.295	8.361
20.327	8.363
20.361	8.364
20.396	8.364
20.432	8.363
20.470	8.361
20.510	8.359
20.550	8.355
20.593	8.350
20.636	8.345
20.681	8.339
20.727	8.332
20.775	8.324
20.823	8.316
20.873	8.307
20.924	8.297
20.976	8.286
21.030	8.275
21.084	8.263
21.139	8.250
21.196	8.237
21.253	8.223
21.311	8.209
21.370	8.194
21.430	8.179
21.491	8.163
21.553	8.146
21.615	8.130
21.678	8.112
21.742	8.095
21.807	8.077
21.872	8.058
21.938	8.039
22.004	8.020
22.071	8.001
22.139	7.981
22.207	7.961
22.275	7.941
22.344	7.921
22.413	7.900
22.483	7.879
22.553	7.858
22.623	7.837
22.693	7.816
22.764	7.795
22.835	7.774
22.906	7.752
22.977	7.731
23.049	7.709
23.120	7.688
23.191	7.667
23.263	7.645
23.334	7.624
23.406	7.603
23.477	7.582
23.548	7.561
23.619	7.541
23.690	7.520
23.760	7.500
23.831	7.480
23.901	7.460
23.971	7.441
24.040	7.422
24.109	7.403
24.178	7.384
24.246	7.366
24.314	7.348
24.381	7.331
24.448	7.313
24.515	7.297
24.581	7.280
24.646	7.264
24.711	7.248
24.776	7.232
24.839	7.217
24.903	7.202
24.966	7.187
25.028	7.173
25.089	7.159
25.150	7.146
25.211	7.132
25.270	7.119
25.330	7.107
25.388	7.094
25.446	7.082
25.503	7.071
25.559	7.059
25.615	7.048
25.669	7.038
25.723	7.027
25.777	7.017
25.829	7.007
25.881	6.998
25.932	6.989
25.982	6.980
26.031	6.972
26.080	6.964
26.127	6.956
26.174	6.949
26.219	6.942
26.264	6.935
26.308	6.928
26.351	6.922
26.393	6.916
26.434	6.911
26.474	6.906
26.513	6.901
26.551	6.896
26.588	6.892
26.624	6.888
26.659	6.885
26.693	6.882
26.725	6.879
26.757	6.876
26.787	6.874
26.817	6.872
26.845	6.871
26.872	6.869
26.899	6.868
26.924	6.868
26.949	6.868
26.974	6.868
26.998	6.868
27.021	6.869
27.045	6.869
27.068	6.871
27.091	6.872
27.114	6.874
27.137	6.876
27.160	6.879
27.184	6.881
27.208	6.884
27.232	6.888
27.258	6.891
27.283	6.895
27.310	6.899
27.338	6.904
27.366	6.908
27.396	6.913
27.426	6.919
27.458	6.924
27.492	6.930
27.526	6.936
27.561	6.943
27.597	6.949
27.634	6.957
27.672	6.964
27.710	6.972
27.749	6.981
27.789	6.990
27.828	6.999
27.868	7.009
27.908	7.019
27.949	7.030
27.989	7.042
28.029	7.054
28.069	7.067
28.108	7.080
28.147	7.094
28.186	7.109
28.224	7.124
28.262	7.141
28.298	7.157
28.334	7.175
28.369	7.194
28.403	7.213
28.436	7.233
28.467	7.254
28.498	7.276
28.526	7.298
28.554	7.322
28.579	7.346
28.603	7.372
28.626	7.398
28.646	7.426
28.664	7.454
28.681	7.484
28.695	7.514
28.708	7.546
28.718	7.578
28.727	7.612
28.733	7.646
28.738	7.681
28.742	7.717
28.743	7.754
28.743	7.791
28.742	7.830
28.739	7.868
28.734	7.908
28.728	7.948
28.721	7.989
28.713	8.030
28.703	8.072
28.692	8.114
28.680	8.157
28.668	8.200
28.654	8.243
28.639	8.287
28.623	8.331
28.606	8.376
28.589	8.420
28.570	8.465
28.552	8.510
28.532	8.555
28.512	8.601
28.491	8.646
28.470	8.691
28.449	8.737
28.427	8.782
28.405	8.827
28.383	8.872
28.360	8.917
28.338	8.962
28.315	9.007
28.292	9.051
28.269	9.095
28.247	9.139
28.224	9.183
28.202	9.226
28.180	9.269
28.157	9.311
28.136	9.353
28.114	9.394
28.092	9.435
28.071	9.476
28.050	9.516
28.029	9.556
28.008	9.594
27.987	9.633
27.967	9.671
27.946	9.708
27.926	9.744
27.906	9.780
27.887	9.816
27.867	9.850
27.848	9.884
27.829	9.917
27.810	9.950
27.791	9.981
27.773	10.012
27.754	10.042
27.736	10.072
27.719	10.100
27.701	10.127
27.684	10.154
27.667	10.180
27.650	10.205
27.633	10.229
27.617	10.251
27.601	10.273
27.585	10.294
27.569	10.314
27.554	10.333
27.539	10.351
27.524	10.367
27.509	10.383
27.495	10.398
27.480	10.412
27.465	10.424
27.450	10.436
27.434	10.448
27.418	10.458
27.402	10.468
27.385	10.477
27.367	10.486
27.348	10.494
27.328	10.502
27.307	10.509
27.285	10.516
27.262	10.522
27.237	10.528
27.211	10.534
27.184	10.540
27.154	10.545
27.123	10.551
27.090	10.556
27.055	10.562
27.018	10.567
26.979	10.573
26.939	10.578
26.897	10.584
26.853	10.589
26.807	10.594
26.760	10.599
26.711	10.604
26.661	10.609
26.609	10.614
26.556	10.619
26.501	10.624
26.445	10.629
26.388	10.633
26.329	10.638
26.269	10.642
26.208	10.647
26.146	10.651
26.082	10.655
26.018	10.659
25.952	10.663
25.886	10.666
25.818	10.670
25.750	10.673
25.680	10.676
25.610	10.679
25.539	10.682
25.467	10.685
25.394	10.687
25.321	10.690
25.247	10.692
25.172	10.694
25.097	10.695
25.022	10.697
24.945	10.698
24.869	10.699
24.792	10.700
24.714	10.700
24.637	10.701
24.559	10.701
24.480	10.701
24.402	10.700
24.323	10.700
24.245	10.699
24.166	10.698
24.087	10.696
24.008	10.694
23.929	10.692
23.850	10.690
23.771	10.687
23.693	10.684
23.615	10.681
23.536	10.678
23.459	10.674
23.381	10.669
23.304	10.665
23.227	10.660
23.151	10.655
23.075	10.649
23.000	10.643
22.925	10.637
22.851	10.630
22.777	10.623
22.704	10.616
22.632	10.608
22.560	10.600
22.490	10.591
22.419	10.582
22.350	10.573
22.281	10.564
22.213	10.554
22.146	10.544
22.079	10.534
22.012	10.524
21.947	10.513
21.882	10.503
21.818	10.492
21.754	10.481
21.691	10.470
21.629	10.458
21.567	10.447
21.506	10.436
21.445	10.424
21.385	10.413
21.326	10.401
21.267	10.390
21.209	10.378
21.151	10.367
21.094	10.355
21.038	10.344
20.982	10.333
20.927	10.321
20.872	10.310
20.818	10.299
20.765	10.289
20.712	10.278
20.659	10.268
20.607	10.258
20.556	10.248
20.505	10.238
20.455	10.229
20.405	10.219
20.356	10.211
20.307	10.202
20.259	10.194
20.211	10.186
20.164	10.178
20.117	10.171
20.071	10.164
20.025	10.158
19.980	10.152
19.935	10.147
19.891	10.142
19.847	10.137
19.804	10.134
19.761	10.130
19.719	10.127
19.677	10.125
19.635	10.123
19.594	10.122
19.554	10.121
19.514	10.121
19.474	10.121
19.435	10.121
19.396	10.121
19.358	10.121
19.320	10.121
19.283	10.121
19.246	10.121
19.209	10.120
19.173	10.119
19.138	10.118
19.102	10.116
19.068	10.113
19.033	10.110
18.999	10.106
18.966	10.101
18.933	10.094
18.900	10.087
18.868	10.079
18.836	10.070
18.805	10.059
18.774	10.046
18.744	10.033
18.714	10.017
18.684	10.000
18.655	9.982
18.626	9.961
18.598	9.939
18.570	9.914
18.543	9.888
18.516	9.859
18.489	9.828
18.463	9.795
18.437	9.761
18.412	9.724
18.387	9.685
18.363	9.645
18.340	9.604
18.317	9.562
18.295	9.518
18.273	9.474
18.252	9.429
18.232	9.383
18.213	9.337
18.195	9.290
18.177	9.244
18.161	9.198
18.145	9.152
18.131	9.106
18.117	9.061
18.104	9.016
18.093	8.973
18.083	8.930
18.073	8.889
18.065	8.849
18.058	8.810
18.053	8.773
18.048	8.738
18.045	8.705
18.043	8.674
18.043	8.645
18.044	8.619
18.046	8.595
18.050	8.574
18.056	8.556
18.063	8.542
18.071	8.530
18.081	8.521
