X	Y
66.295	142.411
66.431	142.332
66.595	142.275
66.782	142.238
66.991	142.218
67.217	142.212
67.459	142.218
67.713	142.232
67.977	142.251
68.247	142.274
68.520	142.296
68.794	142.316
69.065	142.330
69.334	142.339
69.601	142.342
69.865	142.341
70.129	142.336
70.392	142.327
70.656	142.316
70.920	142.304
71.186	142.290
71.454	142.276
71.724	142.262
71.998	142.249
72.276	142.238
72.559	142.229
72.847	142.223
73.139	142.220
73.435	142.219
73.735	142.220
74.038	142.224
74.344	142.229
74.652	142.235
74.963	142.244
75.275	142.253
75.588	142.263
75.903	142.274
76.217	142.286
76.532	142.299
76.846	142.311
77.160	142.324
77.472	142.337
77.782	142.350
78.090	142.363
78.396	142.378
78.698	142.395
78.996	142.413
79.290	142.434
79.579	142.457
79.863	142.483
80.140	142.513
80.412	142.546
80.676	142.584
80.933	142.626
81.182	142.674
81.422	142.726
81.654	142.784
81.878	142.847
82.094	142.914
82.301	142.987
82.501	143.063
82.693	143.144
82.878	143.229
83.056	143.318
83.226	143.411
83.389	143.507
83.545	143.606
83.694	143.707
83.836	143.809
83.971	143.911
84.097	144.012
84.216	144.110
84.327	144.205
84.430	144.295
84.525	144.381
84.612	144.465
84.690	144.551
84.761	144.641
84.823	144.739
84.878	144.848
84.926	144.969
84.969	145.102
85.010	145.243
85.052	145.391
85.097	145.544
85.147	145.699
85.207	145.854
85.277	146.008
85.358	146.158
85.447	146.304
85.545	146.445
85.649	146.578
85.757	146.704
85.869	146.820
85.982	146.925
86.095	147.020
86.208	147.104
86.319	147.181
86.428	147.256
86.534	147.331
86.637	147.409
86.736	147.496
86.831	147.592
86.922	147.699
87.012	147.815
87.100	147.940
87.190	148.073
87.281	148.213
87.376	148.360
87.475	148.512
87.580	148.669
87.686	148.829
87.793	148.992
87.896	149.155
87.994	149.317
88.082	149.478
88.159	149.636
88.221	149.789
88.266	149.937
88.291	150.079
88.297	150.215
88.283	150.347
88.250	150.477
88.198	150.606
88.126	150.734
88.036	150.864
87.929	150.996
87.810	151.128
87.683	151.260
87.553	151.390
87.425	151.517
87.304	151.641
87.194	151.760
87.100	151.873
87.026	151.979
86.976	152.081
86.952	152.182
86.958	152.283
86.997	152.388
87.070	152.499
87.173	152.616
87.300	152.740
87.442	152.869
87.593	153.004
87.745	153.145
87.890	153.291
88.022	153.442
88.133	153.597
88.215	153.757
88.269	153.920
88.295	154.086
88.297	154.253
88.278	154.420
88.241	154.586
88.188	154.751
88.122	154.912
88.046	155.069
87.962	155.221
87.870	155.369
87.773	155.514
87.669	155.656
87.562	155.797
87.450	155.935
87.336	156.073
87.220	156.211
87.104	156.349
86.988	156.488
86.877	156.628
86.773	156.769
86.679	156.910
86.598	157.052
86.534	157.195
86.488	157.339
86.464	157.483
86.461	157.628
86.475	157.774
86.503	157.921
86.539	158.067
86.579	158.214
86.620	158.360
86.657	158.506
86.688	158.652
86.712	158.797
86.729	158.942
86.740	159.088
86.746	159.235
86.747	159.384
86.742	159.533
86.733	159.684
86.717	159.835
86.693	159.980
86.658	160.118
86.610	160.245
86.547	160.358
86.467	160.452
86.369	160.527
86.254	160.581
86.125	160.618
85.985	160.639
85.837	160.644
85.682	160.637
85.525	160.617
85.366	160.588
85.208	160.553
85.050	160.517
84.895	160.484
84.744	160.458
84.598	160.443
84.457	160.443
84.324	160.462
84.198	160.500
84.080	160.556
83.969	160.627
83.866	160.713
83.771	160.812
83.683	160.923
83.603	161.043
83.529	161.172
83.460	161.308
83.394	161.450
83.329	161.596
83.265	161.746
83.199	161.897
83.131	162.049
83.059	162.199
82.983	162.344
82.902	162.480
82.816	162.604
82.725	162.712
82.627	162.802
82.522	162.869
82.410	162.913
82.292	162.935
82.167	162.938
82.035	162.925
81.898	162.899
81.756	162.861
81.608	162.815
81.457	162.762
81.304	162.702
81.152	162.636
81.002	162.565
80.857	162.489
80.718	162.410
80.588	162.326
80.467	162.241
80.354	162.159
80.245	162.084
80.137	162.023
80.026	161.981
79.909	161.964
79.783	161.975
79.649	162.016
79.511	162.080
79.372	162.164
79.236	162.262
79.105	162.370
78.985	162.483
78.878	162.595
78.787	162.705
78.709	162.810
78.639	162.913
78.575	163.012
78.511	163.109
78.445	163.204
78.373	163.297
78.294	163.386
78.207	163.470
78.112	163.545
78.010	163.610
77.901	163.661
77.784	163.697
77.659	163.719
77.528	163.728
77.392	163.724
77.250	163.708
77.105	163.682
76.955	163.647
76.803	163.603
76.650	163.548
76.495	163.481
76.339	163.401
76.185	163.307
76.032	163.198
75.881	163.071
75.733	162.927
75.590	162.763
75.451	162.581
75.316	162.386
75.185	162.179
75.060	161.966
74.938	161.750
74.822	161.534
74.710	161.323
74.603	161.120
74.501	160.928
74.404	160.752
74.312	160.595
74.224	160.459
74.138	160.342
74.050	160.243
73.959	160.158
73.861	160.085
73.753	160.023
73.634	159.969
73.502	159.921
73.360	159.877
73.210	159.835
73.054	159.794
72.895	159.751
72.733	159.704
72.572	159.652
72.414	159.594
72.258	159.527
72.105	159.452
71.956	159.368
71.810	159.275
71.668	159.173
71.529	159.061
71.394	158.939
71.263	158.805
71.135	158.662
71.011	158.510
70.890	158.350
70.772	158.185
70.656	158.017
70.542	157.846
70.429	157.675
70.318	157.506
70.207	157.340
70.097	157.179
69.987	157.023
69.877	156.871
69.768	156.722
69.660	156.574
69.554	156.425
69.448	156.274
69.345	156.119
69.244	155.959
69.145	155.792
69.049	155.618
68.955	155.436
68.864	155.249
68.775	155.058
68.688	154.864
68.603	154.668
68.520	154.471
68.439	154.275
68.359	154.081
68.280	153.891
68.203	153.704
68.127	153.522
68.051	153.344
67.977	153.168
67.903	152.993
67.829	152.819
67.755	152.644
67.681	152.469
67.606	152.291
67.531	152.111
67.456	151.926
67.379	151.739
67.303	151.548
67.226	151.354
67.148	151.158
67.071	150.959
66.993	150.758
66.916	150.556
66.839	150.352
66.762	150.146
66.686	149.940
66.610	149.733
66.536	149.527
66.462	149.324
66.389	149.123
66.319	148.926
66.249	148.734
66.182	148.548
66.117	148.370
66.054	148.199
65.994	148.038
65.936	147.885
65.877	147.739
65.817	147.597
65.754	147.456
65.686	147.316
65.611	147.174
65.528	147.027
65.435	146.873
65.335	146.713
65.230	146.548
65.127	146.379
65.029	146.208
64.941	146.036
64.868	145.865
64.813	145.697
64.782	145.532
64.779	145.372
64.803	145.218
64.852	145.070
64.919	144.927
65.001	144.789
65.093	144.656
65.191	144.527
65.290	144.403
65.385	144.283
65.476	144.166
65.561	144.049
65.640	143.930
65.711	143.807
65.774	143.678
65.828	143.542
65.873	143.395
65.912	143.241
65.949	143.083
65.990	142.927
66.039	142.777
66.103	142.637
66.187	142.514
66.295	142.411
