X,Y
70.222,139.111
70.401,138.926
70.588,138.766
70.782,138.630
70.983,138.516
71.191,138.423
71.405,138.348
71.625,138.290
71.850,138.248
72.080,138.219
72.314,138.202
72.552,138.195
72.792,138.196
73.036,138.205
73.282,138.219
73.529,138.236
73.779,138.257
74.031,138.281
74.286,138.308
74.544,138.339
74.806,138.373
75.073,138.411
75.344,138.452
75.620,138.497
75.901,138.546
76.189,138.599
76.483,138.656
76.783,138.716
77.091,138.781
77.407,138.850
77.731,138.924
78.063,139.001
78.405,139.083
78.756,139.170
79.116,139.261
79.486,139.356
79.864,139.455
80.250,139.558
80.644,139.664
81.046,139.774
81.455,139.888
81.872,140.004
82.294,140.123
82.723,140.245
83.157,140.370
83.597,140.497
84.042,140.626
84.492,140.757
84.946,140.890
85.404,141.025
85.866,141.161
86.331,141.298
86.799,141.437
87.270,141.576
87.743,141.716
88.218,141.857
88.694,141.998
89.171,142.139
89.650,142.281
90.128,142.422
90.607,142.562
91.085,142.702
91.563,142.842
92.039,142.980
92.514,143.118
92.987,143.254
93.456,143.389
93.923,143.523
94.385,143.654
94.843,143.784
95.296,143.912
95.744,144.037
96.185,144.161
96.620,144.281
97.048,144.399
97.468,144.515
97.880,144.627
98.284,144.736
98.678,144.842
99.062,144.944
99.437,145.043
99.800,145.137
100.152,145.228
100.492,145.315
100.820,145.397
101.135,145.475
101.436,145.548
101.723,145.617
101.996,145.680
102.255,145.740
102.502,145.797
102.737,145.853
102.962,145.909
103.177,145.967
103.385,146.027
103.585,146.092
103.780,146.162
103.970,146.239
104.156,146.324
104.340,146.419
104.523,146.525
104.706,146.643
104.889,146.774
105.074,146.918
105.258,147.075
105.443,147.243
105.627,147.421
105.810,147.608
105.991,147.804
106.170,148.008
106.347,148.218
106.521,148.433
106.691,148.654
106.857,148.878
107.019,149.104
107.176,149.333
107.328,149.563
107.473,149.792
107.613,150.021
107.746,150.249
107.872,150.476
107.991,150.703
108.103,150.931
108.209,151.161
108.307,151.393
108.399,151.627
108.483,151.866
108.560,152.108
108.630,152.356
108.693,152.609
108.748,152.869
108.796,153.135
108.836,153.410
108.868,153.692
108.893,153.984
108.910,154.285
108.920,154.593
108.924,154.908
108.921,155.228
108.912,155.550
108.897,155.875
108.878,156.199
108.854,156.522
108.826,156.842
108.794,157.158
108.759,157.467
108.721,157.769
108.681,158.062
108.639,158.345
108.595,158.615
108.550,158.872
108.505,159.113
108.459,159.338
108.414,159.544
108.368,159.734
108.321,159.910
108.270,160.074
108.216,160.230
108.156,160.379
108.090,160.526
108.016,160.672
107.934,160.821
107.841,160.975
107.736,161.136
107.619,161.309
107.491,161.491
107.351,161.683
107.202,161.883
107.045,162.090
106.881,162.303
106.712,162.519
106.538,162.739
106.361,162.960
106.183,163.182
106.004,163.404
105.826,163.623
105.650,163.839
105.478,164.050
105.310,164.256
105.149,164.454
104.995,164.645
104.848,164.826
104.708,165.000
104.573,165.167
104.440,165.327
104.309,165.483
104.177,165.634
104.044,165.783
103.907,165.929
103.765,166.075
103.616,166.220
103.459,166.366
103.292,166.514
103.113,166.665
102.921,166.820
102.718,166.977
102.505,167.138
102.283,167.301
102.054,167.466
101.819,167.633
101.580,167.801
101.339,167.969
101.096,168.138
100.855,168.307
100.615,168.474
100.379,168.641
100.148,168.806
99.924,168.969
99.709,169.130
99.503,169.287
99.308,169.441
99.127,169.592
98.957,169.738
98.796,169.881
98.644,170.020
98.498,170.156
98.355,170.288
98.215,170.418
98.074,170.544
97.931,170.667
97.784,170.787
97.632,170.905
97.471,171.020
97.300,171.132
97.118,171.243
96.926,171.351
96.725,171.457
96.516,171.561
96.300,171.663
96.078,171.764
95.852,171.863
95.623,171.961
95.391,172.057
95.159,172.152
94.926,172.246
94.695,172.340
94.466,172.432
94.241,172.524
94.021,172.615
93.806,172.705
93.595,172.796
93.388,172.886
93.184,172.977
92.981,173.068
92.780,173.159
92.580,173.251
92.378,173.343
92.175,173.437
91.970,173.532
91.762,173.628
91.550,173.726
91.333,173.825
91.110,173.926
90.881,174.030
90.646,174.134
90.407,174.238
90.163,174.341
89.916,174.442
89.667,174.539
89.416,174.633
89.165,174.721
88.913,174.803
88.663,174.877
88.414,174.943
88.168,175.000
87.925,175.046
87.687,175.081
87.454,175.103
87.226,175.111
87.005,175.106
86.790,175.086
86.579,175.052
86.373,175.005
86.170,174.944
85.970,174.871
85.772,174.786
85.575,174.688
85.378,174.579
85.181,174.458
84.983,174.327
84.782,174.184
84.580,174.032
84.373,173.869
84.163,173.697
83.950,173.515
83.735,173.325
83.518,173.126
83.300,172.919
83.083,172.705
82.865,172.484
82.649,172.256
82.435,172.022
82.224,171.782
82.016,171.536
81.813,171.286
81.614,171.031
81.421,170.772
81.234,170.510
81.054,170.244
80.882,169.975
80.719,169.704
80.565,169.430
80.420,169.156
80.284,168.880
80.157,168.604
80.038,168.328
79.926,168.053
79.821,167.780
79.723,167.509
79.630,167.240
79.542,166.974
79.459,166.712
79.381,166.455
79.305,166.203
79.233,165.956
79.163,165.715
79.095,165.482
79.029,165.255
78.963,165.037
78.897,164.827
78.832,164.623
78.766,164.425
78.699,164.230
78.631,164.037
78.562,163.843
78.491,163.647
78.419,163.448
78.344,163.242
78.266,163.030
78.186,162.809
78.103,162.577
78.016,162.332
77.925,162.073
77.831,161.798
77.732,161.509
77.629,161.205
77.522,160.889
77.409,160.561
77.292,160.223
77.171,159.875
77.044,159.519
76.912,159.157
76.775,158.788
76.632,158.414
76.483,158.036
76.329,157.656
76.170,157.275
76.004,156.893
75.832,156.512
75.653,156.132
75.469,155.756
75.277,155.384
75.080,155.017
74.875,154.656
74.663,154.303
74.444,153.958
74.218,153.624
73.985,153.299
73.745,152.985
73.501,152.679
73.252,152.381
73.000,152.090
72.746,151.804
72.491,151.523
72.237,151.245
71.984,150.970
71.733,150.697
71.486,150.423
71.243,150.150
71.006,149.875
70.775,149.597
70.553,149.315
70.339,149.029
70.135,148.737
69.942,148.438
69.762,148.132
69.595,147.816
69.441,147.491
69.304,147.155
69.183,146.807
69.079,146.446
68.992,146.074
68.922,145.693
68.868,145.305
68.830,144.911
68.807,144.513
68.800,144.113
68.807,143.713
68.829,143.314
68.864,142.919
68.913,142.530
68.975,142.147
69.050,141.773
69.136,141.410
69.235,141.060
69.345,140.724
69.466,140.404
69.598,140.102
69.739,139.820
69.891,139.560
70.052,139.323
70.222,139.111
