X,Y
20.542,12.542
20.554,12.536
20.574,12.540
20.602,12.552
20.636,12.572
20.677,12.598
20.724,12.630
20.777,12.668
20.835,12.711
20.897,12.757
20.964,12.807
21.034,12.859
21.108,12.912
21.184,12.967
21.263,13.022
21.343,13.076
21.425,13.130
21.509,13.181
21.592,13.230
21.676,13.275
21.759,13.316
21.842,13.353
21.924,13.386
22.006,13.415
22.088,13.441
22.170,13.463
22.252,13.481
22.334,13.497
22.416,13.510
22.499,13.520
22.582,13.528
22.666,13.533
22.750,13.537
22.835,13.539
22.921,13.539
23.008,13.537
23.096,13.535
23.186,13.531
23.276,13.527
23.368,13.522
23.462,13.516
23.557,13.511
23.654,13.505
23.752,13.500
23.853,13.495
23.955,13.490
24.059,13.486
24.164,13.482
24.270,13.478
24.376,13.474
24.483,13.471
24.590,13.468
24.697,13.464
24.804,13.461
24.910,13.458
25.015,13.454
25.119,13.451
25.221,13.447
25.322,13.443
25.421,13.439
25.518,13.435
25.612,13.430
25.704,13.425
25.792,13.420
25.878,13.414
25.960,13.407
26.038,13.400
26.113,13.392
26.183,13.384
26.248,13.375
26.310,13.366
26.366,13.356
26.420,13.346
26.471,13.336
26.519,13.327
26.566,13.319
26.612,13.312
26.658,13.307
26.704,13.305
26.752,13.304
26.801,13.307
26.852,13.313
26.907,13.322
26.965,13.335
27.027,13.352
27.093,13.373
27.163,13.398
27.236,13.427
27.312,13.459
27.391,13.494
27.472,13.533
27.555,13.574
27.640,13.618
27.727,13.665
27.815,13.714
27.903,13.765
27.993,13.818
28.082,13.873
28.172,13.930
28.261,13.988
28.350,14.048
28.438,14.108
28.525,14.170
28.610,14.232
28.693,14.295
28.774,14.358
28.853,14.421
28.929,14.485
29.002,14.548
29.072,14.611
29.139,14.674
29.202,14.736
29.262,14.798
29.318,14.860
29.371,14.922
29.422,14.984
29.469,15.046
29.513,15.108
29.554,15.170
29.593,15.232
29.629,15.295
29.662,15.358
29.692,15.422
29.720,15.486
29.745,15.551
29.768,15.617
29.788,15.683
29.806,15.750
29.822,15.818
29.836,15.888
29.847,15.958
29.856,16.029
29.864,16.101
29.868,16.173
29.871,16.246
29.871,16.320
29.869,16.394
29.865,16.468
29.858,16.542
29.848,16.615
29.836,16.689
29.821,16.763
29.804,16.836
29.784,16.908
29.762,16.980
29.736,17.050
29.708,17.120
29.677,17.189
29.644,17.257
29.607,17.323
29.568,17.388
29.525,17.452
29.481,17.515
29.434,17.576
29.384,17.637
29.333,17.696
29.280,17.755
29.224,17.814
29.168,17.871
29.109,17.928
29.050,17.985
28.989,18.041
28.927,18.097
28.864,18.153
28.801,18.209
28.737,18.265
28.673,18.321
28.608,18.378
28.543,18.434
28.478,18.491
28.413,18.549
28.349,18.607
28.285,18.666
28.221,18.725
28.158,18.785
28.095,18.844
28.033,18.905
27.971,18.965
27.909,19.025
27.847,19.085
27.786,19.145
27.725,19.205
27.665,19.264
27.604,19.323
27.544,19.382
27.484,19.439
27.425,19.496
27.365,19.552
27.306,19.607
27.247,19.661
27.188,19.714
27.129,19.766
27.071,19.816
27.012,19.865
26.954,19.912
26.896,19.958
26.837,20.002
26.778,20.045
26.719,20.086
26.659,20.125
26.599,20.162
26.538,20.198
26.475,20.233
26.412,20.265
26.347,20.296
26.281,20.326
26.213,20.353
26.144,20.379
26.072,20.403
25.999,20.426
25.923,20.446
25.846,20.465
25.765,20.482
25.682,20.497
25.597,20.511
25.509,20.523
25.418,20.533
25.326,20.542
25.232,20.549
25.136,20.556
25.039,20.561
24.941,20.566
24.842,20.570
24.743,20.574
24.643,20.577
24.543,20.580
24.444,20.582
24.345,20.585
24.247,20.588
24.149,20.592
24.053,20.595
23.959,20.600
23.866,20.605
23.775,20.611
23.687,20.619
23.601,20.627
23.518,20.637
23.438,20.648
23.361,20.661
23.287,20.676
23.217,20.693
23.150,20.710
23.086,20.728
23.023,20.746
22.962,20.764
22.902,20.781
22.843,20.797
22.784,20.812
22.726,20.824
22.666,20.833
22.606,20.840
22.544,20.843
22.481,20.842
22.415,20.836
22.346,20.826
22.275,20.810
22.200,20.789
22.120,20.761
22.038,20.728
21.952,20.688
21.864,20.644
21.772,20.594
21.679,20.540
21.584,20.481
21.488,20.418
21.390,20.351
21.292,20.280
21.193,20.206
21.094,20.129
20.996,20.050
20.898,19.967
20.801,19.883
20.706,19.797
20.612,19.709
20.521,19.619
20.432,19.529
20.345,19.438
20.262,19.346
20.182,19.255
20.106,19.163
20.034,19.072
19.967,18.981
19.905,18.891
19.848,18.803
19.796,18.716
19.751,18.631
19.711,18.548
19.678,18.468
19.652,18.389
19.631,18.313
19.615,18.238
19.603,18.164
19.596,18.092
19.592,18.020
19.590,17.948
19.591,17.877
19.594,17.806
19.598,17.735
19.602,17.663
19.607,17.590
19.611,17.516
19.614,17.441
19.616,17.364
19.615,17.284
19.612,17.203
19.605,17.119
19.595,17.033
19.580,16.943
19.561,16.850
19.538,16.754
19.511,16.655
19.480,16.554
19.447,16.451
19.411,16.346
19.374,16.239
19.336,16.131
19.296,16.022
19.257,15.913
19.218,15.803
19.179,15.692
19.141,15.582
19.106,15.472
19.072,15.363
19.041,15.255
19.014,15.149
18.990,15.043
18.970,14.940
18.954,14.838
18.944,14.739
18.940,14.643
18.941,14.550
18.950,14.460
18.965,14.373
18.988,14.290
19.019,14.211
19.059,14.137
19.107,14.067
19.163,14.001
19.226,13.939
19.294,13.880
19.368,13.824
19.446,13.772
19.527,13.721
19.611,13.673
19.697,13.627
19.783,13.583
19.870,13.540
19.956,13.497
20.039,13.456
20.121,13.414
20.199,13.373
20.272,13.332
20.341,13.289
20.403,13.246
20.459,13.202
20.506,13.156
20.546,13.109
20.576,13.059
20.595,13.007
20.605,12.953
20.608,12.898
20.604,12.843
20.595,12.790
20.584,12.739
20.571,12.692
20.558,12.648
20.547,12.611
20.540,12.580
20.537,12.556
20.542,12.542
