X,Y
355.000,166.000
355.889,164.335
356.836,162.762
357.845,161.272
358.922,159.854
360.071,158.500
361.299,157.199
362.610,155.940
364.009,154.715
365.503,153.514
367.095,152.325
368.792,151.140
370.597,149.951
372.503,148.755
374.502,147.554
376.584,146.351
378.738,145.146
380.956,143.942
383.229,142.739
385.545,141.540
387.896,140.347
390.273,139.160
392.665,137.981
395.063,136.813
397.458,135.656
399.840,134.512
402.199,133.383
404.527,132.270
406.823,131.172
409.093,130.086
411.343,129.008
413.578,127.936
415.805,126.866
418.029,125.794
420.256,124.718
422.491,123.635
424.740,122.541
427.009,121.433
429.305,120.308
431.631,119.162
433.995,117.993
436.401,116.797
438.857,115.572
441.361,114.315
443.909,113.028
446.492,111.714
449.104,110.374
451.737,109.010
454.384,107.623
457.038,106.215
459.692,104.789
462.339,103.345
464.971,101.887
467.582,100.415
470.165,98.931
472.711,97.438
475.215,95.936
477.668,94.428
480.064,92.916
482.396,91.401
484.656,89.885
486.849,88.369
488.982,86.856
491.061,85.345
493.094,83.840
495.089,82.340
497.052,80.847
498.992,79.363
500.916,77.889
502.831,76.426
504.744,74.975
506.663,73.538
508.595,72.116
510.548,70.711
512.529,69.324
514.545,67.955
516.595,66.606
518.678,65.274
520.790,63.960
522.929,62.663
525.091,61.381
527.274,60.115
529.474,58.863
531.690,57.625
533.919,56.400
536.156,55.188
538.400,53.986
540.648,52.796
542.897,51.616
545.143,50.445
547.385,49.283
549.622,48.131
551.855,46.995
554.086,45.878
556.315,44.785
558.545,43.719
560.775,42.684
563.008,41.685
565.246,40.727
567.488,39.812
569.737,38.946
571.993,38.132
574.259,37.375
576.534,36.678
578.822,36.046
581.121,35.482
583.430,34.982
585.745,34.541
588.060,34.153
590.373,33.812
592.680,33.514
594.976,33.252
597.257,33.020
599.520,32.814
601.761,32.627
603.975,32.455
606.158,32.291
608.307,32.130
610.418,31.967
612.484,31.804
614.493,31.661
616.434,31.562
618.293,31.531
620.059,31.589
621.718,31.761
623.259,32.069
624.669,32.536
625.935,33.187
627.046,34.043
627.994,35.119
628.797,36.401
629.475,37.867
630.049,39.495
630.540,41.264
630.969,43.152
631.358,45.138
631.726,47.201
632.095,49.318
632.486,51.468
632.920,53.629
633.414,55.783
633.959,57.921
634.537,60.042
635.129,62.142
635.715,64.221
636.277,66.275
636.795,68.303
637.250,70.302
637.623,72.270
637.895,74.204
638.048,76.104
638.061,77.965
637.917,79.787
637.619,81.571
637.197,83.326
636.682,85.057
636.104,86.774
635.496,88.484
634.889,90.194
634.312,91.912
633.798,93.646
633.378,95.404
633.083,97.192
632.942,99.019
632.953,100.881
633.088,102.767
633.316,104.665
633.608,106.563
633.934,108.448
634.263,110.311
634.567,112.137
634.815,113.917
634.977,115.637
635.024,117.286
634.927,118.852
634.680,120.343
634.297,121.776
633.792,123.174
633.181,124.556
632.477,125.943
631.695,127.356
630.849,128.815
629.955,130.340
629.027,131.952
628.077,133.664
627.109,135.456
626.123,137.298
625.121,139.161
624.104,141.015
623.072,142.832
622.027,144.582
620.969,146.236
619.899,147.764
618.819,149.137
617.729,150.326
616.631,151.302
615.535,152.070
614.472,152.685
613.470,153.208
612.560,153.698
611.772,154.217
611.135,154.823
610.673,155.572
610.353,156.455
610.110,157.435
609.883,158.474
609.606,159.531
609.217,160.570
608.654,161.553
607.898,162.475
606.965,163.355
605.872,164.214
604.636,165.072
603.272,165.951
601.799,166.870
600.233,167.851
598.590,168.914
596.888,170.079
595.142,171.360
593.365,172.744
591.571,174.213
589.771,175.748
587.978,177.332
586.205,178.947
584.463,180.574
582.766,182.197
581.126,183.796
579.555,185.354
578.067,186.853
576.673,188.274
575.386,189.600
574.216,190.815
573.145,191.916
572.137,192.914
571.158,193.816
570.171,194.633
569.142,195.372
568.034,196.043
566.812,196.654
565.441,197.215
563.907,197.732
562.224,198.211
560.406,198.656
558.469,199.072
556.429,199.463
554.301,199.835
552.101,200.191
549.843,200.538
547.544,200.878
545.218,201.218
542.882,201.562
540.550,201.915
538.237,202.280
535.946,202.655
533.679,203.036
531.432,203.416
529.207,203.790
527.002,204.154
524.817,204.502
522.650,204.828
520.501,205.127
518.370,205.394
516.255,205.623
514.156,205.810
512.072,205.949
510.003,206.034
507.947,206.069
505.905,206.064
503.876,206.028
501.859,205.973
499.854,205.908
497.861,205.845
495.879,205.794
493.907,205.765
491.945,205.769
489.993,205.817
488.049,205.919
486.115,206.084
484.188,206.317
482.266,206.609
480.348,206.953
478.431,207.344
476.514,207.774
474.594,208.235
472.670,208.721
470.739,209.224
468.800,209.739
466.850,210.257
464.888,210.771
462.912,211.276
460.923,211.769
458.929,212.253
456.936,212.732
454.948,213.209
452.973,213.687
451.016,214.170
449.084,214.660
447.183,215.161
445.318,215.676
443.496,216.209
441.723,216.762
440.005,217.339
438.339,217.934
436.715,218.534
435.124,219.129
433.558,219.705
432.005,220.251
430.458,220.755
428.906,221.203
427.341,221.586
425.752,221.889
424.131,222.102
422.479,222.227
420.806,222.281
419.124,222.279
417.442,222.236
415.772,222.170
414.124,222.097
412.509,222.031
410.937,221.991
409.420,221.990
407.967,222.044
406.571,222.140
405.219,222.252
403.895,222.354
402.584,222.418
401.273,222.420
399.947,222.332
398.590,222.128
397.189,221.784
395.738,221.299
394.238,220.695
392.690,219.995
391.095,219.220
389.454,218.391
387.768,217.532
386.039,216.664
384.267,215.810
382.454,214.990
380.600,214.228
378.708,213.543
376.783,212.934
374.838,212.388
372.881,211.892
370.923,211.431
368.975,210.991
367.047,210.558
365.149,210.120
363.291,209.661
361.485,209.168
359.739,208.628
358.066,208.026
356.474,207.351
354.975,206.605
353.578,205.793
352.293,204.919
351.131,203.989
350.101,203.007
349.215,201.979
348.482,200.909
347.912,199.803
347.508,198.661
347.257,197.476
347.141,196.238
347.144,194.939
347.249,193.568
347.440,192.118
347.699,190.579
348.012,188.941
348.363,187.200
348.752,185.370
349.180,183.469
349.648,181.513
350.158,179.520
350.711,177.508
351.308,175.493
351.950,173.494
352.640,171.528
353.377,169.612
354.163,167.763
355.000,166.000
