X,Y
23.99,16.009
24.062,15.909
24.132,15.814
24.201,15.724
24.268,15.637
24.336,15.555
24.404,15.476
24.474,15.401
24.545,15.329
24.619,15.261
24.697,15.195
24.778,15.133
24.865,15.073
24.956,15.015
25.053,14.96
25.156,14.907
25.262,14.857
25.373,14.809
25.486,14.763
25.603,14.719
25.723,14.677
25.844,14.638
25.966,14.6
26.09,14.565
26.214,14.532
26.338,14.5
26.461,14.471
26.583,14.444
26.704,14.418
26.823,14.394
26.942,14.372
27.06,14.351
27.178,14.331
27.296,14.312
27.414,14.294
27.533,14.277
27.653,14.26
27.775,14.243
27.898,14.227
28.023,14.21
28.15,14.194
28.28,14.177
28.413,14.159
28.548,14.141
28.686,14.122
28.827,14.103
28.969,14.083
29.113,14.062
29.258,14.042
29.405,14.02
29.552,13.999
29.701,13.977
29.849,13.954
29.999,13.932
30.148,13.908
30.296,13.885
30.445,13.861
30.592,13.838
30.739,13.813
30.884,13.789
31.028,13.764
31.171,13.74
31.313,13.715
31.455,13.689
31.596,13.664
31.737,13.638
31.878,13.611
32.018,13.585
32.159,13.558
32.301,13.53
32.443,13.502
32.585,13.474
32.729,13.446
32.874,13.416
33.02,13.387
33.168,13.357
33.317,13.326
33.468,13.295
33.62,13.263
33.773,13.231
33.926,13.199
34.08,13.167
34.234,13.135
34.387,13.103
34.539,13.07
34.691,13.038
34.841,13.006
34.99,12.975
35.137,12.944
35.281,12.913
35.423,12.883
35.562,12.853
35.698,12.824
35.83,12.796
35.959,12.769
36.084,12.743
36.207,12.717
36.327,12.691
36.446,12.666
36.563,12.642
36.68,12.617
36.796,12.593
36.913,12.568
37.03,12.544
37.149,12.519
37.269,12.493
37.392,12.468
37.518,12.441
37.647,12.414
37.778,12.386
37.913,12.358
38.048,12.331
38.185,12.304
38.322,12.278
38.458,12.253
38.594,12.231
38.727,12.21
38.857,12.192
38.985,12.177
39.108,12.165
39.226,12.157
39.339,12.153
39.446,12.154
39.546,12.159
39.639,12.169
39.726,12.184
39.809,12.204
39.889,12.228
39.966,12.256
40.042,12.288
40.118,12.323
40.195,12.363
40.274,12.405
40.356,12.451
40.441,12.5
40.528,12.552
40.616,12.608
40.704,12.668
40.79,12.731
40.874,12.798
40.953,12.87
41.028,12.946
41.097,13.027
41.158,13.112
41.211,13.202
41.254,13.298
41.287,13.398
41.311,13.503
41.326,13.611
41.333,13.722
41.332,13.836
41.324,13.95
41.31,14.066
41.29,14.181
41.264,14.295
41.235,14.409
41.201,14.52
41.164,14.628
41.124,14.732
41.082,14.833
41.038,14.932
40.991,15.028
40.944,15.122
40.894,15.216
40.844,15.31
40.792,15.405
40.74,15.501
40.687,15.599
40.633,15.7
40.58,15.805
40.526,15.914
40.473,16.027
40.42,16.146
40.367,16.269
40.313,16.395
40.259,16.524
40.203,16.655
40.147,16.787
40.088,16.92
40.028,17.054
39.965,17.186
39.9,17.317
39.832,17.447
39.761,17.573
39.687,17.696
39.608,17.815
39.526,17.929
39.439,18.037
39.348,18.14
39.252,18.237
39.153,18.33
39.051,18.418
38.946,18.502
38.838,18.583
38.729,18.661
38.619,18.738
38.508,18.813
38.397,18.888
38.286,18.962
38.175,19.036
38.066,19.112
37.958,19.188
37.852,19.267
37.749,19.349
37.649,19.433
37.55,19.519
37.454,19.606
37.358,19.693
37.263,19.779
37.169,19.863
37.074,19.945
36.979,20.023
36.882,20.096
36.784,20.165
36.684,20.227
36.581,20.282
36.476,20.33
36.367,20.369
36.254,20.398
36.137,20.419
36.019,20.433
35.898,20.44
35.775,20.441
35.652,20.438
35.528,20.431
35.405,20.422
35.283,20.411
35.162,20.399
35.043,20.388
34.926,20.378
34.813,20.37
34.704,20.366
34.599,20.365
34.497,20.368
34.399,20.374
34.302,20.383
34.206,20.394
34.112,20.408
34.017,20.423
33.921,20.44
33.824,20.458
33.725,20.476
33.623,20.495
33.517,20.514
33.408,20.533
33.295,20.552
33.178,20.57
33.058,20.588
32.935,20.606
32.808,20.625
32.679,20.643
32.547,20.66
32.413,20.678
32.276,20.696
32.137,20.714
31.995,20.731
31.852,20.749
31.707,20.767
31.56,20.784
31.412,20.802
31.263,20.819
31.113,20.835
30.963,20.85
30.812,20.863
30.662,20.875
30.512,20.884
30.363,20.89
30.216,20.893
30.07,20.893
29.925,20.889
29.783,20.881
29.644,20.868
29.507,20.85
29.374,20.827
29.244,20.798
29.118,20.763
28.996,20.722
28.878,20.676
28.763,20.624
28.651,20.569
28.542,20.511
28.435,20.45
28.331,20.386
28.228,20.321
28.127,20.256
28.027,20.19
27.929,20.125
27.831,20.061
27.733,19.999
27.636,19.939
27.539,19.883
27.441,19.829
27.343,19.778
27.245,19.73
27.146,19.686
27.046,19.644
26.945,19.605
26.844,19.57
26.741,19.537
26.637,19.508
26.532,19.482
26.425,19.458
26.317,19.438
26.207,19.421
26.096,19.406
25.983,19.392
25.871,19.379
25.757,19.367
25.644,19.354
25.531,19.341
25.418,19.326
25.306,19.309
25.195,19.289
25.085,19.266
24.976,19.239
24.869,19.208
24.764,19.171
24.661,19.131
24.56,19.086
24.461,19.038
24.364,18.986
24.269,18.931
24.176,18.873
24.085,18.813
23.996,18.75
23.909,18.686
23.824,18.62
23.741,18.554
23.661,18.486
23.583,18.417
23.508,18.347
23.439,18.275
23.375,18.201
23.317,18.125
23.268,18.045
23.227,17.963
23.195,17.876
23.174,17.785
23.165,17.69
23.168,17.59
23.182,17.485
23.208,17.377
23.244,17.265
23.289,17.15
23.342,17.034
23.401,16.916
23.466,16.798
23.536,16.68
23.609,16.562
23.684,16.446
23.761,16.332
23.838,16.22
23.915,16.112
23.99,16.009
