X	Y
896.000	554.000
896.706	553.058
897.596	552.141
898.660	551.247
899.888	550.376
901.269	549.528
902.793	548.703
904.451	547.899
906.232	547.116
908.125	546.355
910.121	545.614
912.210	544.892
914.381	544.190
916.625	543.507
918.930	542.843
921.287	542.196
923.686	541.567
926.116	540.955
928.568	540.360
931.030	539.781
933.494	539.217
935.948	538.668
938.383	538.134
940.789	537.614
943.165	537.108
945.512	536.617
947.831	536.141
950.125	535.679
952.396	535.232
954.645	534.801
956.874	534.385
959.085	533.986
961.280	533.602
963.460	533.234
965.628	532.883
967.785	532.549
969.934	532.231
972.075	531.931
974.211	531.648
976.344	531.383
978.474	531.135
980.606	530.906
982.739	530.695
984.876	530.502
987.019	530.328
989.169	530.174
991.329	530.038
993.500	529.922
995.682	529.825
997.877	529.745
1000.085	529.684
1002.306	529.638
1004.540	529.609
1006.789	529.594
1009.051	529.593
1011.328	529.605
1013.620	529.629
1015.927	529.665
1018.249	529.712
1020.588	529.769
1022.943	529.834
1025.315	529.908
1027.704	529.990
1030.111	530.077
1032.535	530.171
1034.978	530.269
1037.439	530.372
1039.919	530.477
1042.418	530.586
1044.938	530.695
1047.477	530.806
1050.036	530.916
1052.617	531.026
1055.218	531.134
1057.837	531.241
1060.474	531.347
1063.127	531.451
1065.793	531.555
1068.471	531.657
1071.160	531.759
1073.857	531.861
1076.562	531.961
1079.271	532.062
1081.984	532.162
1084.698	532.262
1087.413	532.363
1090.126	532.463
1092.835	532.563
1095.540	532.664
1098.237	532.766
1100.926	532.868
1103.604	532.971
1106.271	533.075
1108.924	533.179
1111.561	533.285
1114.181	533.392
1116.782	533.501
1119.363	533.611
1121.921	533.723
1124.456	533.836
1126.964	533.951
1129.445	534.069
1131.899	534.188
1134.328	534.311
1136.735	534.437
1139.121	534.566
1141.488	534.700
1143.839	534.839
1146.176	534.983
1148.501	535.133
1150.816	535.289
1153.122	535.451
1155.423	535.621
1157.721	535.799
1160.017	535.985
1162.313	536.179
1164.612	536.383
1166.916	536.596
1169.227	536.819
1171.547	537.053
1173.878	537.298
1176.223	537.555
1178.583	537.824
1180.960	538.105
1183.358	538.400
1185.777	538.707
1188.220	539.029
1190.688	539.366
1193.181	539.716
1195.697	540.079
1198.235	540.454
1200.793	540.842
1203.371	541.240
1205.968	541.650
1208.581	542.069
1211.210	542.497
1213.853	542.934
1216.510	543.379
1219.178	543.832
1221.858	544.291
1224.546	544.756
1227.243	545.227
1229.946	545.702
1232.656	546.182
1235.369	546.665
1238.086	547.151
1240.804	547.639
1243.523	548.129
1246.242	548.619
1248.958	549.110
1251.672	549.601
1254.381	550.090
1257.084	550.578
1259.781	551.064
1262.469	551.547
1265.147	552.026
1267.816	552.502
1270.474	552.974
1273.122	553.443
1275.760	553.911
1278.390	554.378
1281.011	554.846
1283.623	555.314
1286.228	555.783
1288.825	556.255
1291.414	556.731
1293.997	557.210
1296.573	557.695
1299.144	558.185
1301.708	558.681
1304.267	559.186
1306.821	559.698
1309.371	560.219
1311.916	560.751
1314.458	561.293
1316.996	561.846
1319.531	562.412
1322.063	562.991
1324.593	563.584
1327.121	564.192
1329.647	564.815
1332.172	565.455
1334.697	566.112
1337.220	566.788
1339.744	567.482
1342.267	568.194
1344.790	568.923
1347.310	569.666
1349.827	570.424
1352.342	571.193
1354.852	571.973
1357.357	572.763
1359.857	573.559
1362.351	574.362
1364.838	575.169
1367.317	575.979
1369.788	576.790
1372.250	577.601
1374.702	578.411
1377.143	579.218
1379.573	580.020
1381.992	580.816
1384.397	581.604
1386.790	582.383
1389.168	583.151
1391.531	583.907
1393.879	584.650
1396.210	585.377
1398.525	586.087
1400.822	586.779
1403.100	587.452
1405.360	588.102
1407.599	588.732
1409.816	589.344
1412.009	589.943
1414.176	590.532
1416.315	591.117
1418.424	591.700
1420.502	592.288
1422.545	592.883
1424.552	593.491
1426.522	594.115
1428.452	594.759
1430.340	595.428
1432.184	596.127
1433.983	596.859
1435.734	597.628
1437.435	598.440
1439.084	599.297
1440.680	600.205
1442.220	601.168
1443.702	602.189
1445.125	603.274
1446.486	604.426
1447.785	605.646
1449.020	606.931
1450.191	608.277
1451.299	609.679
1452.343	611.134
1453.322	612.638
1454.236	614.187
1455.085	615.777
1455.869	617.403
1456.587	619.062
1457.239	620.750
1457.825	622.463
1458.344	624.196
1458.796	625.947
1459.182	627.710
1459.499	629.482
1459.749	631.259
1459.930	633.037
1460.043	634.812
1460.089	636.582
1460.069	638.348
1459.987	640.109
1459.843	641.867
1459.642	643.621
1459.384	645.372
1459.072	647.121
1458.709	648.868
1458.297	650.613
1457.837	652.357
1457.333	654.101
1456.787	655.844
1456.200	657.587
1455.576	659.330
1454.917	661.074
1454.224	662.820
1453.500	664.568
1452.747	666.318
1451.969	668.070
1451.165	669.825
1450.339	671.583
1449.490	673.342
1448.621	675.101
1447.730	676.861
1446.820	678.619
1445.891	680.376
1444.945	682.131
1443.981	683.882
1443.002	685.629
1442.007	687.371
1440.999	689.108
1439.977	690.839
1438.942	692.562
1437.896	694.277
1436.840	695.984
1435.773	697.681
1434.698	699.368
1433.616	701.043
1432.526	702.707
1431.430	704.358
1430.329	705.996
1429.223	707.622
1428.114	709.237
1427.003	710.843
1425.891	712.443
1424.777	714.039
1423.665	715.632
1422.553	717.226
1421.444	718.820
1420.338	720.419
1419.236	722.023
1418.139	723.635
1417.049	725.257
1415.965	726.890
1414.889	728.537
1413.822	730.201
1412.765	731.882
1411.718	733.583
1410.683	735.306
1409.661	737.053
1408.652	738.826
1407.657	740.627
1406.678	742.456
1405.713	744.312
1404.763	746.191
1403.827	748.092
1402.906	750.011
1401.999	751.948
1401.106	753.898
1400.227	755.861
1399.361	757.833
1398.509	759.812
1397.670	761.796
1396.845	763.782
1396.032	765.768
1395.232	767.752
1394.445	769.732
1393.671	771.704
1392.909	773.667
1392.159	775.617
1391.421	777.554
1390.695	779.474
1389.980	781.375
1389.278	783.255
1388.586	785.111
1387.903	786.943
1387.224	788.752
1386.546	790.538
1385.862	792.303
1385.170	794.048
1384.464	795.772
1383.740	797.478
1382.994	799.166
1382.221	800.837
1381.417	802.491
1380.577	804.130
1379.698	805.755
1378.774	807.367
1377.801	808.965
1376.775	810.552
1375.692	812.128
1374.546	813.694
1373.334	815.251
1372.051	816.799
1370.693	818.340
1369.257	819.875
1367.748	821.403
1366.169	822.925
1364.525	824.441
1362.820	825.952
1361.057	827.457
1359.242	828.958
1357.378	830.453
1355.469	831.944
1353.520	833.431
1351.534	834.913
1349.516	836.392
1347.470	837.868
1345.401	839.340
1343.311	840.809
1341.206	842.275
1339.090	843.739
1336.966	845.201
1334.839	846.661
1332.713	848.119
1330.593	849.576
1328.481	851.031
1326.383	852.486
1324.303	853.940
1322.245	855.394
1320.212	856.847
1318.209	858.300
1316.234	859.751
1314.283	861.196
1312.355	862.632
1310.445	864.057
1308.552	865.466
1306.672	866.857
1304.802	868.228
1302.939	869.574
1301.081	870.893
1299.224	872.182
1297.366	873.437
1295.503	874.655
1293.632	875.834
1291.751	876.971
1289.857	878.062
1287.947	879.104
1286.017	880.094
1284.065	881.029
1282.088	881.906
1280.083	882.721
1278.047	883.473
1275.976	884.157
1273.869	884.771
1271.723	885.312
1269.537	885.780
1267.314	886.181
1265.058	886.519
1262.771	886.798
1260.456	887.023
1258.116	887.198
1255.754	887.328
1253.373	887.417
1250.974	887.470
1248.563	887.491
1246.140	887.484
1243.710	887.454
1241.275	887.406
1238.837	887.344
1236.400	887.273
1233.966	887.196
1231.539	887.119
1229.121	887.045
1226.715	886.980
1224.324	886.927
1221.951	886.892
1219.599	886.879
1217.270	886.891
1214.967	886.934
1212.694	887.013
1210.451	887.129
1208.238	887.282
1206.050	887.469
1203.887	887.688
1201.745	887.937
1199.622	888.213
1197.515	888.515
1195.423	888.840
1193.342	889.186
1191.270	889.551
1189.205	889.932
1187.144	890.328
1185.084	890.736
1183.024	891.153
1180.960	891.579
1178.891	892.010
1176.813	892.444
1174.724	892.879
1172.623	893.313
1170.505	893.744
1168.370	894.169
1166.214	894.586
1164.034	894.994
1161.830	895.390
1159.602	895.776
1157.353	896.155
1155.084	896.529
1152.799	896.901
1150.498	897.273
1148.184	897.647
1145.859	898.027
1143.526	898.415
1141.187	898.812
1138.842	899.223
1136.496	899.648
1134.149	900.092
1131.805	900.555
1129.464	901.041
1127.130	901.552
1124.804	902.091
1122.488	902.659
1120.185	903.261
1117.897	903.897
1115.625	904.572
1113.373	905.286
1111.141	906.043
1108.933	906.845
1106.750	907.694
1104.595	908.593
1102.467	909.537
1100.368	910.517
1098.297	911.524
1096.255	912.549
1094.240	913.583
1092.254	914.617
1090.297	915.642
1088.367	916.649
1086.466	917.628
1084.593	918.572
1082.748	919.470
1080.932	920.315
1079.144	921.096
1077.385	921.805
1075.654	922.433
1073.951	922.970
1072.277	923.409
1070.631	923.739
1069.014	923.952
1067.424	924.039
1065.864	923.990
1064.332	923.801
1062.831	923.475
1061.361	923.021
1059.924	922.444
1058.522	921.752
1057.157	920.952
1055.830	920.051
1054.542	919.055
1053.296	917.972
1052.092	916.808
1050.932	915.570
1049.819	914.266
1048.752	912.901
1047.735	911.484
1046.768	910.021
1045.853	908.519
1044.992	906.985
1044.185	905.425
1043.426	903.843
1042.710	902.242
1042.030	900.626
1041.379	898.997
1040.752	897.359
1040.141	895.715
1039.541	894.068
1038.945	892.421
1038.346	890.778
1037.738	889.141
1037.115	887.515
1036.471	885.901
1035.799	884.304
1035.092	882.727
1034.344	881.172
1033.549	879.644
1032.701	878.144
1031.792	876.677
1030.821	875.243
1029.791	873.840
1028.708	872.464
1027.577	871.113
1026.402	869.782
1025.191	868.468
1023.946	867.169
1022.675	865.880
1021.381	864.599
1020.071	863.321
1018.749	862.044
1017.421	860.765
1016.092	859.480
1014.767	858.185
1013.451	856.877
1012.150	855.554
1010.869	854.211
1009.613	852.845
1008.387	851.454
1007.197	850.033
1006.042	848.584
1004.922	847.109
1003.836	845.610
1002.782	844.091
1001.758	842.553
1000.763	841.001
999.796	839.435
998.855	837.860
997.939	836.277
997.046	834.690
996.174	833.101
995.323	831.512
994.492	829.927
993.677	828.347
992.879	826.776
992.095	825.217
991.325	823.672
990.566	822.143
989.818	820.633
989.078	819.144
988.345	817.673
987.616	816.217
986.889	814.774
986.161	813.340
985.431	811.914
984.695	810.493
983.953	809.073
983.201	807.653
982.437	806.229
981.659	804.799
980.865	803.360
980.052	801.910
979.218	800.446
978.362	798.965
977.479	797.464
976.570	795.941
975.630	794.393
974.660	792.821
973.663	791.227
972.640	789.615
971.596	787.990
970.532	786.354
969.452	784.712
968.357	783.067
967.251	781.423
966.137	779.783
965.016	778.152
963.893	776.533
962.769	774.929
961.647	773.345
960.531	771.784
959.421	770.250
958.323	768.746
957.237	767.277
956.167	765.846
955.116	764.456
954.086	763.112
953.079	761.816
952.091	760.566
951.117	759.360
950.152	758.194
949.189	757.065
948.224	755.970
947.252	754.905
946.266	753.868
945.261	752.856
944.233	751.864
943.175	750.890
942.083	749.932
940.950	748.985
939.772	748.046
938.543	747.113
937.258	746.181
935.911	745.249
934.509	744.313
933.059	743.369
931.569	742.413
930.047	741.444
928.501	740.457
926.941	739.450
925.373	738.418
923.806	737.359
922.248	736.269
920.708	735.145
919.193	733.984
917.712	732.783
916.272	731.537
914.883	730.244
913.552	728.901
912.287	727.504
911.097	726.049
909.990	724.535
908.974	722.956
908.053	721.313
907.224	719.609
906.479	717.853
905.809	716.050
905.207	714.208
904.666	712.333
904.177	710.432
903.734	708.513
903.328	706.582
902.953	704.645
902.599	702.710
902.261	700.783
901.929	698.872
901.597	696.982
901.257	695.122
900.901	693.297
900.522	691.515
900.111	689.782
899.662	688.106
899.166	686.492
898.617	684.948
898.015	683.471
897.364	682.054
896.670	680.689
895.935	679.371
895.166	678.091
894.366	676.842
893.540	675.618
892.693	674.411
891.829	673.215
890.953	672.021
890.070	670.823
889.183	669.614
888.298	668.386
887.419	667.133
886.550	665.847
885.697	664.521
884.862	663.153
884.049	661.748
883.259	660.310
882.495	658.844
881.759	657.356
881.053	655.851
880.380	654.333
879.742	652.808
879.141	651.280
878.579	649.756
878.058	648.239
877.582	646.735
877.151	645.249
876.770	643.785
876.438	642.350
876.160	640.948
875.937	639.583
875.770	638.258
875.654	636.964
875.588	635.697
875.567	634.448
875.587	633.211
875.647	631.979
875.741	630.746
875.866	629.503
876.020	628.245
876.198	626.964
876.398	625.654
876.615	624.307
876.846	622.918
877.088	621.478
877.338	619.987
877.598	618.450
877.868	616.874
878.147	615.266
878.437	613.631
878.738	611.976
879.050	610.308
879.374	608.633
879.710	606.957
880.059	605.288
880.422	603.631
880.797	601.993
881.187	600.381
881.592	598.801
882.011	597.259
882.446	595.762
882.897	594.316
883.363	592.928
883.842	591.600
884.326	590.335
884.811	589.134
885.290	587.998
885.757	586.931
886.206	585.932
886.632	585.005
887.029	584.150
887.390	583.370
887.710	582.667
887.983	582.041
888.206	581.491
888.388	580.994
888.546	580.520
888.694	580.040
888.845	579.525
889.016	578.946
889.216	578.283
889.448	577.544
889.707	576.744
889.995	575.896
890.308	575.015
890.645	574.115
891.005	573.209
891.386	572.312
891.786	571.438
892.204	570.601
892.633	569.802
893.061	569.034
893.476	568.285
893.867	567.545
894.220	566.805
894.525	566.056
894.768	565.286
894.939	564.485
895.025	563.645
895.032	562.763
894.985	561.844
894.913	560.896
894.843	559.924
894.802	558.937
894.818	557.941
894.919	556.943
895.131	555.948
895.482	554.965
896.000	554.000
