X	Y
1065.667	666.333
1064.639	668.212
1064.044	670.451
1063.800	672.940
1063.825	675.571
1064.037	678.233
1064.354	680.817
1064.705	683.237
1065.062	685.490
1065.405	687.590
1065.713	689.548
1065.966	691.380
1066.145	693.100
1066.258	694.746
1066.316	696.361
1066.333	697.989
1066.334	699.664
1066.408	701.329
1066.682	702.889
1067.277	704.249
1068.281	705.345
1069.593	706.272
1071.056	707.177
1072.511	708.205
1073.834	709.457
1075.076	710.794
1076.351	711.994
1077.773	712.832
1079.442	713.111
1081.268	712.964
1083.037	712.744
1084.532	712.813
1085.550	713.509
1086.123	714.854
1086.460	716.631
1086.772	718.614
1087.270	720.583
1088.033	722.377
1089.005	723.906
1090.124	725.082
1091.328	725.816
1092.574	726.107
1093.857	726.106
1095.176	725.983
1096.527	725.865
1097.906	725.767
1099.307	725.685
1100.717	725.627
1102.066	725.700
1103.253	726.064
1104.176	726.866
1104.723	728.025
1104.777	729.279
1104.238	730.385
1103.231	731.346
1102.025	732.320
1100.891	733.469
1100.031	734.891
1099.450	736.497
1099.116	738.167
1098.998	739.777
1099.074	741.236
1099.353	742.549
1099.852	743.740
1100.579	744.840
1101.478	745.929
1102.460	747.113
1103.437	748.497
1104.345	750.143
1105.202	751.987
1106.034	753.941
1106.872	755.917
1107.744	757.827
1108.667	759.619
1109.622	761.345
1110.584	763.081
1111.525	764.900
1112.421	766.876
1113.250	769.062
1114.003	771.450
1114.676	774.019
1115.262	776.748
1115.757	779.618
1116.155	782.607
1116.450	785.696
1116.666	788.852
1116.855	792.031
1117.073	795.187
1117.376	798.276
1117.817	801.251
1118.453	804.067
1119.339	806.680
1120.510	809.054
1121.923	811.195
1123.518	813.119
1125.231	814.840
1127.002	816.376
1128.769	817.742
1130.490	818.939
1132.187	819.916
1133.898	820.614
1135.661	820.971
1137.511	820.929
1139.468	820.506
1141.528	819.802
1143.689	818.924
1145.947	817.979
1148.298	817.071
1150.740	816.295
1153.269	815.677
1155.882	815.219
1158.578	814.928
1161.354	814.806
1164.206	814.858
1167.132	815.088
1170.128	815.490
1173.187	816.046
1176.301	816.732
1179.463	817.528
1182.664	818.411
1185.897	819.359
1189.156	820.352
1192.431	821.367
1195.723	822.389
1199.042	823.414
1202.396	824.438
1205.796	825.456
1209.252	826.464
1212.774	827.458
1216.372	828.435
1220.056	829.390
1223.835	830.319
1227.709	831.220
1231.668	832.094
1235.700	832.941
1239.797	833.763
1243.947	834.559
1248.140	835.330
1252.365	836.077
1256.612	836.800
1260.871	837.500
1265.130	838.178
1269.389	838.833
1273.657	839.468
1277.949	840.083
1282.279	840.679
1286.659	841.257
1291.103	841.818
1295.625	842.364
1300.237	842.894
1304.954	843.411
1309.789	843.915
1314.756	844.407
1319.857	844.887
1325.071	845.355
1330.372	845.809
1335.734	846.248
1341.132	846.672
1346.540	847.077
1351.931	847.464
1357.280	847.832
1362.561	848.178
1367.748	848.502
1372.816	848.802
1377.738	849.077
1382.489	849.326
1387.068	849.549
1391.514	849.744
1395.868	849.911
1400.174	850.051
1404.474	850.163
1408.809	850.247
1413.222	850.303
1417.755	850.330
1422.451	850.328
1427.352	850.297
1432.500	850.236
1437.916	850.145
1443.572	850.017
1449.433	849.846
1455.464	849.626
1461.632	849.352
1467.900	849.017
1474.234	848.615
1480.601	848.141
1486.964	847.588
1493.289	846.950
1499.541	846.222
1505.686	845.397
1511.689	844.469
1517.514	843.432
1523.129	842.280
1528.517	841.020
1533.694	839.675
1538.677	838.271
1543.484	836.834
1548.134	835.389
1552.644	833.962
1557.032	832.578
1561.316	831.265
1565.515	830.046
1569.645	828.948
1573.724	827.998
1577.772	827.217
1581.803	826.604
1585.834	826.132
1589.879	825.776
1593.955	825.512
1598.076	825.313
1602.257	825.155
1606.515	825.011
1610.865	824.857
1615.321	824.667
1619.899	824.416
1624.604	824.089
1629.418	823.688
1634.327	823.217
1639.311	822.681
1644.354	822.084
1649.439	821.429
1654.549	820.721
1659.666	819.964
1664.774	819.161
1669.854	818.318
1674.890	817.438
1679.865	816.525
1684.764	815.584
1689.579	814.616
1694.308	813.625
1698.944	812.612
1703.485	811.581
1707.927	810.534
1712.263	809.474
1716.492	808.402
1720.608	807.322
1724.608	806.236
1728.486	805.147
1732.242	804.056
1735.889	802.956
1739.446	801.839
1742.932	800.697
1746.367	799.520
1749.770	798.299
1753.160	797.027
1756.556	795.693
1759.978	794.290
1763.441	792.809
1766.939	791.255
1770.453	789.637
1773.966	787.961
1777.459	786.238
1780.916	784.476
1784.317	782.682
1787.646	780.866
1790.884	779.036
1794.014	777.201
1797.037	775.362
1799.974	773.513
1802.849	771.647
1805.685	769.758
1808.504	767.839
1811.330	765.883
1814.186	763.884
1817.095	761.835
1820.075	759.730
1823.119	757.568
1826.210	755.349
1829.335	753.073
1832.476	750.742
1835.619	748.354
1838.747	745.911
1841.846	743.413
1844.900	740.859
1847.893	738.251
1850.819	735.593
1853.677	732.901
1856.472	730.187
1859.204	727.465
1861.877	724.749
1864.493	722.053
1867.054	719.391
1869.562	716.775
1872.020	714.221
1874.433	711.731
1876.814	709.281
1879.178	706.840
1881.542	704.378
1883.918	701.865
1886.323	699.270
1888.770	696.564
1891.276	693.715
1893.855	690.694
1896.512	687.492
1899.243	684.123
1902.040	680.602
1904.898	676.946
1907.810	673.170
1910.771	669.290
1913.774	665.323
1916.812	661.283
1919.881	657.188
1922.973	653.052
1926.083	648.892
1929.204	644.723
1932.328	640.555
1935.447	636.392
1938.552	632.242
1941.634	628.110
1944.684	624.002
1947.694	619.923
1950.655	615.880
1953.558	611.879
1956.394	607.926
1959.156	604.025
1961.833	600.184
1964.417	596.408
1966.901	592.698
1969.278	589.053
1971.543	585.470
1973.690	581.945
1975.712	578.476
1977.604	575.059
1979.359	571.693
1980.972	568.374
1982.437	565.099
1983.747	561.865
1984.905	558.671
1985.921	555.514
1986.802	552.394
1987.557	549.308
1988.195	546.256
1988.726	543.235
1989.156	540.245
1989.495	537.284
1989.736	534.362
1989.866	531.491
1989.873	528.684
1989.743	525.955
1989.464	523.315
1989.024	520.780
1988.415	518.352
1987.655	516.005
1986.771	513.698
1985.786	511.393
1984.727	509.050
1983.619	506.631
1982.485	504.102
1981.320	501.477
1980.107	498.799
1978.826	496.107
1977.459	493.444
1975.990	490.849
1974.397	488.363
1972.665	486.027
1970.779	483.842
1968.730	481.781
1966.508	479.816
1964.104	477.919
1961.508	476.062
1958.710	474.216
1955.701	472.354
1952.480	470.455
1949.080	468.528
1945.542	466.592
1941.910	464.665
1938.226	462.764
1934.531	460.908
1930.867	459.115
1927.278	457.402
1923.804	455.787
1920.488	454.289
1917.341	452.915
1914.313	451.656
1911.351	450.499
1908.400	449.433
1905.404	448.445
1902.308	447.524
1899.058	446.657
1895.600	445.833
1891.900	445.042
1887.975	444.287
1883.849	443.567
1879.544	442.884
1875.085	442.240
1870.494	441.636
1865.793	441.073
1861.008	440.553
1856.160	440.077
1851.273	439.646
1846.371	439.262
1841.467	438.925
1836.558	438.636
1831.639	438.395
1826.703	438.200
1821.745	438.052
1816.757	437.950
1811.735	437.895
1806.671	437.885
1801.560	437.921
1796.396	438.003
1791.172	438.129
1785.883	438.301
1780.523	438.517
1775.093	438.780
1769.595	439.092
1764.031	439.457
1758.404	439.877
1752.716	440.354
1746.971	440.892
1741.170	441.493
1735.316	442.160
1729.412	442.896
1723.459	443.703
1717.461	444.585
1711.420	445.543
1705.339	446.581
1699.220	447.701
1693.068	448.900
1686.889	450.172
1680.691	451.509
1674.480	452.905
1668.262	454.354
1662.045	455.847
1655.834	457.380
1649.637	458.944
1643.460	460.534
1637.309	462.142
1631.192	463.761
1625.115	465.385
1619.083	467.008
1613.106	468.621
1607.188	470.219
1601.335	471.797
1595.547	473.356
1589.823	474.899
1584.164	476.427
1578.568	477.943
1573.036	479.448
1567.567	480.946
1562.160	482.439
1556.815	483.928
1551.532	485.415
1546.311	486.904
1541.151	488.396
1536.051	489.893
1531.011	491.397
1526.027	492.911
1521.086	494.435
1516.177	495.970
1511.287	497.516
1506.402	499.075
1501.511	500.646
1496.601	502.231
1491.658	503.830
1486.672	505.444
1481.628	507.074
1476.515	508.720
1471.319	510.383
1466.028	512.064
1460.636	513.764
1455.141	515.486
1449.543	517.232
1443.843	519.004
1438.040	520.805
1432.134	522.636
1426.124	524.502
1420.010	526.403
1413.793	528.342
1407.471	530.322
1401.046	532.345
1394.516	534.413
1387.881	536.529
1381.142	538.695
1374.297	540.914
1367.349	543.187
1360.308	545.514
1353.193	547.891
1346.020	550.317
1338.807	552.789
1331.572	555.303
1324.332	557.858
1317.105	560.451
1309.907	563.078
1302.758	565.739
1295.674	568.429
1288.672	571.146
1281.771	573.888
1274.987	576.653
1268.339	579.436
1261.843	582.236
1255.518	585.050
1249.380	587.876
1243.446	590.711
1237.718	593.550
1232.185	596.391
1226.836	599.227
1221.661	602.055
1216.649	604.871
1211.790	607.669
1207.073	610.446
1202.487	613.197
1198.021	615.917
1193.666	618.603
1189.410	621.248
1185.243	623.850
1181.154	626.404
1177.133	628.905
1173.173	631.350
1169.268	633.737
1165.412	636.062
1161.598	638.321
1157.821	640.514
1154.074	642.635
1150.352	644.683
1146.647	646.653
1142.954	648.545
1139.266	650.353
1135.586	652.074
1131.929	653.697
1128.315	655.213
1124.764	656.611
1121.294	657.882
1117.926	659.014
1114.678	659.997
1111.570	660.823
1108.622	661.479
1105.849	661.977
1103.261	662.365
1100.870	662.696
1098.684	663.024
1096.713	663.402
1094.965	663.881
1093.397	664.450
1091.898	665.014
1090.357	665.475
1088.661	665.738
1086.787	665.761
1084.830	665.583
1082.892	665.245
1081.077	664.790
1079.470	664.263
1078.004	663.737
1076.538	663.295
1074.929	663.021
1073.064	662.996
1071.036	663.273
1069.014	663.893
1067.168	664.899
1065.667	666.333
