X	Y
66.350	141.423
66.465	141.288
66.598	141.164
66.748	141.051
66.915	140.949
67.096	140.856
67.291	140.771
67.498	140.695
67.716	140.625
67.944	140.562
68.181	140.504
68.425	140.451
68.675	140.402
68.930	140.356
69.188	140.312
69.450	140.270
69.714	140.230
69.981	140.192
70.249	140.157
70.520	140.125
70.792	140.095
71.066	140.068
71.341	140.045
71.618	140.024
71.895	140.008
72.173	139.994
72.451	139.985
72.729	139.980
73.008	139.979
73.286	139.982
73.564	139.990
73.842	140.002
74.118	140.020
74.395	140.042
74.671	140.069
74.948	140.100
75.226	140.135
75.506	140.175
75.788	140.219
76.071	140.266
76.358	140.317
76.648	140.372
76.942	140.431
77.240	140.493
77.542	140.558
77.850	140.626
78.163	140.697
78.482	140.771
78.807	140.848
79.139	140.927
79.478	141.009
79.825	141.093
80.178	141.179
80.537	141.268
80.901	141.358
81.270	141.449
81.642	141.543
82.017	141.638
82.395	141.734
82.774	141.832
83.154	141.931
83.533	142.030
83.913	142.131
84.290	142.232
84.666	142.334
85.038	142.436
85.408	142.539
85.772	142.642
86.132	142.745
86.486	142.848
86.833	142.950
87.173	143.053
87.505	143.154
87.828	143.256
88.142	143.356
88.446	143.456
88.741	143.556
89.026	143.655
89.302	143.755
89.568	143.855
89.825	143.956
90.073	144.059
90.312	144.162
90.542	144.267
90.763	144.374
90.974	144.482
91.177	144.594
91.371	144.707
91.557	144.824
91.734	144.944
91.902	145.067
92.062	145.194
92.213	145.325
92.355	145.460
92.488	145.599
92.611	145.742
92.725	145.890
92.830	146.042
92.925	146.200
93.009	146.362
93.084	146.530
93.148	146.703
93.201	146.881
93.245	147.065
93.278	147.252
93.301	147.444
93.316	147.638
93.322	147.833
93.319	148.030
93.309	148.226
93.291	148.422
93.266	148.615
93.234	148.807
93.196	148.994
93.153	149.178
93.104	149.356
93.050	149.531
92.992	149.702
92.928	149.870
92.861	150.034
92.790	150.197
92.715	150.357
92.637	150.516
92.557	150.674
92.473	150.831
92.387	150.988
92.300	151.144
92.211	151.301
92.121	151.458
92.030	151.614
91.939	151.771
91.849	151.927
91.760	152.083
91.673	152.238
91.587	152.393
91.503	152.548
91.423	152.702
91.345	152.855
91.270	153.008
91.196	153.160
91.123	153.312
91.049	153.464
90.972	153.616
90.893	153.767
90.810	153.918
90.722	154.069
90.628	154.221
90.528	154.372
90.419	154.524
90.303	154.676
90.180	154.828
90.049	154.981
89.913	155.134
89.770	155.288
89.621	155.443
89.466	155.598
89.306	155.754
89.141	155.911
88.971	156.068
88.797	156.227
88.618	156.387
88.436	156.547
88.250	156.709
88.061	156.871
87.871	157.032
87.679	157.194
87.485	157.354
87.292	157.512
87.098	157.669
86.906	157.823
86.714	157.974
86.525	158.122
86.338	158.267
86.154	158.407
85.974	158.542
85.798	158.673
85.627	158.798
85.460	158.917
85.298	159.032
85.139	159.144
84.983	159.252
84.830	159.359
84.678	159.464
84.527	159.568
84.377	159.673
84.227	159.779
84.076	159.886
83.924	159.996
83.770	160.109
83.614	160.226
83.456	160.344
83.296	160.464
83.134	160.584
82.970	160.704
82.805	160.823
82.638	160.940
82.469	161.054
82.299	161.164
82.127	161.270
81.954	161.371
81.779	161.465
81.603	161.552
81.425	161.632
81.244	161.706
81.060	161.773
80.872	161.834
80.680	161.889
80.483	161.938
80.280	161.981
80.071	162.019
79.854	162.051
79.631	162.078
79.399	162.100
79.159	162.117
78.910	162.129
78.653	162.137
78.392	162.139
78.126	162.136
77.860	162.127
77.594	162.113
77.332	162.093
77.073	162.066
76.822	162.033
76.579	161.993
76.347	161.947
76.128	161.893
75.923	161.833
75.735	161.764
75.566	161.688
75.417	161.604
75.287	161.513
75.173	161.415
75.073	161.311
74.983	161.201
74.903	161.087
74.828	160.968
74.757	160.846
74.687	160.721
74.616	160.594
74.542	160.465
74.465	160.335
74.385	160.203
74.302	160.070
74.214	159.937
74.122	159.803
74.026	159.670
73.924	159.536
73.816	159.404
73.702	159.272
73.584	159.142
73.461	159.013
73.336	158.885
73.209	158.760
73.081	158.637
72.955	158.517
72.830	158.399
72.709	158.284
72.592	158.173
72.481	158.065
72.376	157.960
72.278	157.857
72.187	157.754
72.104	157.649
72.029	157.540
71.961	157.425
71.902	157.301
71.852	157.168
71.810	157.023
71.776	156.866
71.748	156.699
71.723	156.523
71.700	156.342
71.675	156.157
71.647	155.971
71.614	155.785
71.572	155.602
71.520	155.424
71.456	155.253
71.377	155.091
71.281	154.939
71.172	154.797
71.050	154.662
70.920	154.531
70.782	154.404
70.640	154.277
70.496	154.150
70.352	154.019
70.210	153.884
70.074	153.741
69.946	153.590
69.827	153.428
69.720	153.253
69.623	153.068
69.535	152.873
69.455	152.669
69.383	152.458
69.317	152.240
69.255	152.016
69.197	151.789
69.142	151.558
69.089	151.326
69.036	151.092
68.982	150.859
68.926	150.628
68.868	150.399
68.806	150.174
68.740	149.952
68.670	149.734
68.596	149.519
68.518	149.308
68.437	149.100
68.352	148.895
68.263	148.693
68.170	148.494
68.075	148.299
67.975	148.105
67.872	147.915
67.766	147.727
67.656	147.541
67.543	147.358
67.428	147.177
67.312	146.999
67.196	146.822
67.081	146.647
66.968	146.474
66.858	146.302
66.752	146.132
66.651	145.963
66.557	145.796
66.471	145.629
66.393	145.463
66.324	145.298
66.265	145.134
66.215	144.970
66.173	144.805
66.138	144.639
66.109	144.472
66.086	144.303
66.067	144.131
66.051	143.956
66.038	143.778
66.027	143.596
66.017	143.409
66.007	143.218
66.001	143.025
65.999	142.831
66.003	142.637
66.016	142.446
66.038	142.258
66.071	142.075
66.117	141.898
66.178	141.730
66.255	141.571
66.350	141.423
