X	Y
66.114	140.773
66.158	140.725
66.221	140.687
66.297	140.658
66.384	140.634
66.476	140.613
66.571	140.595
66.665	140.576
66.757	140.557
66.847	140.538
66.937	140.520
67.027	140.503
67.118	140.490
67.210	140.479
67.304	140.472
67.400	140.468
67.500	140.468
67.601	140.471
67.706	140.475
67.814	140.482
67.926	140.490
68.041	140.500
68.159	140.510
68.281	140.520
68.406	140.532
68.533	140.544
68.661	140.558
68.791	140.572
68.922	140.588
69.053	140.605
69.183	140.623
69.313	140.643
69.441	140.664
69.568	140.686
69.695	140.709
69.820	140.733
69.945	140.758
70.069	140.783
70.193	140.808
70.317	140.832
70.440	140.856
70.563	140.880
70.686	140.903
70.808	140.925
70.930	140.946
71.051	140.966
71.170	140.986
71.288	141.004
71.405	141.022
71.519	141.039
71.631	141.054
71.741	141.069
71.850	141.084
71.959	141.100
72.067	141.116
72.176	141.135
72.287	141.156
72.399	141.180
72.514	141.208
72.632	141.240
72.753	141.277
72.875	141.317
72.998	141.362
73.120	141.410
73.242	141.462
73.362	141.519
73.479	141.579
73.593	141.642
73.702	141.709
73.807	141.779
73.908	141.853
74.004	141.928
74.097	142.005
74.186	142.083
74.271	142.162
74.354	142.241
74.434	142.320
74.511	142.398
74.586	142.475
74.657	142.551
74.724	142.629
74.788	142.707
74.846	142.788
74.899	142.871
74.945	142.958
74.985	143.049
75.019	143.143
75.048	143.241
75.072	143.340
75.092	143.441
75.109	143.542
75.125	143.643
75.138	143.743
75.151	143.841
75.162	143.938
75.170	144.033
75.172	144.128
75.168	144.221
75.157	144.315
75.137	144.408
75.107	144.501
75.068	144.593
75.023	144.685
74.974	144.774
74.922	144.862
74.870	144.947
74.819	145.029
74.772	145.107
74.728	145.182
74.688	145.255
74.650	145.328
74.613	145.401
74.577	145.477
74.541	145.556
74.503	145.640
74.466	145.728
74.428	145.819
74.390	145.912
74.353	146.007
74.317	146.103
74.283	146.198
74.251	146.292
74.222	146.385
74.199	146.474
74.185	146.558
74.181	146.637
74.191	146.710
74.216	146.774
74.257	146.831
74.307	146.883
74.363	146.933
74.420	146.984
74.472	147.039
74.515	147.099
74.552	147.163
74.588	147.227
74.627	147.287
74.674	147.339
74.733	147.381
74.804	147.410
74.885	147.430
74.970	147.442
75.055	147.449
75.136	147.453
75.210	147.456
75.273	147.461
75.326	147.474
75.367	147.499
75.396	147.540
75.413	147.598
75.419	147.665
75.413	147.734
75.395	147.798
75.367	147.850
75.329	147.884
75.285	147.895
75.238	147.880
75.188	147.837
75.137	147.776
75.082	147.706
75.024	147.637
74.961	147.578
74.893	147.539
74.820	147.522
74.743	147.521
74.665	147.526
74.588	147.527
74.513	147.514
74.442	147.479
74.377	147.422
74.315	147.354
74.256	147.286
74.199	147.227
74.143	147.190
74.087	147.183
74.030	147.210
73.970	147.264
73.907	147.336
73.840	147.420
73.766	147.508
73.686	147.592
73.598	147.666
73.503	147.726
73.405	147.774
73.306	147.813
73.210	147.846
73.121	147.876
73.041	147.904
72.975	147.933
72.924	147.967
72.890	148.008
72.870	148.059
72.863	148.125
72.870	148.206
72.884	148.300
72.903	148.400
72.919	148.500
72.928	148.593
72.925	148.674
72.905	148.736
72.866	148.776
72.819	148.805
72.775	148.834
72.746	148.872
72.739	148.926
72.751	148.994
72.778	149.071
72.816	149.152
72.862	149.233
72.910	149.308
72.959	149.377
73.012	149.439
73.069	149.494
73.131	149.544
73.200	149.588
73.278	149.627
73.364	149.661
73.455	149.693
73.548	149.725
73.638	149.758
73.723	149.794
73.800	149.835
73.865	149.884
73.917	149.940
73.961	150.004
73.999	150.075
74.035	150.153
74.074	150.236
74.117	150.325
74.168	150.418
74.221	150.511
74.271	150.600
74.313	150.682
74.339	150.751
74.345	150.804
74.325	150.836
74.285	150.847
74.234	150.835
74.184	150.801
74.140	150.746
74.101	150.676
74.065	150.593
74.031	150.502
73.997	150.407
73.961	150.312
73.922	150.221
73.880	150.137
73.833	150.061
73.782	149.994
73.726	149.940
73.664	149.899
73.597	149.874
73.526	149.860
73.451	149.854
73.375	149.849
73.301	149.839
73.229	149.819
73.161	149.783
73.097	149.735
73.035	149.676
72.976	149.611
72.918	149.544
72.861	149.477
72.803	149.414
72.746	149.353
72.694	149.292
72.649	149.227
72.615	149.153
72.595	149.068
72.591	148.969
72.603	148.856
72.623	148.739
72.647	148.625
72.667	148.522
72.677	148.438
72.671	148.381
72.644	148.358
72.592	148.371
72.521	148.413
72.434	148.476
72.335	148.553
72.228	148.637
72.116	148.722
72.003	148.799
71.893	148.861
71.789	148.906
71.691	148.936
71.597	148.955
71.509	148.965
71.425	148.971
71.345	148.974
71.269	148.979
71.198	148.988
71.128	148.998
71.060	149.008
70.993	149.017
70.925	149.023
70.856	149.026
70.787	149.024
70.717	149.016
70.647	149.002
70.579	148.981
70.513	148.953
70.448	148.917
70.383	148.874
70.318	148.824
70.251	148.767
70.182	148.704
70.111	148.635
70.036	148.561
69.959	148.482
69.879	148.401
69.797	148.317
69.713	148.231
69.628	148.146
69.541	148.061
69.454	147.977
69.367	147.896
69.279	147.817
69.192	147.741
69.106	147.667
69.021	147.595
68.938	147.525
68.858	147.456
68.780	147.389
68.705	147.324
68.633	147.259
68.563	147.195
68.495	147.131
68.428	147.066
68.360	146.999
68.292	146.930
68.223	146.858
68.151	146.783
68.079	146.706
68.005	146.626
67.932	146.544
67.858	146.461
67.785	146.378
67.714	146.293
67.644	146.209
67.576	146.124
67.510	146.040
67.446	145.955
67.383	145.870
67.322	145.785
67.262	145.699
67.203	145.612
67.146	145.525
67.089	145.436
67.033	145.347
66.978	145.257
66.923	145.167
66.869	145.077
66.816	144.988
66.762	144.899
66.709	144.811
66.656	144.724
66.604	144.639
66.555	144.558
66.507	144.482
66.464	144.410
66.425	144.345
66.391	144.287
66.362	144.235
66.337	144.184
66.315	144.130
66.295	144.068
66.277	143.996
66.259	143.916
66.243	143.828
66.230	143.737
66.218	143.644
66.209	143.552
66.202	143.464
66.198	143.380
66.196	143.299
66.194	143.221
66.191	143.144
66.186	143.068
66.178	142.991
66.167	142.912
66.155	142.832
66.142	142.751
66.129	142.669
66.119	142.586
66.112	142.502
66.110	142.417
66.110	142.332
66.112	142.247
66.114	142.161
66.115	142.076
66.114	141.991
66.110	141.908
66.103	141.826
66.094	141.746
66.085	141.669
66.076	141.595
66.068	141.525
66.063	141.460
66.061	141.399
66.062	141.343
66.066	141.291
66.073	141.244
66.081	141.198
66.088	141.150
66.091	141.096
66.088	141.034
66.082	140.967
66.081	140.897
66.089	140.831
66.114	140.773
