X	Y
728.000	572.000
727.808	575.310
727.575	578.632
727.303	581.966
726.996	585.307
726.655	588.655
726.282	592.005
725.882	595.356
725.455	598.704
725.005	602.048
724.533	605.385
724.043	608.713
723.538	612.026
723.027	615.313
722.521	618.558
722.030	621.746
721.565	624.860
721.138	627.886
720.758	630.808
720.436	633.610
720.183	636.278
720.011	638.795
719.924	641.154
719.907	643.386
719.936	645.534
719.986	647.644
720.034	649.757
720.055	651.919
720.027	654.173
719.927	656.558
719.778	659.064
719.628	661.644
719.526	664.249
719.524	666.833
719.670	669.349
720.015	671.749
720.607	673.986
721.496	676.013
722.689	677.804
724.155	679.348
725.861	680.637
727.776	681.664
729.867	682.418
732.102	682.893
734.448	683.084
736.870	683.047
739.327	682.888
741.782	682.709
744.195	682.616
746.528	682.712
748.742	683.102
750.797	683.891
752.666	685.161
754.373	686.878
755.964	688.966
757.483	691.351
758.974	693.958
760.483	696.712
762.053	699.538
763.730	702.361
765.559	705.106
767.582	707.699
769.792	710.105
772.083	712.362
774.343	714.514
776.455	716.607
778.307	718.685
779.783	720.794
780.770	722.979
781.154	725.284
780.820	727.755
779.779	730.384
778.250	733.081
776.469	735.747
774.676	738.281
773.108	740.584
772.006	742.556
771.605	744.098
772.146	745.110
773.753	745.551
776.260	745.532
779.453	745.188
783.117	744.654
787.040	744.066
791.008	743.558
794.805	743.267
798.219	743.326
801.036	743.872
803.041	745.040
804.103	746.899
804.397	749.273
804.166	751.931
803.654	754.640
803.106	757.171
802.765	759.289
802.877	760.765
803.659	761.396
805.110	761.232
807.115	760.454
809.561	759.240
812.334	757.771
815.319	756.226
818.402	754.786
821.469	753.629
824.406	752.936
827.141	752.822
829.712	753.228
832.175	754.068
834.589	755.258
837.007	756.711
839.488	758.342
842.087	760.066
844.861	761.796
847.866	763.448
851.154	764.940
854.719	766.248
858.512	767.387
862.488	768.372
866.598	769.218
870.794	769.942
875.029	770.558
879.255	771.083
883.425	771.531
887.490	771.919
891.404	772.261
895.119	772.573
898.586	772.871
901.761	773.170
904.651	773.472
907.301	773.769
909.763	774.055
912.085	774.321
914.315	774.561
916.504	774.766
918.701	774.928
920.953	775.041
923.293	775.096
925.728	775.089
928.266	775.014
930.914	774.864
933.680	774.634
936.571	774.318
939.595	773.910
942.758	773.404
946.068	772.795
949.513	772.081
953.048	771.270
956.628	770.369
960.205	769.386
963.732	768.328
967.164	767.202
970.454	766.017
973.555	764.780
976.420	763.499
979.003	762.181
981.258	760.833
983.147	759.459
984.665	758.046
985.809	756.583
986.577	755.054
986.967	753.446
986.978	751.745
986.628	749.943
985.988	748.035
985.140	746.023
984.165	743.905
983.142	741.682
982.152	739.354
981.276	736.919
980.591	734.379
980.116	731.750
979.830	729.060
979.715	726.336
979.749	723.608
979.911	720.902
980.181	718.246
980.539	715.668
980.963	713.197
981.442	710.857
982.010	708.660
982.715	706.614
983.605	704.725
984.730	703.002
986.137	701.452
987.874	700.083
989.976	698.893
992.404	697.844
995.098	696.885
997.997	695.967
1001.041	695.039
1004.169	694.049
1007.323	692.948
1010.440	691.686
1013.461	690.211
1016.326	688.474
1018.981	686.433
1021.434	684.134
1023.723	681.668
1025.886	679.122
1027.963	676.588
1029.990	674.154
1032.007	671.910
1034.053	669.945
1036.165	668.351
1038.382	667.215
1040.734	666.612
1043.165	666.465
1045.572	666.616
1047.854	666.906
1049.910	667.178
1051.636	667.273
1052.930	667.033
1053.713	666.330
1054.010	665.199
1053.880	663.722
1053.384	661.981
1052.578	660.058
1051.513	658.011
1050.230	655.877
1048.767	653.688
1047.164	651.482
1045.460	649.290
1043.696	647.149
1041.911	645.092
1040.144	643.154
1038.429	641.359
1036.763	639.674
1035.132	638.049
1033.524	636.433
1031.924	634.777
1030.320	633.029
1028.698	631.139
1027.044	629.058
1025.354	626.745
1023.659	624.214
1022.002	621.490
1020.423	618.599
1018.966	615.566
1017.671	612.417
1016.580	609.178
1015.735	605.875
1015.178	602.532
1014.951	599.177
1015.094	595.834
1015.593	592.528
1016.352	589.277
1017.266	586.102
1018.232	583.022
1019.148	580.057
1019.909	577.227
1020.413	574.552
1020.556	572.050
1020.235	569.742
1019.355	567.646
1017.924	565.753
1016.016	564.038
1013.709	562.477
1011.079	561.043
1008.202	559.712
1005.156	558.458
1002.016	557.256
998.859	556.081
995.762	554.908
992.779	553.717
989.898	552.511
987.092	551.297
984.335	550.081
981.599	548.870
978.859	547.670
976.087	546.487
973.257	545.329
970.343	544.201
967.318	543.110
964.162	542.063
960.885	541.068
957.512	540.135
954.064	539.273
950.565	538.491
947.037	537.799
943.503	537.205
939.985	536.718
936.508	536.349
933.092	536.106
929.762	535.998
926.540	536.035
923.434	536.207
920.441	536.487
917.556	536.846
914.773	537.256
912.088	537.689
909.494	538.115
906.987	538.505
904.562	538.833
902.213	539.067
899.933	539.183
897.708	539.155
895.528	538.958
893.378	538.568
891.246	537.960
889.120	537.109
886.987	535.992
884.840	534.594
882.693	532.945
880.569	531.083
878.487	529.048
876.467	526.880
874.530	524.618
872.698	522.301
870.989	519.969
869.425	517.661
868.021	515.417
866.741	513.274
865.519	511.271
864.287	509.443
862.981	507.830
861.533	506.469
859.876	505.396
857.948	504.647
855.754	504.197
853.362	503.966
850.842	503.872
848.266	503.834
845.704	503.768
843.227	503.594
840.905	503.228
838.805	502.595
836.916	501.696
835.167	500.598
833.482	499.369
831.790	498.077
830.015	496.790
828.084	495.577
825.926	494.503
823.528	493.597
820.937	492.850
818.206	492.249
815.385	491.782
812.526	491.435
809.679	491.198
806.896	491.057
804.228	491.001
801.724	491.016
799.391	491.091
797.194	491.213
795.099	491.368
793.071	491.545
791.073	491.730
789.070	491.911
787.029	492.075
784.937	492.219
782.808	492.351
780.656	492.478
778.496	492.606
776.342	492.745
774.209	492.900
772.111	493.080
770.050	493.290
768.014	493.530
765.989	493.803
763.964	494.110
761.923	494.453
759.855	494.834
757.747	495.253
755.612	495.714
753.480	496.218
751.380	496.771
749.345	497.373
747.404	498.030
745.588	498.742
743.925	499.515
742.405	500.362
740.998	501.302
739.669	502.353
738.385	503.537
737.114	504.873
735.831	506.374
734.551	508.034
733.305	509.835
732.124	511.761
731.036	513.796
730.073	515.925
729.265	518.130
728.639	520.396
728.193	522.718
727.903	525.099
727.744	527.543
727.691	530.051
727.718	532.627
727.800	535.274
727.914	537.994
728.032	540.792
728.139	543.667
728.230	546.612
728.300	549.623
728.349	552.692
728.372	555.815
728.367	558.983
728.330	562.192
728.258	565.436
728.149	568.707
728.000	572.000
