X	Y
5.114	2.641
5.118	2.637
5.123	2.632
5.128	2.627
5.134	2.623
5.141	2.619
5.148	2.615
5.155	2.612
5.164	2.608
5.172	2.605
5.181	2.602
5.191	2.599
5.201	2.597
5.211	2.594
5.222	2.592
5.233	2.589
5.245	2.587
5.257	2.585
5.269	2.584
5.281	2.582
5.293	2.580
5.306	2.579
5.319	2.577
5.332	2.576
5.345	2.575
5.358	2.574
5.371	2.573
5.385	2.572
5.398	2.571
5.411	2.570
5.425	2.569
5.438	2.569
5.451	2.568
5.464	2.567
5.477	2.567
5.490	2.566
5.502	2.565
5.515	2.565
5.527	2.564
5.539	2.564
5.551	2.563
5.563	2.563
5.574	2.562
5.586	2.562
5.597	2.561
5.608	2.561
5.619	2.560
5.630	2.560
5.640	2.559
5.651	2.559
5.661	2.558
5.672	2.558
5.682	2.557
5.692	2.557
5.702	2.556
5.712	2.556
5.722	2.555
5.732	2.555
5.742	2.554
5.752	2.554
5.762	2.553
5.771	2.553
5.781	2.552
5.791	2.552
5.800	2.551
5.810	2.551
5.820	2.550
5.829	2.550
5.839	2.549
5.849	2.549
5.859	2.548
5.868	2.548
5.878	2.547
5.888	2.547
5.898	2.546
5.908	2.545
5.918	2.545
5.928	2.544
5.938	2.544
5.948	2.543
5.958	2.543
5.968	2.542
5.978	2.541
5.988	2.541
5.998	2.540
6.008	2.540
6.018	2.539
6.029	2.539
6.039	2.538
6.049	2.538
6.059	2.538
6.070	2.537
6.080	2.537
6.090	2.536
6.101	2.536
6.111	2.536
6.121	2.535
6.132	2.535
6.142	2.535
6.153	2.535
6.163	2.535
6.174	2.535
6.184	2.535
6.194	2.534
6.205	2.535
6.215	2.535
6.226	2.535
6.236	2.535
6.247	2.535
6.258	2.535
6.268	2.535
6.279	2.536
6.289	2.536
6.300	2.536
6.311	2.537
6.321	2.537
6.332	2.538
6.343	2.538
6.354	2.539
6.364	2.539
6.375	2.540
6.386	2.540
6.397	2.541
6.408	2.541
6.419	2.542
6.430	2.543
6.441	2.543
6.452	2.544
6.463	2.544
6.475	2.545
6.486	2.546
6.497	2.546
6.509	2.547
6.520	2.548
6.531	2.548
6.543	2.549
6.555	2.550
6.566	2.550
6.578	2.551
6.590	2.552
6.602	2.552
6.613	2.553
6.625	2.554
6.637	2.554
6.649	2.555
6.662	2.556
6.674	2.556
6.686	2.557
6.698	2.557
6.711	2.558
6.723	2.559
6.735	2.559
6.748	2.560
6.760	2.560
6.773	2.561
6.785	2.562
6.798	2.562
6.810	2.563
6.823	2.564
6.836	2.564
6.848	2.565
6.861	2.566
6.874	2.566
6.886	2.567
6.899	2.568
6.912	2.568
6.924	2.569
6.937	2.570
6.950	2.570
6.962	2.571
6.975	2.572
6.988	2.572
7.000	2.573
7.013	2.574
7.026	2.575
7.038	2.575
7.051	2.576
7.063	2.577
7.076	2.578
7.088	2.579
7.101	2.580
7.113	2.580
7.126	2.581
7.138	2.582
7.150	2.583
7.163	2.584
7.175	2.585
7.187	2.586
7.200	2.587
7.212	2.588
7.224	2.589
7.236	2.590
7.248	2.591
7.261	2.592
7.273	2.593
7.285	2.595
7.297	2.596
7.309	2.597
7.322	2.598
7.334	2.599
7.346	2.600
7.358	2.602
7.370	2.603
7.383	2.604
7.395	2.605
7.407	2.607
7.419	2.608
7.431	2.609
7.444	2.611
7.456	2.612
7.468	2.613
7.481	2.615
7.493	2.616
7.506	2.617
7.518	2.619
7.530	2.620
7.543	2.622
7.556	2.623
7.568	2.625
7.581	2.626
7.593	2.628
7.606	2.629
7.619	2.631
7.632	2.632
7.644	2.634
7.657	2.635
7.670	2.637
7.683	2.639
7.696	2.640
7.709	2.642
7.722	2.643
7.735	2.645
7.747	2.646
7.760	2.648
7.773	2.650
7.786	2.651
7.799	2.653
7.811	2.654
7.824	2.656
7.837	2.657
7.849	2.659
7.862	2.660
7.875	2.662
7.887	2.663
7.899	2.665
7.912	2.666
7.924	2.667
7.936	2.669
7.948	2.670
7.960	2.671
7.972	2.672
7.984	2.674
7.995	2.675
8.007	2.676
8.018	2.677
8.030	2.678
8.041	2.679
8.052	2.680
8.063	2.681
8.074	2.682
8.084	2.683
8.095	2.683
8.105	2.684
8.115	2.685
8.125	2.685
8.135	2.686
8.145	2.687
8.155	2.687
8.164	2.688
8.173	2.689
8.182	2.689
8.191	2.690
8.200	2.691
8.209	2.691
8.217	2.692
8.225	2.693
8.233	2.694
8.241	2.695
8.249	2.696
8.257	2.698
8.264	2.699
8.271	2.701
8.278	2.702
8.285	2.704
8.292	2.706
8.298	2.708
8.305	2.710
8.311	2.712
8.317	2.715
8.322	2.718
8.328	2.721
8.333	2.724
8.338	2.727
8.343	2.730
8.348	2.734
8.353	2.737
8.357	2.741
8.362	2.745
8.366	2.748
8.370	2.752
8.374	2.756
8.377	2.760
8.381	2.764
8.384	2.768
8.388	2.772
8.391	2.776
8.394	2.780
8.396	2.784
8.399	2.788
8.401	2.792
8.404	2.796
8.406	2.800
8.408	2.804
8.410	2.808
8.412	2.812
8.414	2.816
8.416	2.820
8.418	2.824
8.420	2.828
8.421	2.833
8.423	2.837
8.424	2.842
8.426	2.847
8.427	2.852
8.429	2.857
8.430	2.862
8.431	2.867
8.433	2.872
8.434	2.878
8.435	2.883
8.436	2.889
8.437	2.895
8.437	2.901
8.438	2.907
8.438	2.913
8.439	2.919
8.439	2.925
8.439	2.931
8.439	2.938
8.438	2.944
8.438	2.951
8.437	2.958
8.436	2.964
8.435	2.971
8.433	2.978
8.432	2.985
8.430	2.992
8.428	2.999
8.426	3.005
8.424	3.012
8.422	3.019
8.419	3.026
8.416	3.033
8.413	3.039
8.410	3.046
8.407	3.053
8.404	3.059
8.400	3.065
8.397	3.071
8.393	3.077
8.389	3.083
8.385	3.089
8.381	3.094
8.377	3.100
8.372	3.105
8.368	3.110
8.363	3.115
8.358	3.119
8.354	3.124
8.349	3.128
8.344	3.133
8.338	3.137
8.333	3.141
8.328	3.145
8.322	3.149
8.317	3.154
8.311	3.158
8.305	3.162
8.299	3.166
8.293	3.170
8.287	3.174
8.281	3.179
8.275	3.183
8.268	3.188
8.262	3.193
8.255	3.197
8.249	3.202
8.242	3.208
8.235	3.213
8.228	3.218
8.221	3.224
8.215	3.229
8.208	3.235
8.201	3.241
8.194	3.247
8.187	3.253
8.180	3.260
8.173	3.266
8.166	3.272
8.159	3.278
8.152	3.285
8.145	3.291
8.138	3.298
8.131	3.304
8.125	3.311
8.118	3.317
8.111	3.324
8.105	3.330
8.099	3.337
8.092	3.343
8.086	3.349
8.080	3.356
8.074	3.362
8.069	3.368
8.063	3.374
8.058	3.380
8.052	3.386
8.047	3.392
8.042	3.398
8.038	3.403
8.033	3.409
8.028	3.414
8.024	3.420
8.019	3.425
8.015	3.430
8.011	3.435
8.006	3.440
8.002	3.445
7.998	3.450
7.994	3.454
7.990	3.459
7.986	3.463
7.981	3.468
7.977	3.472
7.973	3.476
7.969	3.480
7.964	3.484
7.960	3.488
7.955	3.492
7.951	3.496
7.946	3.499
7.941	3.503
7.936	3.506
7.931	3.510
7.926	3.513
7.921	3.516
7.916	3.520
7.910	3.523
7.905	3.526
7.899	3.529
7.893	3.532
7.887	3.535
7.881	3.538
7.875	3.541
7.869	3.544
7.862	3.547
7.855	3.550
7.849	3.554
7.842	3.557
7.834	3.560
7.827	3.563
7.820	3.566
7.812	3.569
7.805	3.572
7.797	3.576
7.789	3.579
7.781	3.582
7.773	3.586
7.765	3.589
7.757	3.592
7.748	3.596
7.740	3.599
7.732	3.602
7.724	3.606
7.715	3.609
7.707	3.613
7.699	3.616
7.690	3.620
7.682	3.623
7.674	3.627
7.666	3.631
7.658	3.634
7.650	3.638
7.642	3.642
7.634	3.645
7.626	3.649
7.619	3.653
7.611	3.656
7.604	3.660
7.596	3.664
7.589	3.668
7.582	3.672
7.575	3.676
7.568	3.679
7.561	3.683
7.554	3.687
7.548	3.691
7.541	3.695
7.534	3.699
7.528	3.703
7.521	3.707
7.514	3.711
7.508	3.715
7.501	3.719
7.495	3.723
7.488	3.727
7.481	3.730
7.475	3.734
7.468	3.738
7.461	3.742
7.454	3.746
7.448	3.750
7.441	3.754
7.434	3.758
7.427	3.762
7.420	3.766
7.413	3.770
7.405	3.774
7.398	3.777
7.391	3.781
7.383	3.785
7.376	3.789
7.368	3.793
7.360	3.797
7.352	3.800
7.344	3.804
7.336	3.808
7.328	3.812
7.320	3.815
7.312	3.819
7.303	3.823
7.295	3.827
7.286	3.830
7.278	3.834
7.269	3.838
7.260	3.842
7.251	3.845
7.241	3.849
7.232	3.853
7.223	3.856
7.213	3.860
7.203	3.863
7.193	3.867
7.183	3.871
7.173	3.874
7.163	3.878
7.153	3.881
7.143	3.885
7.132	3.888
7.122	3.892
7.111	3.895
7.101	3.898
7.090	3.902
7.080	3.905
7.069	3.908
7.059	3.911
7.048	3.914
7.038	3.917
7.027	3.920
7.017	3.923
7.006	3.926
6.996	3.929
6.986	3.932
6.976	3.934
6.966	3.937
6.956	3.940
6.946	3.942
6.937	3.944
6.927	3.947
6.918	3.949
6.909	3.951
6.900	3.953
6.892	3.955
6.883	3.956
6.875	3.958
6.867	3.960
6.859	3.961
6.852	3.963
6.844	3.964
6.837	3.965
6.830	3.966
6.823	3.967
6.816	3.968
6.810	3.969
6.803	3.969
6.797	3.970
6.790	3.971
6.784	3.971
6.778	3.971
6.772	3.972
6.765	3.972
6.759	3.972
6.753	3.972
6.747	3.972
6.741	3.973
6.734	3.972
6.728	3.972
6.722	3.972
6.715	3.972
6.709	3.972
6.702	3.972
6.695	3.971
6.688	3.971
6.682	3.970
6.675	3.970
6.667	3.969
6.660	3.969
6.653	3.968
6.646	3.967
6.638	3.967
6.630	3.966
6.623	3.965
6.615	3.964
6.607	3.963
6.599	3.962
6.591	3.960
6.583	3.959
6.574	3.958
6.566	3.956
6.557	3.955
6.548	3.953
6.539	3.951
6.530	3.950
6.521	3.948
6.512	3.946
6.503	3.944
6.493	3.942
6.484	3.939
6.474	3.937
6.464	3.935
6.455	3.932
6.445	3.930
6.435	3.927
6.425	3.924
6.415	3.922
6.405	3.919
6.395	3.916
6.385	3.913
6.375	3.909
6.365	3.906
6.355	3.903
6.345	3.899
6.335	3.896
6.325	3.892
6.315	3.888
6.305	3.884
6.295	3.881
6.285	3.876
6.275	3.872
6.266	3.868
6.256	3.864
6.247	3.859
6.237	3.855
6.228	3.850
6.218	3.845
6.209	3.841
6.200	3.836
6.191	3.831
6.182	3.826
6.174	3.820
6.165	3.815
6.156	3.810
6.148	3.804
6.139	3.799
6.131	3.793
6.122	3.788
6.114	3.782
6.106	3.777
6.098	3.771
6.089	3.765
6.081	3.759
6.073	3.754
6.065	3.748
6.057	3.742
6.049	3.737
6.040	3.731
6.032	3.725
6.024	3.719
6.016	3.714
6.008	3.708
5.999	3.703
5.991	3.697
5.983	3.691
5.974	3.686
5.966	3.681
5.957	3.675
5.949	3.670
5.940	3.665
5.931	3.660
5.923	3.655
5.914	3.650
5.905	3.645
5.896	3.640
5.887	3.635
5.878	3.630
5.869	3.626
5.860	3.621
5.850	3.616
5.841	3.611
5.832	3.607
5.823	3.602
5.813	3.597
5.804	3.593
5.795	3.588
5.786	3.583
5.776	3.579
5.767	3.574
5.758	3.569
5.749	3.564
5.739	3.559
5.730	3.554
5.721	3.549
5.712	3.544
5.703	3.539
5.694	3.534
5.685	3.528
5.677	3.523
5.668	3.517
5.659	3.511
5.651	3.506
5.642	3.500
5.634	3.493
5.625	3.487
5.617	3.481
5.609	3.474
5.601	3.468
5.593	3.461
5.585	3.454
5.577	3.448
5.570	3.441
5.562	3.434
5.554	3.427
5.547	3.420
5.539	3.412
5.532	3.405
5.525	3.398
5.517	3.391
5.510	3.383
5.503	3.376
5.496	3.369
5.489	3.361
5.482	3.354
5.475	3.347
5.468	3.339
5.461	3.332
5.454	3.325
5.447	3.317
5.440	3.310
5.434	3.303
5.427	3.296
5.420	3.289
5.413	3.282
5.407	3.276
5.400	3.269
5.393	3.262
5.386	3.256
5.380	3.249
5.373	3.243
5.366	3.237
5.360	3.230
5.353	3.224
5.347	3.218
5.340	3.212
5.334	3.206
5.327	3.200
5.321	3.194
5.314	3.189
5.308	3.183
5.302	3.177
5.295	3.171
5.289	3.165
5.283	3.160
5.277	3.154
5.271	3.148
5.265	3.142
5.259	3.136
5.253	3.131
5.247	3.125
5.241	3.119
5.236	3.113
5.230	3.107
5.224	3.101
5.219	3.095
5.214	3.088
5.208	3.082
5.203	3.076
5.198	3.069
5.193	3.063
5.188	3.056
5.183	3.050
5.179	3.043
5.174	3.037
5.170	3.030
5.166	3.023
5.162	3.017
5.158	3.010
5.154	3.003
5.151	2.996
5.147	2.989
5.144	2.983
5.141	2.976
5.139	2.969
5.136	2.962
5.134	2.955
5.132	2.948
5.130	2.942
5.128	2.935
5.127	2.928
5.126	2.921
5.125	2.914
5.124	2.908
5.124	2.901
5.124	2.894
5.123	2.887
5.123	2.881
5.123	2.874
5.123	2.867
5.123	2.860
5.124	2.854
5.124	2.847
5.124	2.840
5.124	2.833
5.124	2.826
5.124	2.820
5.124	2.813
5.123	2.806
5.123	2.799
5.122	2.792
5.121	2.785
5.120	2.778
5.119	2.771
5.118	2.764
5.116	2.757
5.114	2.749
5.113	2.742
5.111	2.735
5.109	2.728
5.108	2.721
5.106	2.714
5.105	2.708
5.104	2.701
5.103	2.694
5.102	2.688
5.102	2.681
5.102	2.675
5.103	2.669
5.104	2.663
5.106	2.657
5.108	2.652
5.110	2.646
5.114	2.641
