X	Y
9.057	4.170
9.073	4.143
9.091	4.117
9.111	4.092
9.133	4.069
9.157	4.047
9.182	4.026
9.208	4.006
9.236	3.987
9.265	3.969
9.296	3.952
9.327	3.936
9.360	3.920
9.394	3.905
9.428	3.891
9.464	3.877
9.500	3.863
9.537	3.850
9.574	3.837
9.612	3.824
9.650	3.811
9.689	3.798
9.727	3.785
9.766	3.772
9.805	3.758
9.844	3.744
9.883	3.730
9.921	3.716
9.960	3.700
9.998	3.685
10.036	3.668
10.073	3.651
10.110	3.634
10.147	3.616
10.184	3.598
10.221	3.580
10.257	3.561
10.293	3.542
10.329	3.522
10.365	3.503
10.400	3.483
10.436	3.462
10.471	3.442
10.506	3.421
10.541	3.400
10.576	3.379
10.610	3.358
10.645	3.337
10.679	3.316
10.713	3.295
10.747	3.274
10.781	3.253
10.815	3.232
10.849	3.211
10.883	3.190
10.917	3.169
10.950	3.148
10.984	3.128
11.017	3.108
11.051	3.088
11.084	3.068
11.118	3.048
11.151	3.029
11.184	3.009
11.218	2.990
11.251	2.971
11.285	2.952
11.318	2.933
11.352	2.914
11.386	2.895
11.420	2.877
11.453	2.858
11.487	2.839
11.521	2.820
11.556	2.802
11.590	2.783
11.625	2.764
11.659	2.745
11.694	2.726
11.729	2.707
11.764	2.687
11.799	2.668
11.835	2.648
11.871	2.629
11.907	2.609
11.943	2.589
11.980	2.568
12.016	2.548
12.053	2.527
12.091	2.506
12.128	2.485
12.166	2.463
12.204	2.442
12.242	2.420
12.280	2.398
12.318	2.377
12.356	2.355
12.394	2.332
12.433	2.310
12.471	2.288
12.510	2.266
12.548	2.243
12.586	2.221
12.624	2.199
12.662	2.177
12.700	2.154
12.738	2.132
12.776	2.110
12.813	2.088
12.850	2.066
12.887	2.044
12.924	2.023
12.960	2.001
12.997	1.980
13.032	1.959
13.068	1.938
13.103	1.917
13.138	1.897
13.172	1.876
13.206	1.856
13.239	1.837
13.272	1.817
13.304	1.798
13.337	1.779
13.369	1.760
13.400	1.742
13.432	1.723
13.463	1.705
13.494	1.687
13.525	1.669
13.555	1.652
13.586	1.635
13.617	1.617
13.647	1.600
13.678	1.584
13.709	1.567
13.740	1.550
13.771	1.534
13.802	1.518
13.833	1.501
13.865	1.485
13.897	1.469
13.929	1.453
13.961	1.438
13.994	1.422
14.027	1.406
14.061	1.391
14.095	1.375
14.129	1.360
14.164	1.344
14.200	1.329
14.235	1.313
14.271	1.298
14.307	1.283
14.343	1.268
14.379	1.253
14.415	1.237
14.452	1.222
14.488	1.207
14.525	1.192
14.561	1.177
14.597	1.162
14.633	1.147
14.669	1.132
14.705	1.117
14.741	1.102
14.776	1.087
14.811	1.072
14.846	1.057
14.880	1.042
14.914	1.027
14.947	1.012
14.980	0.997
15.012	0.982
15.044	0.967
15.075	0.951
15.106	0.936
15.136	0.921
15.165	0.907
15.194	0.892
15.223	0.878
15.251	0.864
15.278	0.850
15.306	0.837
15.332	0.824
15.359	0.812
15.385	0.801
15.411	0.791
15.436	0.781
15.462	0.772
15.487	0.764
15.512	0.757
15.537	0.751
15.562	0.746
15.586	0.742
15.611	0.740
15.635	0.738
15.659	0.738
15.683	0.740
15.707	0.742
15.729	0.746
15.750	0.750
15.770	0.756
15.789	0.762
15.805	0.770
15.820	0.778
15.832	0.787
15.842	0.797
15.849	0.807
15.852	0.818
15.853	0.830
15.850	0.842
15.845	0.854
15.836	0.867
15.826	0.880
15.812	0.894
15.797	0.907
15.779	0.921
15.760	0.935
15.739	0.950
15.717	0.964
15.693	0.978
15.668	0.993
15.642	1.007
15.615	1.021
15.588	1.036
15.560	1.050
15.532	1.064
15.503	1.077
15.474	1.091
15.445	1.105
15.416	1.118
15.386	1.131
15.357	1.144
15.327	1.157
15.297	1.170
15.267	1.183
15.237	1.195
15.207	1.207
15.178	1.220
15.148	1.232
15.118	1.244
15.089	1.256
15.060	1.268
15.032	1.279
15.003	1.291
14.975	1.302
14.948	1.314
14.920	1.325
14.894	1.336
14.868	1.347
14.842	1.358
14.817	1.369
14.792	1.380
14.767	1.390
14.743	1.401
14.718	1.412
14.694	1.423
14.670	1.434
14.647	1.445
14.623	1.456
14.599	1.467
14.575	1.478
14.551	1.489
14.526	1.501
14.502	1.512
14.477	1.524
14.452	1.536
14.426	1.549
14.400	1.561
14.374	1.574
14.347	1.587
14.320	1.600
14.293	1.613
14.265	1.627
14.237	1.640
14.209	1.654
14.180	1.668
14.152	1.682
14.123	1.696
14.094	1.710
14.066	1.724
14.037	1.739
14.008	1.753
13.979	1.767
13.951	1.781
13.923	1.795
13.894	1.809
13.866	1.823
13.839	1.837
13.811	1.850
13.784	1.864
13.758	1.877
13.731	1.890
13.705	1.903
13.680	1.916
13.654	1.928
13.629	1.941
13.604	1.953
13.580	1.966
13.555	1.978
13.530	1.991
13.506	2.003
13.481	2.015
13.457	2.028
13.432	2.041
13.407	2.053
13.383	2.066
13.357	2.079
13.332	2.093
13.306	2.106
13.280	2.120
13.254	2.133
13.227	2.148
13.200	2.162
13.173	2.177
13.145	2.192
13.117	2.207
13.088	2.222
13.060	2.238
13.031	2.254
13.002	2.270
12.973	2.286
12.944	2.301
12.915	2.318
12.887	2.334
12.858	2.350
12.830	2.366
12.802	2.382
12.774	2.397
12.747	2.413
12.719	2.429
12.693	2.444
12.667	2.459
12.641	2.474
12.617	2.489
12.592	2.504
12.569	2.518
12.546	2.532
12.524	2.545
12.502	2.559
12.481	2.572
12.460	2.585
12.440	2.598
12.420	2.610
12.401	2.623
12.381	2.635
12.362	2.648
12.343	2.660
12.323	2.672
12.304	2.684
12.284	2.696
12.265	2.709
12.245	2.721
12.225	2.733
12.204	2.746
12.183	2.758
12.162	2.771
12.142	2.783
12.123	2.795
12.104	2.807
12.087	2.819
12.072	2.829
12.059	2.840
12.048	2.849
12.040	2.858
12.035	2.866
12.034	2.872
12.036	2.878
12.042	2.883
12.051	2.886
12.063	2.888
12.079	2.890
12.096	2.890
12.116	2.889
12.138	2.888
12.161	2.885
12.186	2.882
12.212	2.877
12.238	2.872
12.265	2.866
12.291	2.860
12.318	2.852
12.344	2.844
12.369	2.836
12.394	2.826
12.419	2.817
12.443	2.806
12.467	2.795
12.491	2.784
12.514	2.772
12.537	2.760
12.561	2.747
12.584	2.734
12.607	2.720
12.631	2.707
12.654	2.693
12.678	2.679
12.702	2.664
12.726	2.650
12.750	2.635
12.775	2.621
12.801	2.606
12.826	2.591
12.853	2.576
12.879	2.562
12.907	2.547
12.934	2.532
12.962	2.517
12.991	2.503
13.020	2.488
13.049	2.474
13.078	2.459
13.108	2.445
13.138	2.431
13.168	2.416
13.199	2.402
13.229	2.388
13.260	2.375
13.291	2.361
13.323	2.347
13.354	2.334
13.385	2.321
13.417	2.308
13.448	2.295
13.480	2.283
13.511	2.270
13.543	2.258
13.575	2.246
13.606	2.234
13.638	2.223
13.669	2.211
13.701	2.200
13.732	2.189
13.764	2.178
13.796	2.166
13.828	2.155
13.860	2.144
13.892	2.133
13.925	2.122
13.957	2.111
13.990	2.099
14.023	2.088
14.057	2.076
14.090	2.064
14.124	2.052
14.158	2.040
14.193	2.027
14.227	2.014
14.262	2.001
14.298	1.987
14.334	1.973
14.370	1.959
14.407	1.944
14.444	1.929
14.481	1.913
14.519	1.897
14.557	1.881
14.596	1.864
14.634	1.847
14.673	1.830
14.712	1.813
14.751	1.795
14.789	1.778
14.828	1.760
14.867	1.742
14.906	1.724
14.944	1.707
14.982	1.689
15.020	1.671
15.058	1.654
15.095	1.636
15.132	1.619
15.168	1.602
15.204	1.585
15.239	1.569
15.274	1.553
15.308	1.537
15.341	1.521
15.373	1.507
15.405	1.492
15.436	1.478
15.466	1.465
15.495	1.452
15.523	1.440
15.549	1.428
15.575	1.418
15.600	1.408
15.623	1.400
15.645	1.392
15.666	1.387
15.685	1.382
15.703	1.379
15.719	1.378
15.734	1.379
15.747	1.382
15.759	1.387
15.769	1.393
15.777	1.403
15.783	1.414
15.788	1.427
15.792	1.441
15.796	1.456
15.800	1.472
15.804	1.486
15.808	1.501
15.814	1.514
15.821	1.525
15.830	1.534
15.840	1.541
15.853	1.546
15.867	1.548
15.882	1.550
15.899	1.550
15.915	1.550
15.932	1.550
15.949	1.550
15.965	1.550
15.981	1.552
15.996	1.555
16.009	1.561
16.021	1.568
16.032	1.576
16.042	1.586
16.051	1.597
16.059	1.610
16.068	1.623
16.076	1.636
16.083	1.650
16.091	1.664
16.100	1.678
16.109	1.692
16.118	1.705
16.126	1.717
16.133	1.730
16.138	1.742
16.141	1.753
16.140	1.763
16.136	1.774
16.126	1.783
16.112	1.792
16.093	1.800
16.069	1.808
16.042	1.815
16.012	1.822
15.979	1.828
15.943	1.834
15.907	1.839
15.869	1.845
15.830	1.850
15.792	1.855
15.755	1.860
15.718	1.865
15.683	1.869
15.651	1.874
15.621	1.879
15.595	1.884
15.573	1.889
15.555	1.895
15.542	1.901
15.535	1.907
15.534	1.913
15.539	1.920
15.548	1.928
15.561	1.935
15.576	1.943
15.594	1.951
15.612	1.959
15.631	1.968
15.648	1.976
15.663	1.985
15.675	1.994
15.684	2.002
15.688	2.011
15.687	2.020
15.683	2.028
15.675	2.037
15.663	2.045
15.648	2.054
15.631	2.062
15.611	2.070
15.589	2.078
15.565	2.085
15.539	2.093
15.512	2.100
15.484	2.107
15.455	2.113
15.424	2.120
15.393	2.126
15.360	2.132
15.327	2.138
15.293	2.144
15.259	2.150
15.224	2.156
15.189	2.161
15.154	2.167
15.119	2.172
15.084	2.178
15.048	2.183
15.013	2.189
14.979	2.194
14.944	2.200
14.910	2.206
14.877	2.211
14.845	2.217
14.813	2.223
14.783	2.229
14.753	2.235
14.725	2.242
14.697	2.248
14.671	2.255
14.646	2.262
14.621	2.269
14.597	2.276
14.574	2.284
14.552	2.291
14.530	2.299
14.508	2.306
14.486	2.314
14.465	2.322
14.443	2.330
14.422	2.338
14.400	2.346
14.378	2.354
14.356	2.362
14.333	2.370
14.310	2.378
14.286	2.386
14.261	2.394
14.236	2.402
14.210	2.411
14.184	2.419
14.157	2.427
14.129	2.436
14.101	2.444
14.072	2.453
14.043	2.462
14.013	2.471
13.982	2.481
13.951	2.490
13.920	2.500
13.888	2.510
13.855	2.520
13.822	2.530
13.789	2.541
13.754	2.552
13.720	2.563
13.685	2.574
13.650	2.586
13.614	2.598
13.577	2.611
13.541	2.624
13.504	2.637
13.466	2.650
13.429	2.664
13.391	2.678
13.353	2.693
13.314	2.707
13.276	2.722
13.237	2.737
13.198	2.752
13.160	2.767
13.121	2.782
13.082	2.798
13.043	2.813
13.005	2.829
12.966	2.844
12.928	2.860
12.890	2.876
12.852	2.891
12.815	2.907
12.777	2.922
12.741	2.938
12.704	2.953
12.668	2.969
12.633	2.984
12.597	2.999
12.563	3.013
12.529	3.028
12.496	3.042
12.463	3.057
12.431	3.070
12.400	3.084
12.369	3.098
12.339	3.111
12.310	3.124
12.281	3.137
12.253	3.150
12.226	3.163
12.200	3.176
12.174	3.188
12.149	3.201
12.125	3.213
12.102	3.226
12.079	3.238
12.057	3.251
12.036	3.263
12.016	3.276
11.997	3.288
11.978	3.301
11.961	3.314
11.944	3.326
11.928	3.339
11.912	3.352
11.898	3.365
11.883	3.378
11.869	3.392
11.854	3.405
11.840	3.418
11.825	3.431
11.810	3.443
11.795	3.456
11.779	3.469
11.762	3.481
11.744	3.493
11.726	3.506
11.706	3.517
11.684	3.529
11.662	3.540
11.639	3.552
11.614	3.562
11.589	3.573
11.563	3.584
11.536	3.594
11.509	3.604
11.481	3.615
11.452	3.625
11.424	3.634
11.395	3.644
11.366	3.654
11.336	3.663
11.307	3.673
11.278	3.682
11.249	3.691
11.220	3.700
11.191	3.709
11.163	3.719
11.135	3.728
11.108	3.737
11.082	3.746
11.056	3.755
11.030	3.764
11.005	3.773
10.981	3.782
10.956	3.791
10.932	3.800
10.909	3.810
10.885	3.819
10.862	3.829
10.840	3.838
10.817	3.848
10.794	3.857
10.772	3.867
10.750	3.877
10.728	3.888
10.706	3.898
10.683	3.908
10.661	3.919
10.639	3.930
10.618	3.940
10.598	3.951
10.579	3.961
10.562	3.970
10.546	3.979
10.533	3.988
10.523	3.995
10.515	4.001
10.511	4.007
10.511	4.011
10.514	4.013
10.522	4.014
10.533	4.014
10.548	4.013
10.565	4.010
10.586	4.007
10.609	4.002
10.635	3.996
10.664	3.990
10.694	3.982
10.726	3.974
10.759	3.965
10.794	3.956
10.830	3.945
10.866	3.935
10.903	3.924
10.941	3.912
10.979	3.901
11.016	3.889
11.053	3.877
11.090	3.864
11.126	3.852
11.160	3.840
11.194	3.828
11.227	3.816
11.258	3.803
11.290	3.791
11.320	3.779
11.350	3.767
11.380	3.755
11.409	3.743
11.438	3.731
11.466	3.719
11.495	3.707
11.523	3.695
11.552	3.683
11.580	3.671
11.609	3.659
11.638	3.647
11.668	3.635
11.698	3.623
11.728	3.611
11.759	3.599
11.791	3.587
11.824	3.575
11.858	3.563
11.892	3.551
11.928	3.539
11.965	3.526
12.002	3.514
12.041	3.502
12.080	3.489
12.120	3.477
12.161	3.465
12.203	3.452
12.245	3.440
12.288	3.428
12.332	3.415
12.376	3.403
12.421	3.391
12.466	3.378
12.512	3.366
12.558	3.353
12.604	3.341
12.651	3.329
12.698	3.316
12.745	3.304
12.792	3.292
12.840	3.279
12.887	3.267
12.935	3.255
12.983	3.243
13.030	3.230
13.078	3.218
13.125	3.206
13.173	3.194
13.220	3.182
13.267	3.170
13.314	3.158
13.360	3.146
13.406	3.134
13.451	3.122
13.497	3.111
13.542	3.099
13.586	3.087
13.630	3.076
13.674	3.064
13.717	3.053
13.760	3.041
13.803	3.030
13.845	3.018
13.887	3.007
13.929	2.996
13.971	2.984
14.012	2.973
14.053	2.962
14.093	2.951
14.133	2.940
14.173	2.929
14.213	2.918
14.252	2.907
14.291	2.896
14.330	2.885
14.369	2.874
14.407	2.863
14.445	2.852
14.483	2.841
14.521	2.831
14.559	2.820
14.596	2.809
14.633	2.798
14.670	2.788
14.706	2.777
14.743	2.766
14.779	2.756
14.815	2.745
14.851	2.734
14.886	2.724
14.921	2.713
14.956	2.702
14.990	2.691
15.024	2.681
15.058	2.670
15.091	2.659
15.124	2.648
15.156	2.637
15.188	2.626
15.219	2.614
15.250	2.603
15.280	2.592
15.310	2.580
15.339	2.568
15.367	2.556
15.395	2.544
15.422	2.532
15.448	2.520
15.474	2.507
15.499	2.495
15.523	2.482
15.547	2.469
15.570	2.456
15.592	2.444
15.614	2.432
15.636	2.420
15.657	2.409
15.677	2.398
15.698	2.389
15.718	2.380
15.738	2.372
15.758	2.365
15.778	2.360
15.798	2.356
15.818	2.353
15.838	2.352
15.859	2.353
15.879	2.355
15.899	2.359
15.920	2.365
15.940	2.372
15.960	2.380
15.980	2.391
16.000	2.402
16.019	2.414
16.037	2.428
16.054	2.443
16.071	2.459
16.087	2.476
16.102	2.494
16.116	2.512
16.128	2.532
16.140	2.552
16.150	2.572
16.158	2.593
16.165	2.615
16.171	2.636
16.176	2.658
16.179	2.680
16.180	2.701
16.181	2.723
16.180	2.744
16.178	2.764
16.174	2.784
16.169	2.803
16.163	2.821
16.155	2.839
16.146	2.855
16.136	2.870
16.124	2.884
16.111	2.897
16.097	2.909
16.082	2.920
16.065	2.930
16.047	2.940
16.028	2.948
16.008	2.957
15.987	2.964
15.965	2.971
15.942	2.978
15.918	2.985
15.892	2.991
15.866	2.997
15.839	3.003
15.811	3.009
15.782	3.014
15.753	3.020
15.722	3.026
15.691	3.031
15.659	3.037
15.626	3.043
15.593	3.048
15.559	3.054
15.525	3.059
15.490	3.065
15.454	3.070
15.418	3.075
15.382	3.081
15.345	3.086
15.307	3.092
15.270	3.097
15.232	3.103
15.194	3.108
15.155	3.114
15.117	3.119
15.078	3.125
15.039	3.130
15.000	3.136
14.961	3.142
14.922	3.147
14.883	3.153
14.844	3.159
14.805	3.165
14.766	3.171
14.728	3.177
14.689	3.183
14.650	3.189
14.612	3.196
14.573	3.202
14.535	3.208
14.497	3.214
14.459	3.220
14.421	3.227
14.383	3.233
14.346	3.239
14.308	3.245
14.271	3.251
14.234	3.258
14.198	3.264
14.161	3.270
14.125	3.276
14.089	3.282
14.054	3.288
14.018	3.294
13.983	3.300
13.949	3.306
13.914	3.312
13.880	3.317
13.846	3.323
13.813	3.329
13.780	3.334
13.747	3.340
13.715	3.345
13.683	3.351
13.651	3.356
13.620	3.362
13.589	3.367
13.558	3.373
13.527	3.378
13.497	3.384
13.467	3.390
13.438	3.395
13.409	3.401
13.380	3.407
13.351	3.414
13.323	3.420
13.294	3.426
13.267	3.433
13.239	3.440
13.212	3.447
13.185	3.454
13.158	3.461
13.131	3.469
13.105	3.477
13.078	3.484
13.052	3.493
13.026	3.501
13.000	3.509
12.974	3.517
12.948	3.526
12.922	3.534
12.896	3.543
12.870	3.551
12.843	3.560
12.817	3.568
12.790	3.577
12.763	3.585
12.736	3.593
12.708	3.602
12.680	3.610
12.652	3.618
12.623	3.625
12.594	3.633
12.565	3.640
12.536	3.648
12.507	3.655
12.479	3.661
12.452	3.668
12.427	3.674
12.403	3.680
12.381	3.686
12.362	3.691
12.345	3.697
12.330	3.701
12.319	3.706
12.311	3.710
12.307	3.714
12.307	3.717
12.311	3.720
12.319	3.723
12.331	3.725
12.345	3.727
12.363	3.728
12.384	3.729
12.407	3.730
12.432	3.731
12.459	3.731
12.488	3.730
12.519	3.729
12.550	3.728
12.583	3.727
12.616	3.725
12.649	3.723
12.682	3.720
12.716	3.717
12.748	3.714
12.781	3.710
12.813	3.706
12.844	3.702
12.875	3.697
12.906	3.692
12.936	3.687
12.966	3.681
12.996	3.676
13.026	3.670
13.056	3.664
13.086	3.658
13.116	3.651
13.146	3.645
13.176	3.638
13.206	3.632
13.236	3.625
13.267	3.618
13.298	3.612
13.330	3.605
13.361	3.598
13.394	3.592
13.426	3.585
13.460	3.579
13.494	3.572
13.528	3.566
13.564	3.559
13.599	3.553
13.635	3.547
13.672	3.541
13.709	3.535
13.746	3.529
13.784	3.523
13.823	3.517
13.861	3.511
13.900	3.505
13.939	3.499
13.978	3.494
14.018	3.488
14.058	3.482
14.098	3.476
14.138	3.470
14.178	3.463
14.218	3.457
14.259	3.451
14.299	3.445
14.339	3.438
14.380	3.432
14.420	3.425
14.460	3.419
14.500	3.412
14.540	3.405
14.580	3.398
14.619	3.390
14.659	3.383
14.698	3.376
14.737	3.368
14.776	3.360
14.814	3.353
14.852	3.345
14.890	3.337
14.928	3.329
14.965	3.321
15.002	3.313
15.039	3.305
15.076	3.297
15.112	3.290
15.148	3.282
15.183	3.274
15.218	3.266
15.253	3.258
15.287	3.251
15.321	3.243
15.355	3.236
15.388	3.229
15.421	3.222
15.454	3.215
15.486	3.208
15.517	3.201
15.548	3.195
15.579	3.189
15.609	3.183
15.639	3.177
15.668	3.172
15.697	3.167
15.725	3.163
15.753	3.159
15.780	3.156
15.806	3.153
15.832	3.151
15.858	3.150
15.882	3.150
15.907	3.151
15.930	3.153
15.953	3.156
15.975	3.160
15.997	3.165
16.018	3.171
16.038	3.179
16.058	3.188
16.076	3.198
16.094	3.209
16.110	3.222
16.124	3.235
16.137	3.249
16.147	3.264
16.154	3.279
16.159	3.295
16.160	3.311
16.158	3.327
16.152	3.344
16.143	3.360
16.129	3.376
16.113	3.391
16.093	3.407
16.072	3.422
16.049	3.436
16.025	3.450
16.001	3.464
15.977	3.477
15.953	3.489
15.932	3.500
15.912	3.510
15.895	3.520
15.881	3.528
15.871	3.536
15.865	3.542
15.864	3.548
15.868	3.552
15.876	3.555
15.888	3.558
15.903	3.561
15.921	3.564
15.940	3.567
15.960	3.570
15.980	3.575
16.001	3.581
16.020	3.588
16.038	3.597
16.054	3.609
16.067	3.622
16.077	3.637
16.085	3.653
16.091	3.671
16.094	3.689
16.095	3.708
16.093	3.727
16.089	3.746
16.082	3.765
16.073	3.783
16.062	3.800
16.048	3.816
16.032	3.830
16.013	3.843
15.992	3.854
15.969	3.864
15.945	3.873
15.918	3.880
15.890	3.886
15.860	3.891
15.829	3.895
15.796	3.898
15.762	3.900
15.727	3.901
15.691	3.901
15.654	3.901
15.616	3.900
15.578	3.899
15.539	3.897
15.500	3.895
15.460	3.892
15.420	3.890
15.381	3.887
15.341	3.884
15.301	3.881
15.262	3.878
15.223	3.875
15.184	3.872
15.146	3.869
15.108	3.867
15.071	3.865
15.034	3.863
14.998	3.861
14.962	3.859
14.926	3.857
14.890	3.856
14.855	3.854
14.819	3.852
14.784	3.851
14.749	3.850
14.714	3.848
14.679	3.847
14.644	3.846
14.609	3.844
14.574	3.843
14.539	3.842
14.504	3.840
14.468	3.839
14.433	3.838
14.397	3.836
14.361	3.834
14.325	3.833
14.288	3.831
14.251	3.829
14.214	3.827
14.177	3.825
14.139	3.823
14.102	3.821
14.064	3.819
14.027	3.817
13.990	3.816
13.954	3.815
13.918	3.814
13.882	3.813
13.848	3.813
13.814	3.813
13.782	3.814
13.750	3.816
13.720	3.818
13.691	3.820
13.663	3.824
13.638	3.828
13.613	3.833
13.591	3.839
13.570	3.846
13.551	3.854
13.535	3.863
13.520	3.873
13.508	3.884
13.496	3.896
13.486	3.908
13.477	3.921
13.469	3.934
13.460	3.947
13.451	3.959
13.442	3.971
13.431	3.982
13.419	3.993
13.406	4.002
13.391	4.010
13.373	4.017
13.355	4.023
13.334	4.028
13.313	4.032
13.290	4.036
13.267	4.038
13.242	4.040
13.217	4.041
13.192	4.042
13.166	4.042
13.140	4.041
13.113	4.040
13.087	4.039
13.062	4.038
13.037	4.036
13.012	4.034
12.988	4.032
12.965	4.030
12.943	4.029
12.921	4.027
12.899	4.025
12.878	4.023
12.857	4.021
12.836	4.020
12.815	4.018
12.794	4.017
12.772	4.015
12.751	4.014
12.729	4.013
12.707	4.012
12.684	4.012
12.660	4.011
12.636	4.011
12.611	4.012
12.585	4.012
12.558	4.013
12.531	4.013
12.503	4.014
12.475	4.015
12.446	4.017
12.417	4.018
12.388	4.019
12.358	4.021
12.327	4.022
12.297	4.024
12.266	4.025
12.236	4.027
12.205	4.028
12.174	4.029
12.143	4.031
12.112	4.032
12.081	4.033
12.051	4.033
12.020	4.034
11.990	4.034
11.961	4.034
11.931	4.035
11.902	4.035
11.873	4.035
11.845	4.035
11.817	4.035
11.790	4.035
11.763	4.036
11.736	4.037
11.710	4.039
11.685	4.041
11.660	4.044
11.636	4.047
11.612	4.051
11.589	4.055
11.567	4.061
11.545	4.067
11.524	4.074
11.504	4.083
11.485	4.092
11.467	4.102
11.451	4.112
11.436	4.123
11.423	4.134
11.412	4.144
11.404	4.154
11.398	4.164
11.396	4.172
11.397	4.180
11.401	4.186
11.409	4.190
11.420	4.193
11.435	4.195
11.452	4.196
11.473	4.196
11.496	4.195
11.521	4.193
11.549	4.190
11.579	4.187
11.610	4.183
11.644	4.178
11.679	4.174
11.715	4.168
11.753	4.163
11.792	4.157
11.831	4.152
11.871	4.146
11.912	4.141
11.953	4.136
11.994	4.131
12.035	4.127
12.076	4.123
12.116	4.120
12.156	4.117
12.196	4.115
12.236	4.113
12.275	4.112
12.314	4.111
12.353	4.110
12.391	4.110
12.429	4.110
12.467	4.109
12.505	4.109
12.543	4.110
12.580	4.110
12.617	4.110
12.654	4.110
12.691	4.110
12.727	4.110
12.764	4.110
12.800	4.109
12.836	4.109
12.872	4.108
12.908	4.106
12.944	4.104
12.979	4.102
13.015	4.100
13.050	4.097
13.086	4.093
13.121	4.089
13.156	4.084
13.191	4.078
13.226	4.073
13.260	4.067
13.294	4.061
13.327	4.055
13.360	4.049
13.391	4.044
13.422	4.038
13.452	4.033
13.480	4.029
13.507	4.025
13.533	4.023
13.558	4.021
13.581	4.020
13.602	4.020
13.622	4.021
13.640	4.024
13.655	4.028
13.669	4.033
13.681	4.041
13.691	4.049
13.700	4.059
13.708	4.069
13.715	4.080
13.723	4.090
13.731	4.101
13.740	4.110
13.750	4.119
13.763	4.126
13.778	4.131
13.794	4.135
13.813	4.137
13.834	4.138
13.857	4.138
13.882	4.136
13.908	4.134
13.935	4.131
13.964	4.127
13.994	4.122
14.026	4.117
14.058	4.111
14.092	4.105
14.126	4.099
14.161	4.093
14.197	4.087
14.233	4.081
14.269	4.075
14.306	4.070
14.343	4.065
14.379	4.061
14.416	4.057
14.453	4.055
14.489	4.053
14.525	4.052
14.561	4.052
14.597	4.052
14.633	4.053
14.668	4.055
14.704	4.056
14.739	4.059
14.774	4.062
14.809	4.065
14.844	4.068
14.879	4.071
14.913	4.075
14.948	4.078
14.982	4.082
15.017	4.085
15.051	4.088
15.085	4.092
15.119	4.094
15.154	4.097
15.188	4.099
15.222	4.101
15.256	4.102
15.290	4.102
15.324	4.102
15.358	4.102
15.392	4.100
15.426	4.099
15.459	4.096
15.492	4.094
15.525	4.092
15.557	4.089
15.589	4.087
15.620	4.085
15.650	4.083
15.680	4.082
15.708	4.082
15.736	4.082
15.762	4.083
15.788	4.085
15.812	4.088
15.834	4.093
15.856	4.099
15.875	4.106
15.893	4.115
15.910	4.125
15.924	4.138
15.937	4.152
15.948	4.167
15.956	4.183
15.963	4.200
15.967	4.217
15.969	4.234
15.968	4.251
15.965	4.268
15.960	4.283
15.951	4.297
15.940	4.310
15.925	4.322
15.908	4.332
15.889	4.340
15.867	4.347
15.843	4.353
15.816	4.357
15.788	4.361
15.758	4.364
15.726	4.365
15.693	4.366
15.658	4.367
15.623	4.366
15.586	4.366
15.549	4.365
15.510	4.363
15.472	4.361
15.432	4.360
15.393	4.358
15.354	4.356
15.314	4.355
15.275	4.353
15.236	4.353
15.198	4.352
15.161	4.352
15.124	4.353
15.088	4.354
15.052	4.356
15.018	4.359
14.984	4.362
14.950	4.365
14.917	4.368
14.885	4.372
14.852	4.376
14.820	4.381
14.789	4.385
14.758	4.390
14.726	4.395
14.695	4.400
14.664	4.405
14.633	4.410
14.602	4.414
14.571	4.419
14.540	4.424
14.509	4.428
14.477	4.432
14.445	4.436
14.413	4.440
14.380	4.443
14.347	4.445
14.314	4.448
14.280	4.450
14.246	4.451
14.211	4.453
14.177	4.454
14.141	4.455
14.106	4.455
14.071	4.455
14.035	4.455
13.999	4.455
13.964	4.455
13.928	4.455
13.892	4.455
13.856	4.454
13.820	4.454
13.784	4.454
13.749	4.453
13.713	4.453
13.678	4.453
13.643	4.452
13.608	4.452
13.574	4.453
13.540	4.453
13.506	4.454
13.473	4.454
13.440	4.455
13.407	4.457
13.375	4.458
13.343	4.460
13.312	4.462
13.281	4.464
13.250	4.466
13.220	4.469
13.190	4.471
13.160	4.474
13.131	4.476
13.102	4.479
13.073	4.481
13.045	4.484
13.016	4.486
12.988	4.489
12.960	4.491
12.933	4.493
12.905	4.495
12.878	4.497
12.851	4.498
12.824	4.500
12.797	4.501
12.770	4.502
12.744	4.502
12.717	4.503
12.691	4.503
12.664	4.503
12.638	4.503
12.612	4.503
12.587	4.502
12.561	4.501
12.536	4.500
12.510	4.499
12.485	4.498
12.460	4.497
12.435	4.496
12.410	4.494
12.386	4.493
12.361	4.491
12.337	4.489
12.313	4.487
12.289	4.485
12.265	4.484
12.241	4.482
12.217	4.479
12.193	4.477
12.170	4.475
12.146	4.473
12.122	4.470
12.099	4.468
12.075	4.465
12.051	4.463
12.027	4.460
12.003	4.457
11.979	4.454
11.954	4.451
11.930	4.448
11.905	4.444
11.880	4.441
11.855	4.437
11.829	4.433
11.803	4.430
11.777	4.426
11.751	4.422
11.724	4.418
11.697	4.415
11.670	4.411
11.642	4.407
11.614	4.403
11.585	4.400
11.556	4.397
11.527	4.393
11.497	4.390
11.467	4.387
11.436	4.385
11.405	4.382
11.373	4.380
11.341	4.378
11.309	4.376
11.276	4.375
11.242	4.374
11.208	4.373
11.175	4.372
11.141	4.372
11.109	4.372
11.077	4.373
11.046	4.373
11.017	4.374
10.989	4.376
10.964	4.377
10.941	4.379
10.920	4.381
10.902	4.384
10.887	4.386
10.876	4.389
10.868	4.393
10.864	4.396
10.864	4.400
10.869	4.404
10.877	4.408
10.889	4.412
10.904	4.417
10.922	4.421
10.943	4.426
10.967	4.431
10.993	4.436
11.022	4.441
11.052	4.446
11.083	4.451
11.116	4.456
11.150	4.461
11.185	4.466
11.221	4.471
11.256	4.476
11.292	4.481
11.327	4.485
11.362	4.490
11.396	4.494
11.430	4.498
11.463	4.502
11.496	4.506
11.528	4.510
11.560	4.514
11.591	4.517
11.622	4.521
11.653	4.524
11.683	4.528
11.713	4.531
11.744	4.535
11.774	4.538
11.804	4.542
11.834	4.546
11.864	4.549
11.895	4.553
11.925	4.557
11.956	4.561
11.987	4.565
12.018	4.569
12.050	4.574
12.082	4.578
12.115	4.583
12.148	4.588
12.181	4.593
12.215	4.599
12.249	4.604
12.284	4.609
12.319	4.615
12.354	4.621
12.389	4.627
12.425	4.632
12.461	4.638
12.496	4.644
12.532	4.650
12.568	4.655
12.604	4.661
12.640	4.667
12.676	4.672
12.712	4.678
12.747	4.683
12.783	4.688
12.818	4.693
12.853	4.697
12.888	4.702
12.923	4.706
12.957	4.710
12.991	4.714
13.024	4.717
13.057	4.720
13.090	4.723
13.122	4.726
13.154	4.728
13.186	4.731
13.218	4.733
13.249	4.735
13.280	4.737
13.311	4.739
13.342	4.741
13.372	4.743
13.403	4.745
13.433	4.747
13.463	4.750
13.494	4.753
13.524	4.755
13.555	4.759
13.585	4.762
13.616	4.766
13.647	4.770
13.678	4.774
13.709	4.779
13.740	4.784
13.772	4.790
13.804	4.796
13.836	4.803
13.868	4.810
13.901	4.818
13.933	4.825
13.967	4.833
14.000	4.842
14.033	4.850
14.067	4.859
14.101	4.867
14.135	4.876
14.169	4.885
14.204	4.894
14.238	4.903
14.273	4.911
14.308	4.920
14.343	4.929
14.379	4.937
14.414	4.945
14.450	4.953
14.486	4.961
14.522	4.968
14.558	4.975
14.594	4.982
14.631	4.988
14.667	4.993
14.704	4.999
14.741	5.004
14.778	5.008
14.815	5.012
14.852	5.016
14.889	5.019
14.926	5.023
14.962	5.026
14.999	5.029
15.036	5.031
15.072	5.034
15.109	5.036
15.145	5.039
15.181	5.041
15.217	5.044
15.252	5.046
15.288	5.049
15.322	5.052
15.357	5.054
15.391	5.057
15.425	5.061
15.459	5.064
15.492	5.068
15.524	5.072
15.556	5.076
15.588	5.081
15.619	5.086
15.649	5.091
15.678	5.097
15.706	5.103
15.733	5.110
15.758	5.116
15.781	5.123
15.802	5.130
15.821	5.137
15.837	5.144
15.851	5.152
15.862	5.159
15.870	5.167
15.874	5.174
15.875	5.182
15.872	5.189
15.866	5.197
15.856	5.204
15.844	5.211
15.828	5.218
15.810	5.225
15.789	5.232
15.766	5.238
15.741	5.245
15.714	5.251
15.685	5.256
15.655	5.262
15.624	5.266
15.592	5.271
15.559	5.275
15.525	5.279
15.491	5.282
15.457	5.285
15.422	5.287
15.388	5.289
15.354	5.290
15.319	5.291
15.284	5.291
15.249	5.291
15.215	5.290
15.179	5.290
15.144	5.288
15.109	5.287
15.073	5.285
15.037	5.283
15.001	5.280
14.965	5.278
14.928	5.275
14.891	5.272
14.854	5.268
14.817	5.265
14.779	5.261
14.741	5.257
14.703	5.253
14.664	5.249
14.624	5.245
14.585	5.241
14.545	5.237
14.504	5.232
14.463	5.228
14.422	5.224
14.380	5.220
14.338	5.216
14.296	5.211
14.253	5.207
14.210	5.203
14.167	5.199
14.124	5.195
14.080	5.191
14.037	5.187
13.994	5.183
13.951	5.179
13.908	5.175
13.865	5.170
13.822	5.166
13.780	5.162
13.738	5.158
13.697	5.154
13.656	5.150
13.615	5.146
13.576	5.142
13.536	5.138
13.498	5.134
13.460	5.129
13.423	5.125
13.387	5.121
13.351	5.117
13.317	5.113
13.284	5.108
13.251	5.104
13.220	5.100
13.190	5.095
13.161	5.091
13.132	5.086
13.105	5.082
13.078	5.077
13.051	5.073
13.025	5.068
13.000	5.063
12.974	5.059
12.949	5.054
12.924	5.049
12.898	5.044
12.873	5.039
12.847	5.033
12.821	5.028
12.794	5.023
12.767	5.017
12.739	5.011
12.710	5.006
12.680	5.000
12.650	4.994
12.618	4.988
12.585	4.981
12.552	4.975
12.518	4.969
12.483	4.962
12.448	4.955
12.412	4.949
12.375	4.942
12.338	4.935
12.301	4.929
12.263	4.922
12.225	4.915
12.187	4.908
12.148	4.901
12.110	4.894
12.072	4.887
12.033	4.881
11.995	4.874
11.957	4.867
11.919	4.860
11.881	4.853
11.843	4.847
11.807	4.840
11.770	4.834
11.734	4.827
11.699	4.821
11.664	4.815
11.630	4.809
11.596	4.803
11.563	4.797
11.531	4.791
11.499	4.786
11.467	4.781
11.436	4.775
11.405	4.771
11.374	4.766
11.344	4.761
11.313	4.757
11.283	4.753
11.253	4.749
11.223	4.746
11.193	4.742
11.162	4.739
11.132	4.737
11.101	4.734
11.071	4.732
11.040	4.730
11.008	4.729
10.976	4.728
10.944	4.727
10.912	4.727
10.879	4.727
10.846	4.727
10.814	4.728
10.782	4.729
10.752	4.731
10.722	4.732
10.694	4.734
10.668	4.736
10.644	4.739
10.622	4.741
10.603	4.744
10.587	4.747
10.574	4.751
10.564	4.754
10.559	4.758
10.557	4.761
10.559	4.765
10.566	4.769
10.576	4.773
10.591	4.777
10.608	4.781
10.629	4.786
10.653	4.790
10.680	4.794
10.710	4.799
10.741	4.804
10.775	4.808
10.811	4.813
10.849	4.818
10.888	4.823
10.929	4.828
10.970	4.833
11.012	4.838
11.055	4.844
11.099	4.849
11.142	4.854
11.186	4.860
11.229	4.865
11.272	4.870
11.314	4.876
11.355	4.881
11.396	4.887
11.436	4.893
11.475	4.898
11.513	4.904
11.551	4.910
11.588	4.915
11.624	4.921
11.660	4.927
11.696	4.933
11.731	4.939
11.765	4.945
11.799	4.950
11.833	4.956
11.867	4.962
11.900	4.969
11.933	4.975
11.966	4.981
11.998	4.987
12.031	4.993
12.063	5.000
12.096	5.006
12.128	5.012
12.161	5.019
12.194	5.025
12.226	5.032
12.259	5.038
12.292	5.045
12.326	5.051
12.359	5.058
12.393	5.065
12.427	5.072
12.461	5.078
12.495	5.085
12.530	5.092
12.565	5.099
12.600	5.105
12.635	5.112
12.670	5.119
12.706	5.126
12.742	5.133
12.778	5.140
12.814	5.146
12.851	5.153
12.888	5.160
12.925	5.166
12.962	5.173
13.000	5.180
13.038	5.186
13.076	5.193
13.115	5.199
13.153	5.206
13.192	5.212
13.232	5.218
13.271	5.225
13.311	5.231
13.351	5.237
13.392	5.243
13.432	5.249
13.473	5.256
13.514	5.262
13.555	5.268
13.596	5.275
13.638	5.281
13.679	5.288
13.721	5.295
13.762	5.301
13.804	5.308
13.845	5.316
13.887	5.323
13.929	5.331
13.970	5.339
14.012	5.347
14.054	5.355
14.095	5.364
14.136	5.373
14.177	5.382
14.219	5.392
14.259	5.402
14.300	5.412
14.341	5.423
14.381	5.434
14.421	5.445
14.461	5.457
14.501	5.470
14.540	5.483
14.579	5.496
14.617	5.510
14.655	5.524
14.692	5.538
14.729	5.553
14.765	5.569
14.800	5.584
14.834	5.600
14.868	5.617
14.900	5.633
14.931	5.650
14.961	5.667
14.989	5.684
15.017	5.702
15.042	5.720
15.067	5.738
15.090	5.756
15.111	5.775
15.130	5.793
15.148	5.812
15.164	5.831
15.178	5.849
15.190	5.868
15.199	5.887
15.207	5.906
15.213	5.925
15.216	5.943
15.217	5.961
15.217	5.978
15.214	5.993
15.208	6.007
15.201	6.020
15.191	6.031
15.180	6.040
15.166	6.048
15.149	6.052
15.131	6.055
15.111	6.056
15.089	6.055
15.065	6.052
15.040	6.048
15.013	6.043
14.985	6.036
14.956	6.027
14.925	6.018
14.894	6.008
14.862	5.997
14.830	5.986
14.797	5.974
14.763	5.961
14.730	5.948
14.696	5.935
14.662	5.922
14.628	5.910
14.594	5.897
14.561	5.885
14.529	5.873
14.497	5.862
14.465	5.851
14.434	5.841
14.403	5.832
14.373	5.823
14.343	5.814
14.314	5.806
14.284	5.798
14.255	5.790
14.226	5.782
14.197	5.775
14.168	5.768
14.139	5.761
14.110	5.755
14.080	5.748
14.051	5.742
14.021	5.735
13.991	5.728
13.960	5.722
13.929	5.715
13.898	5.708
13.866	5.701
13.834	5.694
13.800	5.687
13.767	5.679
13.732	5.671
13.697	5.663
13.662	5.655
13.626	5.646
13.590	5.638
13.553	5.629
13.517	5.620
13.479	5.611
13.442	5.602
13.404	5.593
13.367	5.584
13.329	5.575
13.291	5.566
13.253	5.557
13.215	5.548
13.177	5.539
13.139	5.530
13.102	5.521
13.064	5.513
13.027	5.504
12.990	5.495
12.953	5.487
12.917	5.479
12.881	5.471
12.846	5.463
12.811	5.455
12.776	5.448
12.742	5.441
12.709	5.434
12.675	5.427
12.643	5.421
12.611	5.414
12.579	5.408
12.548	5.402
12.516	5.396
12.486	5.390
12.455	5.384
12.425	5.379
12.396	5.373
12.366	5.368
12.337	5.362
12.308	5.357
12.279	5.352
12.250	5.346
12.222	5.341
12.193	5.336
12.165	5.330
12.137	5.325
12.109	5.319
12.081	5.314
12.053	5.308
12.025	5.303
11.997	5.297
11.969	5.291
11.941	5.285
11.913	5.279
11.884	5.273
11.856	5.266
11.827	5.260
11.798	5.253
11.769	5.246
11.740	5.239
11.710	5.231
11.680	5.223
11.650	5.215
11.619	5.207
11.588	5.198
11.556	5.189
11.524	5.180
11.492	5.170
11.458	5.160
11.425	5.149
11.391	5.138
11.356	5.127
11.321	5.116
11.287	5.104
11.252	5.093
11.218	5.081
11.185	5.070
11.152	5.060
11.121	5.049
11.091	5.040
11.062	5.031
11.036	5.023
11.011	5.015
10.988	5.009
10.968	5.004
10.950	5.000
10.935	4.998
10.923	4.997
10.915	4.997
10.909	5.000
10.908	5.004
10.909	5.010
10.914	5.017
10.922	5.026
10.933	5.036
10.947	5.047
10.962	5.059
10.980	5.072
11.000	5.086
11.022	5.101
11.045	5.115
11.069	5.130
11.094	5.146
11.120	5.161
11.147	5.176
11.174	5.192
11.202	5.206
11.230	5.221
11.258	5.236
11.287	5.250
11.316	5.265
11.345	5.279
11.374	5.293
11.403	5.308
11.433	5.322
11.462	5.336
11.492	5.350
11.521	5.364
11.551	5.378
11.580	5.392
11.609	5.406
11.638	5.420
11.667	5.434
11.696	5.448
11.724	5.462
11.752	5.476
11.779	5.490
11.806	5.505
11.833	5.519
11.859	5.534
11.885	5.549
11.910	5.564
11.935	5.578
11.960	5.593
11.984	5.608
12.008	5.623
12.033	5.638
12.057	5.653
12.081	5.668
12.105	5.683
12.129	5.698
12.154	5.713
12.178	5.728
12.203	5.742
12.228	5.757
12.254	5.771
12.279	5.786
12.306	5.800
12.332	5.814
12.360	5.828
12.387	5.841
12.416	5.855
12.445	5.868
12.474	5.881
12.504	5.894
12.534	5.907
12.564	5.919
12.595	5.932
12.626	5.944
12.658	5.956
12.689	5.968
12.721	5.980
12.753	5.992
12.785	6.004
12.817	6.016
12.849	6.027
12.881	6.038
12.913	6.050
12.944	6.061
12.976	6.072
13.007	6.083
13.039	6.094
13.069	6.105
13.100	6.116
13.130	6.127
13.160	6.138
13.190	6.148
13.219	6.159
13.248	6.170
13.276	6.181
13.305	6.191
13.333	6.202
13.360	6.213
13.388	6.223
13.415	6.234
13.442	6.245
13.469	6.256
13.496	6.266
13.522	6.277
13.549	6.288
13.575	6.299
13.602	6.310
13.628	6.321
13.654	6.332
13.680	6.343
13.706	6.355
13.732	6.366
13.759	6.377
13.785	6.389
13.811	6.401
13.837	6.412
13.863	6.424
13.889	6.436
13.915	6.448
13.941	6.460
13.967	6.473
13.992	6.485
14.018	6.497
14.043	6.510
14.069	6.522
14.094	6.535
14.119	6.548
14.144	6.561
14.168	6.574
14.193	6.587
14.217	6.600
14.241	6.614
14.265	6.627
14.288	6.640
14.311	6.654
14.334	6.668
14.357	6.681
14.379	6.695
14.401	6.709
14.423	6.724
14.444	6.738
14.465	6.752
14.486	6.767
14.506	6.781
14.526	6.796
14.546	6.811
14.565	6.826
14.583	6.841
14.602	6.857
14.620	6.872
14.637	6.888
14.654	6.903
14.670	6.919
14.686	6.935
14.701	6.952
14.715	6.968
14.728	6.984
14.740	7.001
14.751	7.017
14.761	7.033
14.769	7.050
14.776	7.066
14.780	7.082
14.783	7.098
14.785	7.114
14.784	7.130
14.781	7.145
14.775	7.161
14.768	7.176
14.759	7.190
14.748	7.204
14.735	7.217
14.721	7.229
14.704	7.241
14.686	7.251
14.665	7.261
14.644	7.269
14.620	7.276
14.595	7.281
14.569	7.286
14.540	7.288
14.511	7.289
14.480	7.289
14.448	7.287
14.415	7.284
14.380	7.280
14.345	7.275
14.308	7.269
14.271	7.261
14.233	7.253
14.195	7.244
14.155	7.233
14.116	7.222
14.075	7.211
14.035	7.198
13.994	7.185
13.953	7.171
13.912	7.157
13.871	7.142
13.829	7.127
13.788	7.112
13.748	7.096
13.707	7.080
13.667	7.064
13.627	7.048
13.588	7.031
13.550	7.015
13.512	6.999
13.475	6.983
13.439	6.967
13.403	6.951
13.368	6.935
13.335	6.919
13.301	6.904
13.269	6.888
13.237	6.873
13.205	6.858
13.174	6.842
13.144	6.827
13.114	6.812
13.085	6.796
13.055	6.781
13.027	6.766
12.998	6.750
12.970	6.735
12.943	6.719
12.915	6.703
12.888	6.688
12.860	6.672
12.833	6.656
12.806	6.639
12.779	6.623
12.752	6.607
12.725	6.590
12.698	6.573
12.671	6.556
12.644	6.538
12.617	6.521
12.590	6.503
12.563	6.486
12.535	6.468
12.508	6.450
12.481	6.433
12.453	6.415
12.426	6.397
12.398	6.380
12.370	6.362
12.342	6.345
12.315	6.328
12.287	6.310
12.259	6.294
12.231	6.277
12.203	6.261
12.174	6.245
12.146	6.229
12.118	6.213
12.089	6.198
12.061	6.184
12.032	6.169
12.003	6.156
11.974	6.142
11.946	6.129
11.917	6.116
11.888	6.103
11.859	6.091
11.830	6.079
11.802	6.067
11.773	6.055
11.745	6.044
11.716	6.032
11.688	6.021
11.660	6.010
11.632	5.999
11.604	5.987
11.576	5.976
11.549	5.965
11.522	5.954
11.495	5.942
11.469	5.931
11.443	5.919
11.417	5.907
11.391	5.895
11.366	5.883
11.341	5.871
11.316	5.858
11.292	5.846
11.268	5.833
11.244	5.820
11.221	5.807
11.198	5.794
11.175	5.780
11.152	5.767
11.130	5.753
11.108	5.740
11.086	5.726
11.064	5.712
11.042	5.698
11.021	5.685
11.000	5.671
10.979	5.657
10.958	5.642
10.937	5.628
10.917	5.614
10.896	5.600
10.876	5.586
10.855	5.572
10.834	5.558
10.814	5.544
10.793	5.529
10.772	5.515
10.750	5.501
10.728	5.487
10.706	5.473
10.684	5.459
10.661	5.445
10.637	5.432
10.613	5.418
10.589	5.404
10.564	5.390
10.538	5.377
10.511	5.363
10.484	5.350
10.456	5.337
10.428	5.324
10.399	5.311
10.370	5.297
10.341	5.284
10.311	5.272
10.282	5.259
10.252	5.246
10.223	5.233
10.193	5.220
10.164	5.207
10.135	5.195
10.106	5.182
10.078	5.169
10.050	5.156
10.023	5.144
9.996	5.131
9.970	5.118
9.945	5.105
9.921	5.093
9.898	5.080
9.876	5.067
9.855	5.054
9.834	5.041
9.814	5.029
9.795	5.016
9.776	5.004
9.758	4.993
9.740	4.982
9.721	4.972
9.703	4.962
9.685	4.953
9.666	4.945
9.647	4.937
9.627	4.931
9.607	4.926
9.586	4.921
9.564	4.918
9.541	4.917
9.518	4.916
9.494	4.915
9.469	4.915
9.444	4.916
9.419	4.916
9.393	4.916
9.368	4.915
9.343	4.915
9.317	4.913
9.292	4.910
9.268	4.906
9.244	4.900
9.220	4.892
9.198	4.883
9.176	4.872
9.155	4.858
9.135	4.841
9.116	4.822
9.099	4.801
9.083	4.778
9.068	4.752
9.054	4.725
9.041	4.696
9.030	4.666
9.021	4.635
9.013	4.602
9.006	4.569
9.001	4.535
8.997	4.501
8.995	4.466
8.995	4.431
8.997	4.396
9.000	4.362
9.005	4.328
9.011	4.294
9.020	4.262
9.030	4.230
9.043	4.200
9.057	4.170
