X	Y
14.914	6.884
14.917	6.861
14.921	6.839
14.926	6.816
14.932	6.794
14.938	6.772
14.946	6.749
14.954	6.727
14.963	6.705
14.973	6.682
14.984	6.660
14.996	6.637
15.008	6.615
15.021	6.592
15.034	6.570
15.048	6.547
15.063	6.525
15.078	6.502
15.093	6.479
15.109	6.456
15.125	6.433
15.142	6.410
15.159	6.387
15.177	6.364
15.196	6.340
15.214	6.317
15.234	6.293
15.254	6.270
15.274	6.246
15.295	6.222
15.317	6.198
15.339	6.174
15.362	6.150
15.385	6.126
15.409	6.102
15.434	6.078
15.459	6.053
15.485	6.029
15.512	6.004
15.539	5.980
15.567	5.955
15.596	5.930
15.625	5.905
15.655	5.880
15.686	5.855
15.717	5.830
15.749	5.805
15.781	5.779
15.814	5.754
15.847	5.729
15.881	5.704
15.915	5.678
15.949	5.653
15.984	5.628
16.019	5.603
16.054	5.578
16.089	5.552
16.124	5.528
16.160	5.503
16.195	5.478
16.231	5.453
16.266	5.429
16.301	5.404
16.337	5.380
16.372	5.356
16.407	5.332
16.442	5.308
16.476	5.285
16.511	5.261
16.544	5.238
16.578	5.215
16.611	5.193
16.644	5.170
16.677	5.148
16.709	5.126
16.741	5.104
16.773	5.083
16.804	5.061
16.836	5.040
16.868	5.019
16.899	4.998
16.931	4.978
16.963	4.957
16.995	4.937
17.027	4.917
17.060	4.897
17.093	4.877
17.127	4.857
17.161	4.837
17.195	4.818
17.230	4.798
17.266	4.779
17.302	4.759
17.339	4.740
17.377	4.721
17.416	4.702
17.455	4.683
17.496	4.664
17.537	4.645
17.580	4.626
17.624	4.607
17.668	4.588
17.714	4.569
17.761	4.550
17.809	4.531
17.858	4.512
17.907	4.493
17.958	4.475
18.009	4.456
18.061	4.437
18.114	4.418
18.167	4.399
18.221	4.380
18.276	4.362
18.331	4.343
18.387	4.324
18.443	4.305
18.500	4.286
18.557	4.268
18.614	4.249
18.672	4.230
18.730	4.211
18.788	4.192
18.847	4.173
18.906	4.155
18.965	4.136
19.024	4.117
19.083	4.098
19.142	4.079
19.200	4.060
19.259	4.041
19.318	4.022
19.377	4.003
19.435	3.984
19.494	3.965
19.552	3.946
19.609	3.927
19.667	3.908
19.724	3.889
19.780	3.870
19.836	3.851
19.892	3.832
19.947	3.812
20.001	3.793
20.055	3.774
20.109	3.755
20.162	3.735
20.215	3.716
20.268	3.697
20.320	3.678
20.372	3.658
20.423	3.639
20.474	3.620
20.525	3.601
20.576	3.582
20.627	3.563
20.677	3.544
20.728	3.525
20.778	3.506
20.828	3.487
20.878	3.468
20.928	3.450
20.978	3.431
21.029	3.413
21.079	3.394
21.129	3.376
21.179	3.358
21.230	3.340
21.281	3.322
21.332	3.304
21.383	3.286
21.434	3.269
21.486	3.251
21.538	3.234
21.590	3.217
21.643	3.200
21.696	3.183
21.749	3.167
21.803	3.150
21.857	3.134
21.912	3.118
21.967	3.102
22.023	3.087
22.079	3.071
22.136	3.056
22.193	3.041
22.250	3.026
22.307	3.011
22.365	2.997
22.422	2.983
22.480	2.969
22.538	2.955
22.595	2.941
22.653	2.928
22.710	2.914
22.768	2.901
22.825	2.889
22.881	2.876
22.938	2.864
22.994	2.851
23.049	2.839
23.104	2.828
23.159	2.816
23.213	2.805
23.266	2.793
23.318	2.782
23.370	2.772
23.421	2.761
23.471	2.751
23.521	2.741
23.569	2.731
23.616	2.721
23.663	2.711
23.708	2.702
23.752	2.693
23.795	2.684
23.836	2.676
23.876	2.667
23.915	2.659
23.953	2.651
23.989	2.643
24.023	2.636
24.057	2.628
24.089	2.621
24.121	2.615
24.151	2.608
24.181	2.602
24.210	2.596
24.238	2.590
24.266	2.585
24.293	2.580
24.320	2.576
24.347	2.571
24.373	2.567
24.400	2.564
24.426	2.561
24.453	2.558
24.479	2.556
24.506	2.554
24.534	2.552
24.562	2.551
24.590	2.551
24.619	2.550
24.648	2.551
24.678	2.551
24.708	2.552
24.739	2.553
24.769	2.555
24.800	2.557
24.831	2.559
24.861	2.562
24.892	2.565
24.923	2.568
24.953	2.571
24.984	2.574
25.014	2.578
25.044	2.582
25.073	2.586
25.102	2.590
25.131	2.594
25.159	2.598
25.186	2.602
25.213	2.607
25.239	2.611
25.265	2.616
25.290	2.620
25.314	2.625
25.338	2.630
25.362	2.634
25.385	2.639
25.408	2.644
25.430	2.649
25.452	2.655
25.474	2.660
25.496	2.665
25.517	2.671
25.539	2.676
25.560	2.682
25.581	2.688
25.602	2.694
25.623	2.700
25.644	2.707
25.664	2.713
25.685	2.721
25.705	2.728
25.724	2.736
25.743	2.745
25.762	2.754
25.780	2.764
25.797	2.775
25.813	2.787
25.829	2.799
25.844	2.813
25.858	2.827
25.871	2.843
25.883	2.859
25.894	2.877
25.905	2.895
25.914	2.914
25.924	2.934
25.932	2.955
25.940	2.976
25.948	2.997
25.955	3.019
25.962	3.042
25.969	3.064
25.975	3.087
25.982	3.110
25.988	3.133
25.995	3.156
26.001	3.179
26.008	3.202
26.015	3.225
26.021	3.248
26.028	3.271
26.034	3.295
26.041	3.318
26.047	3.341
26.053	3.364
26.060	3.388
26.065	3.411
26.071	3.435
26.077	3.459
26.082	3.483
26.087	3.508
26.091	3.533
26.095	3.558
26.099	3.583
26.102	3.608
26.106	3.634
26.108	3.660
26.111	3.686
26.113	3.712
26.115	3.738
26.117	3.765
26.118	3.791
26.120	3.817
26.121	3.844
26.123	3.870
26.124	3.896
26.125	3.922
26.126	3.948
26.127	3.973
26.128	3.998
26.129	4.024
26.131	4.048
26.132	4.073
26.133	4.097
26.135	4.121
26.136	4.144
26.138	4.168
26.139	4.191
26.141	4.214
26.142	4.236
26.143	4.259
26.144	4.281
26.145	4.304
26.146	4.326
26.147	4.348
26.147	4.370
26.147	4.393
26.147	4.415
26.147	4.437
26.146	4.459
26.145	4.482
26.144	4.504
26.143	4.527
26.141	4.549
26.139	4.572
26.137	4.595
26.135	4.618
26.133	4.642
26.130	4.665
26.128	4.689
26.125	4.713
26.122	4.738
26.119	4.762
26.116	4.788
26.113	4.813
26.110	4.839
26.106	4.865
26.103	4.891
26.099	4.918
26.095	4.945
26.091	4.972
26.086	4.999
26.081	5.026
26.076	5.054
26.070	5.081
26.064	5.109
26.057	5.136
26.049	5.163
26.040	5.190
26.031	5.217
26.021	5.244
26.011	5.271
25.999	5.297
25.986	5.323
25.973	5.349
25.958	5.374
25.942	5.399
25.926	5.423
25.909	5.447
25.891	5.471
25.873	5.494
25.854	5.517
25.835	5.539
25.816	5.561
25.796	5.582
25.776	5.603
25.757	5.623
25.737	5.642
25.717	5.661
25.698	5.679
25.679	5.697
25.661	5.714
25.643	5.730
25.625	5.746
25.608	5.761
25.592	5.775
25.577	5.788
25.562	5.802
25.547	5.814
25.532	5.827
25.518	5.839
25.503	5.851
25.488	5.863
25.472	5.875
25.456	5.887
25.439	5.899
25.421	5.912
25.402	5.925
25.383	5.938
25.362	5.952
25.339	5.966
25.316	5.981
25.291	5.996
25.265	6.011
25.238	6.027
25.210	6.043
25.182	6.060
25.152	6.076
25.121	6.092
25.090	6.109
25.058	6.125
25.025	6.142
24.992	6.158
24.957	6.174
24.923	6.190
24.888	6.206
24.852	6.221
24.816	6.236
24.780	6.250
24.743	6.264
24.706	6.278
24.669	6.291
24.632	6.303
24.595	6.314
24.558	6.325
24.520	6.335
24.483	6.344
24.446	6.353
24.408	6.361
24.371	6.368
24.333	6.376
24.296	6.382
24.258	6.388
24.220	6.394
24.182	6.400
24.144	6.405
24.106	6.410
24.068	6.415
24.030	6.420
23.991	6.424
23.953	6.429
23.914	6.434
23.875	6.439
23.836	6.444
23.797	6.449
23.757	6.455
23.718	6.460
23.678	6.467
23.638	6.473
23.598	6.480
23.557	6.487
23.516	6.495
23.475	6.504
23.434	6.513
23.393	6.523
23.351	6.533
23.310	6.543
23.268	6.555
23.226	6.566
23.184	6.578
23.142	6.591
23.100	6.603
23.058	6.617
23.016	6.630
22.974	6.644
22.932	6.657
22.890	6.671
22.849	6.686
22.807	6.700
22.766	6.715
22.725	6.729
22.684	6.744
22.643	6.759
22.603	6.774
22.563	6.788
22.523	6.803
22.484	6.818
22.445	6.832
22.407	6.846
22.369	6.861
22.331	6.875
22.294	6.888
22.257	6.902
22.221	6.915
22.185	6.928
22.150	6.941
22.116	6.953
22.081	6.966
22.047	6.978
22.014	6.990
21.981	7.001
21.948	7.013
21.915	7.025
21.883	7.036
21.850	7.047
21.818	7.058
21.786	7.070
21.754	7.081
21.723	7.092
21.691	7.103
21.659	7.114
21.627	7.125
21.596	7.136
21.564	7.147
21.532	7.159
21.500	7.170
21.467	7.181
21.435	7.193
21.402	7.205
21.369	7.217
21.336	7.229
21.303	7.241
21.269	7.253
21.235	7.265
21.201	7.278
21.167	7.290
21.133	7.303
21.099	7.316
21.064	7.329
21.029	7.341
20.994	7.354
20.959	7.368
20.924	7.381
20.889	7.394
20.853	7.407
20.818	7.420
20.782	7.434
20.746	7.447
20.711	7.461
20.675	7.474
20.639	7.488
20.602	7.501
20.566	7.515
20.530	7.528
20.494	7.542
20.457	7.555
20.421	7.569
20.384	7.582
20.348	7.596
20.311	7.609
20.275	7.623
20.238	7.636
20.201	7.650
20.164	7.663
20.127	7.676
20.090	7.689
20.053	7.703
20.015	7.716
19.978	7.729
19.941	7.741
19.903	7.754
19.865	7.767
19.828	7.779
19.790	7.792
19.752	7.804
19.713	7.816
19.675	7.828
19.637	7.840
19.598	7.851
19.560	7.863
19.521	7.874
19.482	7.885
19.443	7.896
19.404	7.907
19.364	7.918
19.325	7.928
19.285	7.938
19.246	7.948
19.206	7.958
19.167	7.968
19.127	7.977
19.087	7.986
19.047	7.996
19.008	8.005
18.968	8.013
18.928	8.022
18.889	8.030
18.849	8.039
18.810	8.047
18.771	8.055
18.731	8.062
18.692	8.070
18.654	8.077
18.615	8.085
18.576	8.092
18.538	8.099
18.500	8.106
18.462	8.112
18.425	8.119
18.387	8.125
18.350	8.132
18.314	8.138
18.277	8.144
18.241	8.150
18.205	8.156
18.170	8.161
18.135	8.167
18.101	8.173
18.067	8.179
18.033	8.185
18.000	8.191
17.968	8.197
17.936	8.203
17.904	8.209
17.873	8.215
17.843	8.222
17.813	8.229
17.785	8.236
17.756	8.243
17.729	8.251
17.702	8.259
17.676	8.268
17.650	8.276
17.626	8.285
17.602	8.295
17.579	8.305
17.557	8.315
17.535	8.325
17.514	8.336
17.493	8.346
17.473	8.357
17.453	8.368
17.433	8.378
17.413	8.388
17.394	8.398
17.374	8.407
17.355	8.416
17.335	8.424
17.315	8.432
17.295	8.439
17.275	8.445
17.254	8.450
17.233	8.455
17.212	8.459
17.190	8.463
17.167	8.465
17.145	8.468
17.122	8.470
17.099	8.471
17.075	8.472
17.051	8.473
17.027	8.474
17.002	8.474
16.977	8.475
16.951	8.475
16.926	8.475
16.900	8.476
16.873	8.476
16.846	8.477
16.819	8.478
16.792	8.478
16.765	8.479
16.737	8.480
16.710	8.480
16.682	8.480
16.655	8.480
16.628	8.480
16.601	8.480
16.574	8.479
16.548	8.478
16.522	8.476
16.496	8.474
16.471	8.471
16.446	8.468
16.422	8.464
16.399	8.460
16.376	8.454
16.354	8.449
16.332	8.442
16.311	8.435
16.291	8.428
16.271	8.420
16.251	8.412
16.231	8.404
16.212	8.395
16.193	8.387
16.174	8.378
16.155	8.369
16.136	8.360
16.117	8.352
16.097	8.343
16.078	8.335
16.058	8.327
16.038	8.320
16.018	8.312
15.997	8.305
15.977	8.297
15.956	8.290
15.935	8.283
15.914	8.276
15.894	8.269
15.873	8.261
15.851	8.254
15.830	8.246
15.809	8.238
15.788	8.230
15.768	8.221
15.747	8.213
15.726	8.204
15.705	8.194
15.685	8.184
15.664	8.174
15.643	8.163
15.623	8.152
15.602	8.141
15.581	8.129
15.561	8.117
15.540	8.104
15.519	8.092
15.498	8.078
15.477	8.065
15.456	8.050
15.434	8.036
15.413	8.021
15.391	8.006
15.369	7.990
15.347	7.974
15.325	7.957
15.303	7.940
15.282	7.923
15.260	7.905
15.239	7.887
15.218	7.869
15.198	7.850
15.178	7.831
15.159	7.811
15.141	7.791
15.123	7.771
15.106	7.751
15.090	7.730
15.076	7.709
15.062	7.688
15.049	7.666
15.038	7.644
15.028	7.622
15.019	7.600
15.011	7.577
15.004	7.554
14.998	7.531
14.992	7.508
14.988	7.485
14.984	7.461
14.980	7.438
14.977	7.414
14.974	7.391
14.971	7.367
14.968	7.344
14.965	7.320
14.962	7.296
14.959	7.273
14.956	7.249
14.952	7.226
14.948	7.203
14.943	7.179
14.939	7.156
14.935	7.133
14.931	7.110
14.927	7.087
14.923	7.064
14.920	7.042
14.917	7.019
14.915	6.996
14.913	6.974
14.912	6.951
14.912	6.929
14.913	6.906
14.914	6.884
