X	Y
69.837	40.761
70.032	40.560
70.285	40.404
70.590	40.289
70.944	40.211
71.340	40.166
71.773	40.153
72.238	40.167
72.730	40.204
73.243	40.261
73.772	40.336
74.313	40.423
74.859	40.521
75.406	40.625
75.948	40.732
76.480	40.839
76.997	40.943
77.498	41.041
77.983	41.135
78.454	41.226
78.913	41.314
79.362	41.402
79.804	41.489
80.238	41.578
80.668	41.668
81.095	41.762
81.521	41.859
81.947	41.962
82.376	42.070
82.810	42.186
83.249	42.310
83.696	42.443
84.153	42.586
84.619	42.739
85.095	42.902
85.578	43.074
86.067	43.252
86.561	43.437
87.058	43.628
87.558	43.823
88.058	44.022
88.558	44.223
89.056	44.426
89.551	44.629
90.042	44.832
90.526	45.034
91.004	45.233
91.473	45.429
91.933	45.621
92.381	45.807
92.817	45.987
93.241	46.161
93.653	46.329
94.054	46.492
94.447	46.651
94.833	46.807
95.212	46.961
95.586	47.113
95.957	47.264
96.325	47.416
96.692	47.569
97.060	47.724
97.429	47.882
97.802	48.043
98.178	48.209
98.560	48.380
98.948	48.556
99.341	48.736
99.740	48.919
100.145	49.105
100.555	49.291
100.971	49.479
101.392	49.666
101.818	49.853
102.249	50.037
102.686	50.219
103.128	50.398
103.574	50.572
104.026	50.741
104.483	50.904
104.945	51.060
105.411	51.209
105.878	51.351
106.343	51.488
106.800	51.623
107.246	51.755
107.677	51.888
108.088	52.022
108.476	52.159
108.835	52.301
109.162	52.449
109.452	52.605
109.702	52.771
109.907	52.948
110.063	53.138
110.168	53.342
110.230	53.560
110.257	53.793
110.258	54.041
110.242	54.304
110.218	54.583
110.195	54.877
110.182	55.186
110.186	55.511
110.217	55.853
110.272	56.207
110.344	56.573
110.428	56.946
110.518	57.323
110.607	57.702
110.690	58.079
110.759	58.451
110.811	58.815
110.837	59.169
110.832	59.509
110.790	59.832
110.706	60.134
110.576	60.416
110.407	60.678
110.206	60.924
109.979	61.155
109.733	61.373
109.474	61.582
109.210	61.783
108.946	61.978
108.690	62.171
108.448	62.362
108.226	62.556
108.029	62.753
107.854	62.954
107.700	63.162
107.562	63.376
107.439	63.598
107.329	63.829
107.229	64.070
107.137	64.323
107.049	64.587
106.964	64.864
106.880	65.152
106.794	65.447
106.705	65.749
106.611	66.055
106.509	66.362
106.397	66.668
106.273	66.972
106.136	67.270
105.984	67.562
105.813	67.843
105.624	68.114
105.418	68.374
105.198	68.624
104.965	68.865
104.723	69.096
104.473	69.319
104.218	69.535
103.960	69.743
103.701	69.944
103.445	70.139
103.192	70.329
102.946	70.514
102.707	70.696
102.474	70.875
102.248	71.055
102.028	71.235
101.814	71.419
101.605	71.607
101.402	71.801
101.203	72.003
101.010	72.215
100.821	72.437
100.635	72.669
100.450	72.908
100.264	73.151
100.076	73.395
99.882	73.638
99.682	73.876
99.473	74.107
99.254	74.328
99.022	74.536
98.775	74.729
98.513	74.905
98.236	75.065
97.947	75.215
97.649	75.357
97.343	75.496
97.033	75.634
96.719	75.776
96.406	75.926
96.094	76.086
95.786	76.261
95.486	76.455
95.194	76.670
94.912	76.909
94.641	77.169
94.381	77.446
94.131	77.737
93.891	78.039
93.661	78.347
93.441	78.660
93.231	78.972
93.030	79.280
92.839	79.582
92.656	79.874
92.483	80.151
92.319	80.412
92.164	80.655
92.018	80.885
91.881	81.105
91.754	81.320
91.637	81.534
91.530	81.750
91.433	81.973
91.346	82.207
91.270	82.455
91.204	82.719
91.148	82.999
91.103	83.291
91.066	83.595
91.039	83.910
91.020	84.233
91.010	84.563
91.007	84.900
91.013	85.240
91.025	85.584
91.044	85.928
91.069	86.274
91.101	86.621
91.139	86.969
91.183	87.319
91.232	87.671
91.286	88.025
91.346	88.381
91.410	88.741
91.479	89.103
91.552	89.469
91.629	89.839
91.711	90.213
91.796	90.591
91.884	90.972
91.976	91.355
92.072	91.741
92.172	92.127
92.275	92.513
92.383	92.897
92.494	93.280
92.610	93.660
92.729	94.036
92.852	94.407
92.980	94.772
93.111	95.132
93.247	95.483
93.387	95.827
93.531	96.163
93.680	96.493
93.833	96.815
93.992	97.131
94.155	97.440
94.324	97.744
94.498	98.043
94.677	98.337
94.862	98.626
95.053	98.911
95.249	99.192
95.452	99.469
95.660	99.744
95.874	100.016
96.093	100.287
96.317	100.557
96.546	100.826
96.778	101.095
97.015	101.365
97.255	101.637
97.498	101.910
97.745	102.186
97.994	102.465
98.245	102.748
98.499	103.033
98.755	103.321
99.014	103.609
99.275	103.896
99.538	104.180
99.804	104.460
100.073	104.735
100.344	105.004
100.618	105.264
100.894	105.514
101.173	105.754
101.455	105.981
101.740	106.194
102.028	106.394
102.318	106.583
102.611	106.763
102.906	106.938
103.203	107.109
103.502	107.280
103.803	107.454
104.105	107.632
104.409	107.817
104.713	108.012
105.019	108.221
105.326	108.444
105.633	108.685
105.941	108.940
106.248	109.209
106.554	109.488
106.860	109.775
107.164	110.068
107.466	110.365
107.765	110.662
108.061	110.959
108.354	111.251
108.644	111.538
108.929	111.817
109.209	112.085
109.485	112.340
109.755	112.581
110.020	112.807
110.282	113.020
110.541	113.223
110.799	113.416
111.056	113.601
111.314	113.780
111.574	113.954
111.837	114.124
112.104	114.293
112.376	114.462
112.653	114.631
112.937	114.804
113.225	114.980
113.516	115.160
113.810	115.347
114.104	115.540
114.398	115.741
114.691	115.951
114.980	116.172
115.265	116.403
115.545	116.646
115.818	116.903
116.084	117.174
116.339	117.458
116.582	117.754
116.809	118.056
117.017	118.361
117.202	118.666
117.361	118.966
117.491	119.258
117.590	119.538
117.652	119.802
117.676	120.046
117.659	120.267
117.597	120.462
117.496	120.635
117.360	120.789
117.192	120.927
116.998	121.052
116.782	121.170
116.548	121.282
116.301	121.392
116.044	121.502
115.775	121.609
115.498	121.711
115.211	121.807
114.915	121.895
114.612	121.973
114.302	122.039
113.985	122.091
113.663	122.127
113.334	122.146
113.002	122.146
112.665	122.127
112.325	122.089
111.982	122.034
111.638	121.961
111.293	121.871
110.947	121.765
110.603	121.643
110.259	121.505
109.918	121.353
109.580	121.186
109.245	121.005
108.915	120.811
108.589	120.604
108.269	120.387
107.954	120.160
107.646	119.925
107.343	119.684
107.047	119.437
106.758	119.187
106.477	118.934
106.202	118.680
105.936	118.427
105.678	118.176
105.428	117.929
105.187	117.686
104.956	117.448
104.735	117.216
104.526	116.989
104.329	116.766
104.147	116.547
103.979	116.333
103.827	116.122
103.692	115.914
103.575	115.709
103.477	115.507
103.395	115.308
103.320	115.113
103.245	114.922
103.164	114.736
103.068	114.556
102.951	114.382
102.805	114.216
102.627	114.057
102.419	113.904
102.185	113.755
101.929	113.609
101.654	113.464
101.364	113.318
101.063	113.171
100.753	113.021
100.440	112.865
100.126	112.703
99.814	112.533
99.507	112.355
99.204	112.170
98.905	111.978
98.610	111.781
98.318	111.580
98.030	111.374
97.746	111.166
97.465	110.957
97.187	110.746
96.912	110.535
96.641	110.325
96.372	110.116
96.106	109.909
95.844	109.703
95.586	109.495
95.334	109.285
95.087	109.071
94.846	108.852
94.613	108.627
94.387	108.393
94.170	108.150
93.963	107.896
93.765	107.630
93.577	107.351
93.399	107.059
93.227	106.755
93.061	106.441
92.897	106.118
92.735	105.786
92.573	105.447
92.408	105.102
92.238	104.753
92.063	104.399
91.879	104.043
91.685	103.685
91.479	103.326
91.260	102.968
91.028	102.612
90.786	102.257
90.537	101.905
90.282	101.555
90.024	101.209
89.766	100.868
89.509	100.531
89.256	100.199
89.009	99.873
88.770	99.553
88.543	99.241
88.328	98.936
88.129	98.639
87.948	98.351
87.783	98.070
87.633	97.794
87.494	97.520
87.362	97.246
87.236	96.968
87.110	96.684
86.984	96.392
86.852	96.088
86.713	95.770
86.564	95.435
86.400	95.081
86.220	94.706
86.025	94.311
85.817	93.900
85.596	93.475
85.364	93.039
85.124	92.594
84.876	92.143
84.622	91.689
84.363	91.233
84.102	90.780
83.839	90.331
83.576	89.889
83.315	89.457
83.057	89.037
82.803	88.632
82.556	88.244
82.316	87.877
82.086	87.531
81.863	87.205
81.648	86.896
81.439	86.601
81.237	86.317
81.040	86.042
80.847	85.773
80.657	85.507
80.471	85.241
80.286	84.973
80.103	84.700
79.920	84.420
79.737	84.129
79.554	83.828
79.374	83.519
79.196	83.203
79.023	82.882
78.856	82.556
78.695	82.228
78.543	81.898
78.400	81.569
78.267	81.241
78.146	80.916
78.038	80.596
77.945	80.281
77.865	79.973
77.797	79.671
77.739	79.375
77.688	79.086
77.643	78.803
77.601	78.525
77.560	78.254
77.518	77.988
77.473	77.728
77.423	77.474
77.367	77.225
77.303	76.979
77.231	76.734
77.151	76.491
77.062	76.246
76.964	75.998
76.855	75.746
76.736	75.488
76.606	75.223
76.464	74.950
76.313	74.668
76.153	74.379
75.987	74.082
75.816	73.779
75.641	73.469
75.464	73.153
75.287	72.832
75.111	72.505
74.938	72.174
74.769	71.838
74.606	71.498
74.450	71.154
74.302	70.806
74.159	70.454
74.023	70.096
73.892	69.733
73.765	69.364
73.643	68.988
73.524	68.605
73.408	68.214
73.294	67.815
73.181	67.407
73.070	66.989
72.960	66.562
72.849	66.124
72.737	65.676
72.625	65.218
72.512	64.753
72.398	64.281
72.284	63.805
72.169	63.326
72.053	62.847
71.937	62.369
71.821	61.894
71.704	61.423
71.586	60.959
71.469	60.503
71.351	60.057
71.232	59.623
71.114	59.203
70.996	58.798
70.877	58.410
70.758	58.039
70.638	57.682
70.517	57.338
70.393	57.003
70.265	56.675
70.134	56.352
69.999	56.030
69.858	55.707
69.711	55.381
69.558	55.049
69.397	54.709
69.228	54.357
69.050	53.992
68.866	53.613
68.680	53.224
68.495	52.827
68.315	52.425
68.146	52.020
67.991	51.615
67.853	51.212
67.738	50.815
67.650	50.425
67.591	50.046
67.568	49.679
67.582	49.329
67.640	48.996
67.744	48.684
67.890	48.390
68.069	48.111
68.273	47.842
68.495	47.579
68.725	47.318
68.956	47.054
69.179	46.785
69.386	46.504
69.568	46.209
69.718	45.895
69.827	45.559
69.888	45.196
69.907	44.810
69.893	44.408
69.854	43.996
69.798	43.578
69.736	43.161
69.675	42.751
69.624	42.354
69.593	41.975
69.590	41.620
69.623	41.296
69.703	41.007
69.837	40.761
