X	Y
14.259	5.529
14.281	5.509
14.306	5.491
14.334	5.474
14.365	5.460
14.400	5.447
14.438	5.436
14.478	5.426
14.521	5.418
14.566	5.412
14.614	5.406
14.664	5.402
14.716	5.399
14.770	5.397
14.826	5.396
14.883	5.396
14.942	5.397
15.002	5.399
15.063	5.401
15.125	5.404
15.188	5.407
15.252	5.410
15.316	5.414
15.381	5.418
15.446	5.422
15.511	5.427
15.576	5.431
15.641	5.435
15.706	5.439
15.770	5.443
15.834	5.446
15.897	5.449
15.959	5.451
16.020	5.453
16.080	5.454
16.139	5.454
16.197	5.454
16.255	5.454
16.312	5.453
16.368	5.452
16.423	5.450
16.478	5.449
16.532	5.446
16.585	5.444
16.638	5.441
16.691	5.438
16.743	5.435
16.794	5.431
16.846	5.427
16.897	5.424
16.947	5.420
16.998	5.416
17.048	5.411
17.098	5.407
17.148	5.403
17.197	5.399
17.247	5.395
17.297	5.391
17.346	5.387
17.396	5.383
17.446	5.380
17.495	5.376
17.545	5.373
17.596	5.370
17.646	5.367
17.697	5.365
17.748	5.363
17.799	5.361
17.851	5.359
17.902	5.357
17.954	5.356
18.006	5.355
18.059	5.354
18.111	5.353
18.164	5.353
18.217	5.352
18.271	5.352
18.324	5.352
18.378	5.352
18.432	5.352
18.487	5.353
18.541	5.353
18.596	5.354
18.651	5.354
18.707	5.355
18.762	5.356
18.818	5.357
18.874	5.359
18.930	5.360
18.987	5.361
19.044	5.362
19.101	5.364
19.158	5.365
19.215	5.367
19.273	5.369
19.331	5.370
19.389	5.372
19.448	5.373
19.507	5.375
19.565	5.377
19.624	5.379
19.683	5.380
19.743	5.382
19.802	5.384
19.861	5.386
19.920	5.388
19.979	5.390
20.039	5.392
20.098	5.394
20.157	5.396
20.215	5.398
20.274	5.400
20.333	5.402
20.391	5.405
20.449	5.407
20.506	5.409
20.564	5.412
20.621	5.414
20.678	5.417
20.734	5.420
20.790	5.422
20.845	5.425
20.900	5.428
20.955	5.431
21.009	5.434
21.062	5.437
21.115	5.440
21.167	5.443
21.219	5.446
21.270	5.450
21.320	5.453
21.370	5.457
21.419	5.460
21.467	5.464
21.514	5.468
21.561	5.472
21.608	5.476
21.653	5.480
21.698	5.484
21.742	5.488
21.786	5.493
21.829	5.497
21.871	5.502
21.913	5.507
21.954	5.512
21.995	5.517
22.035	5.523
22.074	5.528
22.113	5.534
22.151	5.539
22.189	5.545
22.226	5.551
22.262	5.558
22.298	5.564
22.333	5.571
22.368	5.578
22.402	5.585
22.436	5.592
22.469	5.600
22.502	5.608
22.534	5.616
22.566	5.625
22.597	5.634
22.628	5.643
22.658	5.654
22.688	5.664
22.718	5.676
22.747	5.688
22.776	5.700
22.804	5.714
22.832	5.728
22.860	5.743
22.887	5.759
22.914	5.776
22.940	5.793
22.967	5.812
22.993	5.832
23.018	5.852
23.044	5.873
23.069	5.895
23.094	5.918
23.119	5.941
23.143	5.966
23.167	5.990
23.191	6.016
23.215	6.042
23.238	6.068
23.262	6.095
23.285	6.123
23.308	6.150
23.331	6.179
23.353	6.207
23.376	6.236
23.398	6.265
23.420	6.294
23.442	6.324
23.464	6.354
23.485	6.384
23.506	6.414
23.527	6.444
23.546	6.474
23.565	6.504
23.582	6.535
23.599	6.565
23.614	6.595
23.627	6.626
23.640	6.656
23.650	6.686
23.659	6.716
23.665	6.746
23.670	6.776
23.673	6.806
23.673	6.836
23.670	6.866
23.665	6.895
23.658	6.924
23.648	6.953
23.636	6.982
23.622	7.010
23.606	7.038
23.588	7.065
23.569	7.093
23.549	7.120
23.527	7.146
23.505	7.172
23.481	7.197
23.458	7.222
23.433	7.247
23.409	7.271
23.384	7.294
23.359	7.317
23.335	7.339
23.311	7.360
23.288	7.381
23.266	7.401
23.244	7.420
23.223	7.439
23.202	7.457
23.182	7.475
23.162	7.493
23.142	7.510
23.123	7.527
23.104	7.544
23.085	7.561
23.066	7.578
23.047	7.595
23.028	7.612
23.009	7.629
22.989	7.646
22.970	7.664
22.950	7.682
22.930	7.700
22.909	7.719
22.888	7.738
22.867	7.757
22.845	7.776
22.823	7.795
22.801	7.815
22.778	7.834
22.755	7.854
22.731	7.873
22.707	7.892
22.682	7.912
22.657	7.931
22.631	7.950
22.605	7.969
22.578	7.987
22.551	8.005
22.523	8.024
22.495	8.041
22.466	8.059
22.437	8.076
22.407	8.092
22.377	8.109
22.347	8.125
22.316	8.140
22.285	8.155
22.254	8.169
22.223	8.183
22.192	8.196
22.161	8.209
22.130	8.221
22.098	8.233
22.067	8.244
22.036	8.254
22.005	8.263
21.974	8.272
21.943	8.280
21.913	8.287
21.883	8.295
21.854	8.302
21.825	8.309
21.798	8.316
21.771	8.323
21.746	8.332
21.721	8.341
21.699	8.351
21.677	8.362
21.658	8.374
21.640	8.388
21.624	8.404
21.610	8.422
21.598	8.442
21.589	8.464
21.581	8.488
21.574	8.513
21.568	8.538
21.563	8.564
21.557	8.591
21.552	8.617
21.545	8.642
21.538	8.666
21.529	8.689
21.518	8.710
21.505	8.729
21.489	8.745
21.470	8.758
21.448	8.768
21.423	8.775
21.396	8.780
21.366	8.783
21.336	8.785
21.304	8.786
21.272	8.786
21.239	8.786
21.207	8.787
21.176	8.788
21.147	8.791
21.119	8.796
21.093	8.802
21.070	8.812
21.051	8.825
21.035	8.841
21.023	8.861
21.015	8.885
21.010	8.912
21.008	8.942
21.008	8.974
21.011	9.008
21.014	9.042
21.019	9.077
21.023	9.112
21.028	9.146
21.032	9.179
21.035	9.210
21.036	9.239
21.035	9.265
21.032	9.288
21.025	9.307
21.014	9.321
21.000	9.330
20.982	9.335
20.960	9.335
20.935	9.332
20.907	9.326
20.877	9.317
20.844	9.307
20.810	9.294
20.774	9.281
20.737	9.267
20.699	9.252
20.660	9.239
20.622	9.226
20.583	9.214
20.545	9.204
20.507	9.197
20.471	9.193
20.436	9.192
20.403	9.195
20.372	9.202
20.344	9.213
20.317	9.229
20.292	9.247
20.269	9.268
20.247	9.292
20.226	9.317
20.207	9.344
20.188	9.370
20.170	9.398
20.153	9.424
20.136	9.450
20.119	9.474
20.102	9.496
20.084	9.515
20.067	9.531
20.048	9.544
20.029	9.552
20.009	9.556
19.989	9.556
19.967	9.553
19.945	9.546
19.923	9.536
19.900	9.524
19.876	9.509
19.852	9.493
19.828	9.476
19.804	9.457
19.780	9.439
19.756	9.420
19.732	9.401
19.708	9.383
19.684	9.366
19.661	9.351
19.638	9.337
19.615	9.324
19.592	9.313
19.570	9.303
19.548	9.294
19.525	9.287
19.503	9.281
19.480	9.276
19.457	9.272
19.434	9.269
19.411	9.268
19.387	9.267
19.363	9.268
19.339	9.269
19.314	9.272
19.288	9.275
19.263	9.279
19.237	9.284
19.211	9.290
19.185	9.296
19.158	9.303
19.132	9.311
19.106	9.319
19.079	9.327
19.053	9.336
19.028	9.345
19.002	9.354
18.977	9.364
18.952	9.373
18.928	9.383
18.904	9.393
18.880	9.403
18.856	9.413
18.833	9.422
18.809	9.432
18.786	9.442
18.762	9.451
18.737	9.460
18.712	9.469
18.687	9.478
18.660	9.486
18.633	9.494
18.605	9.501
18.576	9.508
18.546	9.515
18.514	9.521
18.482	9.526
18.448	9.531
18.413	9.536
18.378	9.540
18.341	9.544
18.304	9.548
18.267	9.551
18.229	9.554
18.190	9.556
18.152	9.558
18.113	9.561
18.074	9.563
18.035	9.564
17.997	9.566
17.958	9.568
17.920	9.569
17.883	9.571
17.845	9.572
17.809	9.574
17.773	9.575
17.738	9.577
17.704	9.579
17.671	9.581
17.639	9.582
17.607	9.585
17.576	9.587
17.545	9.589
17.515	9.591
17.485	9.593
17.455	9.596
17.425	9.598
17.396	9.601
17.366	9.604
17.336	9.606
17.306	9.609
17.275	9.612
17.244	9.614
17.213	9.617
17.181	9.620
17.148	9.623
17.115	9.625
17.081	9.628
17.046	9.631
17.011	9.634
16.976	9.637
16.940	9.640
16.904	9.643
16.869	9.646
16.833	9.650
16.797	9.653
16.761	9.656
16.726	9.660
16.690	9.663
16.656	9.667
16.621	9.671
16.588	9.675
16.555	9.679
16.522	9.683
16.490	9.687
16.460	9.692
16.430	9.697
16.401	9.702
16.373	9.707
16.345	9.712
16.319	9.718
16.292	9.724
16.267	9.731
16.241	9.738
16.216	9.745
16.192	9.753
16.167	9.762
16.143	9.771
16.119	9.782
16.095	9.792
16.071	9.804
16.047	9.816
16.022	9.829
15.997	9.843
15.973	9.858
15.947	9.873
15.922	9.888
15.896	9.903
15.871	9.918
15.845	9.932
15.818	9.946
15.792	9.960
15.765	9.973
15.737	9.985
15.710	9.996
15.682	10.006
15.654	10.014
15.625	10.021
15.597	10.026
15.567	10.029
15.538	10.030
15.508	10.030
15.478	10.028
15.449	10.024
15.419	10.019
15.389	10.012
15.360	10.003
15.331	9.994
15.302	9.982
15.274	9.970
15.247	9.956
15.220	9.941
15.194	9.926
15.168	9.909
15.144	9.891
15.120	9.872
15.098	9.852
15.077	9.831
15.057	9.810
15.037	9.788
15.019	9.766
15.001	9.744
14.983	9.721
14.966	9.698
14.950	9.676
14.933	9.653
14.916	9.631
14.900	9.609
14.883	9.588
14.865	9.567
14.848	9.547
14.829	9.528
14.810	9.510
14.791	9.493
14.770	9.477
14.749	9.462
14.727	9.448
14.705	9.434
14.683	9.421
14.661	9.407
14.639	9.394
14.617	9.380
14.595	9.366
14.574	9.352
14.553	9.337
14.534	9.321
14.515	9.304
14.497	9.286
14.480	9.266
14.464	9.245
14.449	9.223
14.435	9.200
14.422	9.176
14.409	9.151
14.397	9.125
14.385	9.099
14.373	9.072
14.361	9.045
14.349	9.019
14.337	8.992
14.324	8.965
14.311	8.938
14.297	8.913
14.282	8.887
14.266	8.863
14.248	8.839
14.230	8.816
14.211	8.794
14.191	8.772
14.171	8.751
14.151	8.730
14.130	8.710
14.110	8.689
14.091	8.668
14.072	8.647
14.054	8.626
14.037	8.604
14.021	8.582
14.007	8.559
13.995	8.535
13.985	8.509
13.977	8.483
13.971	8.456
13.968	8.427
13.967	8.397
13.968	8.366
13.970	8.334
13.975	8.301
13.980	8.267
13.987	8.232
13.995	8.197
14.004	8.162
14.014	8.126
14.024	8.089
14.035	8.052
14.046	8.015
14.058	7.978
14.069	7.941
14.080	7.904
14.091	7.866
14.101	7.830
14.110	7.793
14.119	7.757
14.127	7.721
14.133	7.686
14.139	7.651
14.144	7.616
14.148	7.582
14.152	7.547
14.156	7.514
14.158	7.480
14.161	7.446
14.163	7.413
14.165	7.380
14.167	7.346
14.169	7.313
14.171	7.280
14.173	7.247
14.175	7.213
14.178	7.180
14.181	7.146
14.184	7.112
14.188	7.078
14.193	7.044
14.198	7.009
14.203	6.974
14.209	6.939
14.216	6.903
14.222	6.867
14.229	6.831
14.235	6.795
14.242	6.759
14.248	6.722
14.254	6.685
14.260	6.647
14.265	6.610
14.270	6.572
14.274	6.534
14.278	6.495
14.280	6.457
14.282	6.418
14.283	6.379
14.283	6.339
14.281	6.300
14.278	6.260
14.274	6.220
14.269	6.179
14.263	6.139
14.256	6.099
14.248	6.058
14.240	6.018
14.233	5.979
14.225	5.940
14.218	5.901
14.211	5.864
14.206	5.827
14.202	5.791
14.199	5.756
14.198	5.722
14.199	5.690
14.202	5.659
14.208	5.630
14.216	5.602
14.227	5.576
14.241	5.551
14.259	5.529
