X	Y
14.460	4.932
14.470	4.917
14.482	4.903
14.495	4.889
14.510	4.875
14.526	4.861
14.543	4.848
14.560	4.835
14.579	4.822
14.599	4.809
14.619	4.797
14.641	4.785
14.662	4.773
14.685	4.761
14.708	4.749
14.731	4.737
14.755	4.725
14.779	4.714
14.804	4.702
14.828	4.691
14.853	4.680
14.877	4.668
14.902	4.657
14.926	4.646
14.951	4.635
14.975	4.623
14.998	4.612
15.021	4.601
15.044	4.589
15.066	4.578
15.087	4.566
15.108	4.555
15.128	4.543
15.147	4.531
15.165	4.519
15.183	4.507
15.200	4.495
15.216	4.483
15.232	4.472
15.247	4.460
15.262	4.448
15.277	4.437
15.291	4.425
15.305	4.414
15.319	4.403
15.332	4.393
15.346	4.382
15.359	4.372
15.372	4.362
15.385	4.353
15.398	4.344
15.412	4.336
15.425	4.328
15.439	4.320
15.453	4.313
15.467	4.306
15.481	4.300
15.496	4.295
15.511	4.290
15.526	4.285
15.542	4.281
15.557	4.277
15.573	4.273
15.589	4.270
15.605	4.267
15.620	4.264
15.636	4.261
15.652	4.258
15.667	4.255
15.683	4.252
15.698	4.249
15.713	4.246
15.727	4.243
15.741	4.239
15.755	4.235
15.769	4.231
15.782	4.227
15.795	4.222
15.807	4.217
15.820	4.211
15.832	4.206
15.844	4.199
15.856	4.193
15.868	4.186
15.880	4.179
15.892	4.172
15.904	4.165
15.917	4.157
15.930	4.149
15.944	4.141
15.958	4.133
15.972	4.125
15.987	4.116
16.003	4.107
16.020	4.098
16.037	4.089
16.055	4.080
16.074	4.071
16.094	4.062
16.114	4.052
16.136	4.042
16.158	4.033
16.180	4.023
16.204	4.013
16.228	4.002
16.252	3.992
16.277	3.982
16.303	3.971
16.329	3.960
16.356	3.950
16.383	3.939
16.411	3.927
16.439	3.916
16.468	3.905
16.497	3.893
16.526	3.881
16.556	3.869
16.586	3.857
16.616	3.845
16.647	3.833
16.678	3.820
16.709	3.808
16.741	3.795
16.772	3.782
16.804	3.769
16.836	3.756
16.868	3.742
16.900	3.729
16.933	3.715
16.965	3.701
16.997	3.687
17.029	3.673
17.062	3.659
17.094	3.644
17.126	3.629
17.158	3.615
17.191	3.600
17.223	3.584
17.255	3.569
17.286	3.554
17.318	3.538
17.350	3.522
17.382	3.506
17.413	3.490
17.445	3.474
17.477	3.458
17.508	3.442
17.540	3.426
17.571	3.409
17.602	3.393
17.634	3.376
17.665	3.360
17.696	3.343
17.728	3.326
17.759	3.309
17.790	3.293
17.821	3.276
17.852	3.259
17.883	3.242
17.914	3.225
17.946	3.208
17.977	3.191
18.008	3.174
18.039	3.158
18.070	3.141
18.101	3.124
18.132	3.107
18.162	3.090
18.193	3.074
18.224	3.057
18.255	3.040
18.286	3.024
18.317	3.007
18.348	2.991
18.379	2.974
18.410	2.958
18.441	2.942
18.472	2.926
18.503	2.910
18.534	2.894
18.565	2.879
18.596	2.863
18.627	2.848
18.658	2.832
18.690	2.817
18.721	2.802
18.752	2.787
18.783	2.772
18.813	2.757
18.844	2.743
18.875	2.728
18.906	2.714
18.937	2.700
18.967	2.685
18.998	2.671
19.028	2.658
19.059	2.644
19.089	2.630
19.119	2.617
19.149	2.603
19.179	2.590
19.209	2.577
19.238	2.564
19.268	2.551
19.297	2.538
19.326	2.526
19.355	2.513
19.384	2.501
19.412	2.489
19.441	2.477
19.469	2.465
19.497	2.453
19.525	2.441
19.552	2.429
19.579	2.418
19.606	2.407
19.633	2.395
19.660	2.384
19.686	2.373
19.712	2.362
19.738	2.352
19.763	2.341
19.788	2.331
19.813	2.320
19.838	2.310
19.862	2.300
19.886	2.290
19.910	2.280
19.934	2.271
19.957	2.261
19.980	2.252
20.003	2.242
20.026	2.233
20.049	2.224
20.071	2.215
20.093	2.206
20.115	2.197
20.137	2.189
20.159	2.180
20.181	2.171
20.203	2.163
20.224	2.155
20.246	2.147
20.267	2.139
20.288	2.131
20.310	2.123
20.331	2.115
20.352	2.107
20.373	2.099
20.394	2.092
20.416	2.084
20.437	2.077
20.458	2.070
20.479	2.062
20.500	2.055
20.521	2.048
20.543	2.041
20.564	2.034
20.585	2.027
20.607	2.020
20.628	2.013
20.649	2.007
20.671	2.000
20.692	1.993
20.713	1.987
20.735	1.980
20.756	1.973
20.778	1.967
20.799	1.960
20.821	1.953
20.842	1.947
20.864	1.940
20.885	1.933
20.907	1.927
20.928	1.920
20.950	1.913
20.971	1.907
20.993	1.900
21.014	1.893
21.036	1.886
21.058	1.880
21.079	1.873
21.101	1.866
21.123	1.859
21.144	1.851
21.166	1.844
21.188	1.837
21.209	1.830
21.231	1.823
21.253	1.816
21.274	1.808
21.296	1.801
21.318	1.794
21.340	1.786
21.361	1.779
21.383	1.772
21.405	1.764
21.427	1.757
21.449	1.750
21.471	1.743
21.493	1.735
21.515	1.728
21.537	1.721
21.559	1.714
21.581	1.707
21.603	1.700
21.625	1.693
21.648	1.686
21.670	1.679
21.692	1.672
21.715	1.665
21.737	1.659
21.759	1.652
21.782	1.645
21.804	1.639
21.827	1.633
21.850	1.626
21.872	1.620
21.895	1.614
21.918	1.608
21.940	1.602
21.963	1.596
21.986	1.591
22.009	1.585
22.032	1.580
22.055	1.574
22.079	1.569
22.102	1.564
22.125	1.559
22.148	1.554
22.172	1.550
22.195	1.545
22.219	1.541
22.242	1.537
22.266	1.533
22.290	1.529
22.314	1.525
22.337	1.521
22.361	1.518
22.385	1.515
22.409	1.512
22.434	1.509
22.458	1.506
22.482	1.504
22.506	1.501
22.531	1.499
22.555	1.497
22.580	1.495
22.604	1.494
22.628	1.492
22.653	1.491
22.677	1.490
22.701	1.489
22.725	1.488
22.749	1.487
22.773	1.486
22.796	1.486
22.820	1.485
22.843	1.485
22.866	1.485
22.888	1.485
22.911	1.485
22.933	1.485
22.955	1.486
22.976	1.486
22.998	1.487
23.019	1.487
23.039	1.488
23.059	1.489
23.079	1.490
23.098	1.490
23.117	1.491
23.136	1.493
23.154	1.494
23.171	1.495
23.189	1.496
23.206	1.497
23.222	1.499
23.239	1.500
23.255	1.502
23.271	1.504
23.287	1.506
23.302	1.508
23.318	1.510
23.334	1.512
23.349	1.514
23.365	1.517
23.381	1.520
23.396	1.522
23.412	1.525
23.428	1.529
23.445	1.532
23.461	1.535
23.478	1.539
23.495	1.543
23.512	1.547
23.530	1.551
23.548	1.556
23.566	1.560
23.583	1.565
23.601	1.570
23.619	1.576
23.637	1.581
23.655	1.587
23.673	1.593
23.691	1.599
23.708	1.606
23.726	1.613
23.743	1.620
23.760	1.628
23.776	1.636
23.792	1.644
23.808	1.652
23.823	1.661
23.838	1.670
23.853	1.680
23.866	1.690
23.880	1.700
23.892	1.711
23.905	1.721
23.916	1.733
23.928	1.744
23.939	1.756
23.949	1.768
23.959	1.780
23.969	1.793
23.978	1.806
23.987	1.819
23.996	1.832
24.005	1.845
24.013	1.858
24.021	1.872
24.029	1.886
24.037	1.899
24.045	1.913
24.052	1.927
24.060	1.941
24.068	1.955
24.075	1.969
24.083	1.983
24.090	1.997
24.098	2.011
24.105	2.025
24.112	2.040
24.120	2.054
24.127	2.068
24.134	2.083
24.140	2.097
24.147	2.112
24.154	2.126
24.160	2.141
24.166	2.156
24.172	2.171
24.178	2.186
24.184	2.201
24.189	2.217
24.195	2.232
24.199	2.248
24.204	2.264
24.209	2.279
24.213	2.296
24.217	2.312
24.220	2.328
24.224	2.344
24.227	2.361
24.230	2.378
24.233	2.394
24.236	2.411
24.239	2.428
24.241	2.445
24.244	2.462
24.246	2.479
24.248	2.496
24.250	2.513
24.252	2.530
24.254	2.547
24.256	2.564
24.258	2.581
24.260	2.597
24.261	2.614
24.263	2.631
24.265	2.648
24.267	2.665
24.268	2.682
24.270	2.698
24.271	2.715
24.272	2.731
24.274	2.748
24.274	2.765
24.275	2.781
24.276	2.797
24.276	2.814
24.276	2.830
24.276	2.847
24.275	2.863
24.274	2.879
24.273	2.895
24.271	2.911
24.269	2.928
24.266	2.944
24.263	2.960
24.260	2.976
24.256	2.992
24.252	3.008
24.247	3.024
24.242	3.040
24.236	3.056
24.230	3.072
24.224	3.088
24.217	3.104
24.210	3.121
24.203	3.137
24.195	3.153
24.188	3.169
24.180	3.185
24.172	3.202
24.163	3.218
24.155	3.235
24.146	3.252
24.137	3.268
24.128	3.285
24.119	3.302
24.110	3.319
24.101	3.336
24.092	3.354
24.083	3.371
24.073	3.389
24.064	3.406
24.055	3.424
24.046	3.442
24.037	3.459
24.027	3.477
24.018	3.495
24.009	3.512
24.000	3.530
23.990	3.547
23.981	3.565
23.972	3.582
23.963	3.599
23.953	3.616
23.944	3.632
23.935	3.649
23.925	3.665
23.916	3.680
23.907	3.696
23.898	3.711
23.888	3.726
23.879	3.740
23.870	3.754
23.860	3.768
23.851	3.781
23.842	3.794
23.832	3.806
23.823	3.818
23.814	3.830
23.804	3.842
23.795	3.854
23.785	3.865
23.776	3.877
23.766	3.888
23.756	3.899
23.746	3.911
23.736	3.922
23.726	3.934
23.716	3.946
23.706	3.958
23.695	3.970
23.685	3.983
23.674	3.996
23.663	4.009
23.652	4.023
23.641	4.037
23.630	4.051
23.618	4.066
23.607	4.081
23.595	4.097
23.583	4.113
23.571	4.128
23.559	4.145
23.547	4.161
23.535	4.177
23.522	4.194
23.510	4.211
23.497	4.228
23.484	4.245
23.472	4.262
23.459	4.279
23.446	4.296
23.433	4.313
23.420	4.330
23.407	4.347
23.393	4.364
23.380	4.381
23.367	4.397
23.353	4.414
23.340	4.430
23.327	4.447
23.313	4.463
23.300	4.478
23.286	4.494
23.273	4.510
23.259	4.525
23.246	4.540
23.232	4.555
23.219	4.570
23.205	4.585
23.192	4.600
23.178	4.615
23.165	4.630
23.152	4.644
23.139	4.659
23.126	4.673
23.113	4.687
23.100	4.702
23.087	4.716
23.074	4.730
23.062	4.745
23.049	4.759
23.037	4.773
23.025	4.787
23.013	4.802
23.001	4.816
22.989	4.831
22.978	4.845
22.966	4.859
22.955	4.873
22.944	4.888
22.933	4.902
22.922	4.916
22.911	4.929
22.900	4.943
22.890	4.956
22.879	4.969
22.869	4.982
22.858	4.994
22.848	5.006
22.838	5.018
22.827	5.029
22.817	5.039
22.807	5.050
22.797	5.059
22.787	5.069
22.776	5.077
22.766	5.085
22.756	5.093
22.746	5.100
22.736	5.107
22.727	5.113
22.717	5.120
22.708	5.126
22.700	5.132
22.691	5.139
22.683	5.145
22.676	5.152
22.669	5.159
22.662	5.166
22.657	5.174
22.652	5.182
22.647	5.191
22.643	5.201
22.639	5.211
22.636	5.221
22.632	5.231
22.628	5.241
22.625	5.252
22.621	5.263
22.616	5.273
22.611	5.284
22.606	5.294
22.599	5.305
22.592	5.315
22.583	5.324
22.574	5.333
22.564	5.342
22.552	5.351
22.540	5.359
22.528	5.367
22.514	5.375
22.500	5.383
22.486	5.390
22.472	5.398
22.457	5.405
22.442	5.412
22.427	5.419
22.412	5.426
22.397	5.433
22.382	5.440
22.368	5.447
22.353	5.454
22.340	5.461
22.327	5.468
22.315	5.476
22.303	5.483
22.292	5.491
22.281	5.499
22.271	5.507
22.261	5.515
22.251	5.523
22.241	5.531
22.231	5.540
22.222	5.548
22.212	5.557
22.202	5.565
22.191	5.574
22.180	5.582
22.169	5.591
22.157	5.599
22.145	5.608
22.132	5.616
22.117	5.624
22.103	5.633
22.087	5.641
22.071	5.650
22.054	5.658
22.037	5.666
22.019	5.675
22.001	5.683
21.982	5.691
21.963	5.700
21.944	5.708
21.925	5.716
21.906	5.725
21.886	5.733
21.867	5.742
21.848	5.751
21.829	5.759
21.810	5.768
21.791	5.777
21.773	5.786
21.755	5.795
21.738	5.804
21.721	5.813
21.705	5.823
21.689	5.832
21.675	5.842
21.661	5.852
21.647	5.862
21.634	5.872
21.622	5.882
21.610	5.892
21.599	5.902
21.588	5.912
21.577	5.922
21.567	5.932
21.557	5.942
21.547	5.951
21.537	5.961
21.527	5.970
21.517	5.980
21.507	5.989
21.496	5.998
21.486	6.007
21.475	6.015
21.464	6.023
21.453	6.031
21.441	6.039
21.429	6.046
21.416	6.053
21.404	6.060
21.391	6.067
21.378	6.073
21.364	6.080
21.351	6.086
21.337	6.092
21.323	6.098
21.310	6.104
21.296	6.110
21.282	6.116
21.268	6.121
21.254	6.127
21.240	6.133
21.226	6.138
21.212	6.144
21.198	6.150
21.184	6.155
21.171	6.161
21.157	6.167
21.144	6.172
21.130	6.178
21.117	6.184
21.103	6.189
21.090	6.195
21.076	6.200
21.063	6.205
21.050	6.211
21.037	6.216
21.023	6.221
21.010	6.226
20.997	6.230
20.984	6.235
20.970	6.239
20.957	6.243
20.944	6.248
20.930	6.251
20.917	6.255
20.903	6.259
20.890	6.262
20.876	6.265
20.862	6.269
20.848	6.272
20.833	6.275
20.819	6.278
20.804	6.281
20.789	6.283
20.774	6.286
20.758	6.289
20.742	6.291
20.726	6.294
20.709	6.297
20.692	6.299
20.675	6.302
20.657	6.304
20.638	6.307
20.620	6.310
20.601	6.312
20.582	6.315
20.562	6.317
20.542	6.320
20.522	6.322
20.502	6.325
20.481	6.327
20.461	6.330
20.440	6.332
20.419	6.334
20.399	6.336
20.378	6.339
20.357	6.341
20.336	6.343
20.316	6.344
20.295	6.346
20.275	6.348
20.254	6.349
20.234	6.351
20.214	6.352
20.195	6.353
20.175	6.354
20.156	6.355
20.137	6.355
20.119	6.356
20.101	6.356
20.083	6.357
20.065	6.357
20.048	6.357
20.030	6.357
20.013	6.357
19.997	6.357
19.980	6.357
19.963	6.357
19.947	6.358
19.931	6.358
19.915	6.358
19.899	6.358
19.883	6.358
19.867	6.359
19.851	6.359
19.835	6.360
19.819	6.361
19.803	6.362
19.788	6.363
19.772	6.364
19.756	6.366
19.740	6.367
19.724	6.369
19.708	6.370
19.692	6.372
19.676	6.374
19.660	6.375
19.644	6.377
19.629	6.378
19.613	6.379
19.597	6.380
19.581	6.381
19.566	6.382
19.550	6.382
19.535	6.382
19.519	6.381
19.504	6.380
19.489	6.379
19.474	6.377
19.459	6.375
19.444	6.372
19.429	6.370
19.414	6.366
19.400	6.363
19.385	6.359
19.371	6.356
19.357	6.352
19.343	6.348
19.329	6.345
19.315	6.342
19.301	6.339
19.288	6.336
19.274	6.334
19.261	6.333
19.247	6.332
19.234	6.331
19.221	6.332
19.208	6.333
19.195	6.334
19.182	6.337
19.170	6.340
19.157	6.344
19.144	6.348
19.132	6.353
19.119	6.358
19.107	6.363
19.094	6.369
19.082	6.375
19.069	6.381
19.057	6.387
19.044	6.393
19.032	6.399
19.019	6.405
19.006	6.411
18.994	6.416
18.981	6.422
18.968	6.426
18.954	6.431
18.941	6.436
18.928	6.440
18.914	6.444
18.901	6.448
18.887	6.451
18.873	6.455
18.859	6.458
18.845	6.461
18.830	6.465
18.816	6.468
18.801	6.471
18.786	6.473
18.771	6.476
18.756	6.479
18.740	6.482
18.725	6.485
18.709	6.488
18.693	6.491
18.677	6.493
18.660	6.496
18.643	6.499
18.626	6.502
18.609	6.505
18.592	6.508
18.574	6.511
18.556	6.514
18.538	6.517
18.519	6.520
18.500	6.523
18.481	6.527
18.462	6.530
18.442	6.533
18.422	6.536
18.402	6.539
18.382	6.542
18.361	6.546
18.340	6.549
18.318	6.552
18.296	6.555
18.274	6.559
18.252	6.562
18.229	6.565
18.206	6.569
18.182	6.572
18.158	6.576
18.134	6.579
18.110	6.582
18.085	6.586
18.061	6.589
18.036	6.593
18.010	6.596
17.985	6.600
17.960	6.603
17.934	6.607
17.908	6.610
17.882	6.614
17.856	6.617
17.830	6.621
17.804	6.624
17.777	6.627
17.751	6.631
17.724	6.634
17.698	6.638
17.672	6.641
17.645	6.645
17.619	6.648
17.593	6.652
17.566	6.655
17.540	6.659
17.514	6.662
17.488	6.665
17.462	6.669
17.437	6.672
17.411	6.675
17.386	6.679
17.360	6.682
17.335	6.685
17.310	6.689
17.285	6.692
17.260	6.695
17.236	6.698
17.211	6.701
17.186	6.705
17.162	6.708
17.137	6.711
17.113	6.714
17.088	6.717
17.064	6.720
17.040	6.723
17.015	6.726
16.991	6.728
16.966	6.731
16.941	6.734
16.917	6.737
16.892	6.739
16.867	6.742
16.842	6.744
16.817	6.747
16.792	6.749
16.767	6.752
16.741	6.754
16.716	6.757
16.690	6.759
16.664	6.761
16.638	6.763
16.612	6.765
16.585	6.767
16.558	6.769
16.531	6.771
16.504	6.773
16.477	6.775
16.449	6.776
16.422	6.778
16.394	6.780
16.366	6.781
16.338	6.783
16.310	6.784
16.282	6.786
16.254	6.788
16.225	6.789
16.197	6.791
16.168	6.792
16.140	6.794
16.111	6.795
16.083	6.797
16.055	6.798
16.026	6.799
15.998	6.801
15.969	6.803
15.941	6.804
15.913	6.806
15.885	6.807
15.856	6.809
15.828	6.811
15.801	6.812
15.773	6.814
15.745	6.816
15.718	6.818
15.691	6.820
15.663	6.822
15.637	6.824
15.610	6.826
15.583	6.828
15.557	6.830
15.531	6.832
15.505	6.835
15.479	6.837
15.454	6.840
15.429	6.842
15.403	6.845
15.378	6.847
15.354	6.849
15.329	6.852
15.304	6.854
15.280	6.857
15.256	6.859
15.232	6.861
15.208	6.864
15.184	6.866
15.160	6.868
15.136	6.870
15.113	6.872
15.089	6.874
15.066	6.876
15.043	6.878
15.019	6.879
14.996	6.881
14.973	6.882
14.950	6.884
14.927	6.885
14.904	6.886
14.881	6.886
14.858	6.887
14.835	6.887
14.812	6.888
14.789	6.888
14.766	6.888
14.744	6.888
14.721	6.887
14.698	6.887
14.676	6.886
14.653	6.886
14.631	6.885
14.608	6.884
14.586	6.884
14.564	6.883
14.542	6.882
14.520	6.881
14.499	6.881
14.477	6.880
14.456	6.879
14.435	6.879
14.414	6.878
14.394	6.878
14.373	6.878
14.353	6.877
14.333	6.878
14.313	6.878
14.294	6.878
14.275	6.879
14.256	6.879
14.237	6.880
14.219	6.881
14.201	6.883
14.184	6.884
14.167	6.885
14.151	6.886
14.135	6.886
14.120	6.886
14.106	6.886
14.093	6.885
14.080	6.884
14.069	6.881
14.058	6.878
14.049	6.873
14.041	6.868
14.034	6.862
14.028	6.854
14.024	6.844
14.021	6.834
14.019	6.822
14.019	6.809
14.019	6.794
14.021	6.779
14.024	6.762
14.027	6.745
14.032	6.726
14.038	6.707
14.044	6.687
14.051	6.666
14.059	6.645
14.067	6.622
14.076	6.600
14.085	6.577
14.095	6.553
14.105	6.529
14.115	6.505
14.126	6.481
14.137	6.457
14.148	6.432
14.159	6.408
14.170	6.383
14.180	6.359
14.191	6.335
14.202	6.311
14.212	6.288
14.222	6.265
14.232	6.242
14.241	6.220
14.250	6.198
14.259	6.177
14.267	6.156
14.275	6.135
14.283	6.115
14.290	6.095
14.297	6.075
14.304	6.055
14.310	6.036
14.316	6.017
14.322	5.999
14.327	5.981
14.333	5.963
14.337	5.945
14.342	5.927
14.346	5.910
14.350	5.893
14.354	5.876
14.357	5.859
14.360	5.842
14.363	5.826
14.366	5.810
14.368	5.793
14.370	5.777
14.372	5.761
14.373	5.745
14.375	5.730
14.376	5.714
14.377	5.699
14.378	5.683
14.379	5.668
14.379	5.653
14.380	5.638
14.381	5.623
14.382	5.608
14.382	5.594
14.383	5.579
14.384	5.565
14.386	5.551
14.387	5.537
14.388	5.523
14.390	5.509
14.392	5.495
14.394	5.482
14.397	5.469
14.400	5.455
14.402	5.442
14.405	5.429
14.408	5.416
14.411	5.402
14.414	5.389
14.416	5.376
14.419	5.362
14.421	5.349
14.424	5.335
14.425	5.322
14.427	5.308
14.428	5.293
14.429	5.279
14.429	5.264
14.429	5.249
14.428	5.234
14.428	5.219
14.426	5.203
14.425	5.187
14.424	5.171
14.422	5.155
14.421	5.139
14.420	5.122
14.419	5.106
14.419	5.090
14.419	5.073
14.420	5.057
14.421	5.041
14.424	5.025
14.427	5.009
14.431	4.993
14.436	4.977
14.443	4.962
14.451	4.946
14.460	4.932
