X	Y
8.863	5.363
8.879	5.362
8.895	5.366
8.910	5.375
8.926	5.388
8.940	5.404
8.955	5.424
8.970	5.446
8.984	5.471
8.998	5.497
9.012	5.524
9.026	5.551
9.040	5.578
9.054	5.604
9.068	5.629
9.082	5.652
9.096	5.673
9.110	5.692
9.125	5.709
9.139	5.724
9.154	5.738
9.169	5.751
9.184	5.764
9.200	5.776
9.215	5.787
9.231	5.798
9.247	5.810
9.263	5.822
9.280	5.835
9.296	5.849
9.313	5.863
9.331	5.877
9.348	5.892
9.366	5.908
9.384	5.923
9.403	5.938
9.422	5.954
9.442	5.968
9.461	5.983
9.481	5.997
9.502	6.010
9.523	6.022
9.545	6.034
9.567	6.044
9.589	6.053
9.612	6.062
9.635	6.070
9.659	6.077
9.683	6.083
9.708	6.090
9.732	6.096
9.758	6.101
9.783	6.107
9.809	6.113
9.836	6.119
9.862	6.126
9.889	6.132
9.917	6.140
9.944	6.148
9.972	6.157
10.000	6.166
10.029	6.176
10.057	6.187
10.086	6.199
10.115	6.210
10.145	6.223
10.174	6.236
10.204	6.249
10.234	6.262
10.264	6.276
10.294	6.289
10.324	6.303
10.355	6.317
10.386	6.332
10.416	6.346
10.447	6.359
10.478	6.373
10.509	6.387
10.540	6.400
10.572	6.413
10.603	6.426
10.634	6.439
10.665	6.451
10.696	6.463
10.728	6.475
10.758	6.487
10.789	6.499
10.820	6.510
10.850	6.521
10.881	6.533
10.911	6.544
10.940	6.555
10.970	6.566
10.999	6.576
11.028	6.587
11.056	6.598
11.084	6.609
11.111	6.619
11.138	6.630
11.165	6.641
11.191	6.652
11.217	6.663
11.242	6.674
11.267	6.685
11.292	6.696
11.317	6.708
11.342	6.719
11.366	6.731
11.391	6.743
11.416	6.755
11.440	6.768
11.465	6.780
11.490	6.794
11.515	6.807
11.541	6.821
11.566	6.835
11.593	6.849
11.619	6.864
11.646	6.879
11.673	6.895
11.700	6.911
11.728	6.927
11.756	6.944
11.784	6.960
11.812	6.978
11.840	6.995
11.869	7.013
11.897	7.031
11.926	7.049
11.955	7.068
11.984	7.087
12.013	7.106
12.042	7.125
12.071	7.145
12.100	7.164
12.129	7.184
12.158	7.205
12.186	7.225
12.215	7.246
12.244	7.266
12.273	7.287
12.301	7.308
12.329	7.328
12.358	7.349
12.386	7.370
12.413	7.391
12.441	7.412
12.468	7.432
12.495	7.453
12.522	7.473
12.549	7.493
12.575	7.513
12.601	7.532
12.626	7.552
12.651	7.571
12.676	7.589
12.700	7.608
12.724	7.626
12.748	7.644
12.771	7.661
12.794	7.678
12.816	7.695
12.838	7.713
12.859	7.730
12.881	7.747
12.901	7.764
12.921	7.782
12.941	7.800
12.961	7.818
12.980	7.837
12.998	7.856
13.016	7.876
13.034	7.896
13.052	7.917
13.068	7.939
13.084	7.961
13.100	7.982
13.113	8.004
13.126	8.025
13.136	8.046
13.144	8.065
13.150	8.083
13.154	8.099
13.155	8.114
13.152	8.126
13.147	8.136
13.137	8.143
13.125	8.148
13.110	8.151
13.092	8.151
13.073	8.149
13.051	8.146
13.028	8.140
13.005	8.134
12.980	8.126
12.956	8.116
12.931	8.106
12.907	8.095
12.884	8.084
12.862	8.072
12.840	8.059
12.820	8.046
12.800	8.033
12.780	8.018
12.761	8.004
12.742	7.989
12.723	7.973
12.705	7.957
12.686	7.940
12.667	7.923
12.648	7.905
12.628	7.887
12.608	7.869
12.588	7.849
12.566	7.830
12.544	7.810
12.521	7.790
12.498	7.769
12.474	7.748
12.449	7.726
12.424	7.705
12.399	7.683
12.373	7.661
12.346	7.639
12.319	7.617
12.292	7.595
12.264	7.573
12.236	7.551
12.208	7.529
12.180	7.507
12.151	7.485
12.122	7.464
12.093	7.443
12.064	7.422
12.034	7.401
12.005	7.381
11.975	7.361
11.946	7.342
11.916	7.323
11.886	7.304
11.857	7.285
11.827	7.267
11.798	7.250
11.769	7.232
11.739	7.215
11.710	7.198
11.681	7.181
11.653	7.165
11.624	7.149
11.596	7.133
11.568	7.118
11.540	7.103
11.513	7.088
11.486	7.073
11.459	7.059
11.432	7.045
11.406	7.031
11.380	7.017
11.355	7.004
11.329	6.991
11.304	6.977
11.279	6.964
11.254	6.951
11.229	6.939
11.205	6.926
11.180	6.913
11.155	6.901
11.130	6.888
11.105	6.876
11.079	6.863
11.054	6.850
11.028	6.838
11.002	6.825
10.975	6.812
10.949	6.799
10.922	6.786
10.895	6.773
10.867	6.760
10.839	6.747
10.812	6.734
10.784	6.722
10.755	6.709
10.727	6.697
10.699	6.684
10.670	6.672
10.641	6.661
10.613	6.649
10.584	6.638
10.556	6.627
10.527	6.616
10.498	6.605
10.470	6.595
10.441	6.586
10.413	6.576
10.384	6.567
10.356	6.558
10.328	6.549
10.299	6.540
10.271	6.531
10.243	6.522
10.214	6.512
10.186	6.503
10.158	6.493
10.130	6.482
10.102	6.471
10.074	6.460
10.045	6.447
10.017	6.435
9.989	6.421
9.961	6.406
9.933	6.391
9.905	6.375
9.878	6.359
9.852	6.343
9.827	6.328
9.804	6.313
9.783	6.300
9.764	6.288
9.748	6.277
9.734	6.269
9.724	6.264
9.718	6.260
9.715	6.261
9.717	6.264
9.723	6.271
9.732	6.281
9.745	6.293
9.761	6.309
9.781	6.327
9.803	6.347
9.828	6.370
9.856	6.394
9.885	6.420
9.916	6.448
9.949	6.477
9.984	6.507
10.019	6.538
10.056	6.570
10.093	6.602
10.130	6.635
10.168	6.668
10.205	6.700
10.242	6.733
10.279	6.765
10.315	6.797
10.349	6.827
10.383	6.857
10.415	6.885
10.446	6.913
10.476	6.940
10.505	6.966
10.533	6.991
10.560	7.015
10.586	7.039
10.612	7.062
10.637	7.085
10.662	7.107
10.686	7.129
10.709	7.151
10.733	7.172
10.756	7.193
10.779	7.214
10.803	7.235
10.826	7.256
10.849	7.277
10.873	7.298
10.897	7.319
10.921	7.340
10.945	7.361
10.970	7.383
10.995	7.405
11.021	7.427
11.046	7.450
11.072	7.472
11.097	7.495
11.123	7.518
11.148	7.542
11.173	7.565
11.198	7.588
11.222	7.612
11.246	7.636
11.270	7.660
11.293	7.684
11.315	7.709
11.337	7.733
11.358	7.758
11.378	7.782
11.398	7.807
11.416	7.832
11.434	7.857
11.451	7.883
11.467	7.908
11.483	7.934
11.499	7.959
11.514	7.985
11.530	8.011
11.545	8.037
11.561	8.064
11.576	8.091
11.592	8.118
11.609	8.145
11.626	8.172
11.644	8.200
11.663	8.228
11.683	8.256
11.704	8.285
11.726	8.314
11.749	8.343
11.774	8.373
11.800	8.402
11.826	8.432
11.853	8.463
11.881	8.493
11.908	8.523
11.936	8.553
11.963	8.583
11.990	8.613
12.015	8.643
12.040	8.673
12.064	8.702
12.086	8.731
12.106	8.759
12.124	8.787
12.141	8.814
12.154	8.841
12.166	8.867
12.174	8.893
12.179	8.917
12.181	8.941
12.179	8.964
12.175	8.986
12.167	9.006
12.156	9.025
12.144	9.042
12.129	9.057
12.113	9.069
12.096	9.079
12.078	9.086
12.059	9.090
12.041	9.091
12.022	9.088
12.004	9.082
11.985	9.072
11.967	9.060
11.950	9.044
11.932	9.026
11.914	9.006
11.897	8.984
11.880	8.960
11.862	8.934
11.845	8.907
11.827	8.880
11.810	8.851
11.792	8.822
11.774	8.792
11.756	8.763
11.738	8.734
11.720	8.705
11.701	8.676
11.682	8.649
11.663	8.622
11.644	8.595
11.624	8.569
11.605	8.543
11.585	8.517
11.566	8.492
11.546	8.468
11.526	8.443
11.506	8.419
11.487	8.395
11.467	8.371
11.448	8.347
11.428	8.323
11.409	8.299
11.390	8.276
11.371	8.252
11.353	8.228
11.334	8.204
11.316	8.180
11.298	8.156
11.281	8.132
11.263	8.108
11.245	8.084
11.228	8.060
11.211	8.036
11.193	8.013
11.176	7.989
11.159	7.965
11.141	7.942
11.124	7.919
11.106	7.896
11.089	7.873
11.071	7.851
11.053	7.829
11.034	7.807
11.016	7.786
10.997	7.765
10.978	7.744
10.959	7.724
10.940	7.704
10.921	7.684
10.901	7.665
10.882	7.645
10.863	7.626
10.844	7.607
10.825	7.589
10.807	7.570
10.788	7.552
10.770	7.533
10.753	7.515
10.735	7.497
10.718	7.479
10.702	7.462
10.685	7.444
10.669	7.426
10.653	7.408
10.637	7.390
10.621	7.372
10.605	7.353
10.589	7.335
10.572	7.316
10.555	7.297
10.537	7.278
10.519	7.258
10.499	7.238
10.479	7.218
10.458	7.197
10.437	7.176
10.414	7.154
10.390	7.132
10.366	7.110
10.341	7.087
10.315	7.064
10.289	7.041
10.263	7.018
10.236	6.995
10.210	6.971
10.183	6.948
10.156	6.925
10.130	6.902
10.103	6.880
10.078	6.857
10.052	6.835
10.028	6.814
10.003	6.793
9.980	6.772
9.958	6.752
9.936	6.732
9.916	6.714
9.896	6.695
9.877	6.677
9.859	6.660
9.841	6.642
9.824	6.624
9.807	6.607
9.790	6.589
9.773	6.571
9.755	6.552
9.738	6.533
9.719	6.513
9.701	6.492
9.681	6.471
9.661	6.448
9.639	6.424
9.617	6.399
9.594	6.373
9.569	6.346
9.545	6.319
9.520	6.292
9.496	6.265
9.472	6.239
9.449	6.214
9.427	6.190
9.406	6.168
9.386	6.148
9.369	6.130
9.353	6.116
9.340	6.104
9.329	6.096
9.322	6.091
9.317	6.091
9.316	6.095
9.318	6.103
9.324	6.114
9.331	6.130
9.342	6.149
9.355	6.170
9.370	6.195
9.386	6.222
9.405	6.251
9.425	6.283
9.446	6.315
9.468	6.350
9.491	6.385
9.515	6.421
9.539	6.458
9.563	6.495
9.587	6.532
9.611	6.569
9.635	6.605
9.657	6.641
9.679	6.675
9.700	6.709
9.721	6.742
9.740	6.774
9.759	6.805
9.778	6.835
9.796	6.865
9.813	6.894
9.830	6.923
9.846	6.951
9.862	6.979
9.878	7.006
9.894	7.033
9.909	7.059
9.924	7.086
9.939	7.111
9.954	7.137
9.969	7.163
9.983	7.188
9.998	7.213
10.013	7.239
10.028	7.264
10.043	7.289
10.058	7.315
10.073	7.340
10.088	7.366
10.103	7.392
10.119	7.419
10.135	7.446
10.150	7.473
10.166	7.501
10.182	7.529
10.198	7.558
10.215	7.587
10.231	7.618
10.248	7.649
10.265	7.680
10.282	7.713
10.299	7.747
10.316	7.781
10.334	7.817
10.352	7.853
10.370	7.890
10.388	7.929
10.406	7.968
10.425	8.007
10.444	8.048
10.463	8.088
10.482	8.130
10.502	8.172
10.522	8.214
10.542	8.257
10.562	8.299
10.582	8.343
10.603	8.386
10.624	8.429
10.645	8.472
10.666	8.516
10.687	8.559
10.709	8.602
10.731	8.645
10.753	8.687
10.776	8.729
10.798	8.771
10.821	8.812
10.844	8.853
10.867	8.893
10.891	8.932
10.914	8.971
10.938	9.009
10.962	9.046
10.986	9.082
11.009	9.118
11.031	9.153
11.053	9.186
11.074	9.219
11.094	9.251
11.113	9.282
11.130	9.312
11.146	9.341
11.159	9.369
11.172	9.396
11.182	9.422
11.189	9.447
11.195	9.470
11.198	9.493
11.198	9.514
11.195	9.534
11.189	9.553
11.181	9.571
11.169	9.587
11.156	9.602
11.140	9.615
11.122	9.626
11.104	9.635
11.084	9.643
11.064	9.648
11.043	9.650
11.022	9.650
11.002	9.648
10.982	9.642
10.963	9.634
10.944	9.624
10.926	9.611
10.909	9.596
10.892	9.579
10.875	9.560
10.859	9.539
10.843	9.517
10.827	9.493
10.811	9.468
10.795	9.441
10.779	9.414
10.764	9.386
10.748	9.357
10.732	9.327
10.716	9.297
10.699	9.267
10.683	9.236
10.666	9.205
10.649	9.174
10.632	9.142
10.615	9.110
10.597	9.078
10.580	9.046
10.562	9.014
10.544	8.981
10.526	8.949
10.508	8.916
10.490	8.884
10.472	8.851
10.453	8.818
10.435	8.786
10.417	8.753
10.398	8.721
10.380	8.689
10.361	8.657
10.343	8.625
10.324	8.593
10.305	8.562
10.287	8.531
10.268	8.500
10.250	8.469
10.232	8.439
10.213	8.408
10.195	8.378
10.177	8.348
10.160	8.318
10.142	8.288
10.124	8.258
10.107	8.229
10.090	8.199
10.073	8.170
10.057	8.140
10.041	8.111
10.025	8.081
10.009	8.052
9.994	8.022
9.979	7.993
9.964	7.964
9.950	7.934
9.936	7.905
9.923	7.875
9.910	7.845
9.897	7.816
9.884	7.786
9.872	7.757
9.860	7.727
9.848	7.698
9.836	7.668
9.824	7.639
9.813	7.610
9.801	7.581
9.789	7.552
9.778	7.523
9.766	7.494
9.755	7.465
9.743	7.436
9.731	7.408
9.719	7.380
9.707	7.352
9.695	7.324
9.683	7.296
9.670	7.269
9.657	7.241
9.645	7.214
9.632	7.187
9.619	7.161
9.605	7.134
9.592	7.108
9.579	7.082
9.565	7.056
9.551	7.031
9.537	7.005
9.523	6.980
9.509	6.956
9.495	6.931
9.480	6.907
9.466	6.883
9.451	6.860
9.437	6.836
9.422	6.813
9.408	6.790
9.394	6.768
9.380	6.745
9.367	6.723
9.353	6.700
9.341	6.678
9.329	6.656
9.317	6.633
9.307	6.611
9.297	6.589
9.287	6.567
9.279	6.545
9.272	6.522
9.265	6.500
9.258	6.478
9.252	6.456
9.246	6.434
9.240	6.412
9.234	6.390
9.228	6.369
9.221	6.348
9.213	6.327
9.205	6.306
9.195	6.286
9.185	6.267
9.173	6.248
9.160	6.230
9.147	6.213
9.133	6.198
9.120	6.185
9.108	6.176
9.097	6.169
9.088	6.166
9.081	6.168
9.077	6.174
9.076	6.185
9.078	6.201
9.082	6.221
9.088	6.244
9.097	6.272
9.107	6.303
9.120	6.337
9.134	6.374
9.149	6.413
9.165	6.454
9.182	6.497
9.200	6.542
9.219	6.589
9.238	6.636
9.257	6.684
9.277	6.732
9.296	6.780
9.314	6.829
9.332	6.876
9.350	6.924
9.366	6.969
9.381	7.014
9.395	7.057
9.407	7.098
9.418	7.137
9.427	7.174
9.434	7.208
9.440	7.241
9.445	7.273
9.449	7.303
9.452	7.332
9.454	7.360
9.455	7.387
9.455	7.414
9.455	7.440
9.455	7.467
9.455	7.493
9.454	7.519
9.454	7.545
9.453	7.573
9.453	7.600
9.454	7.629
9.455	7.659
9.456	7.690
9.458	7.722
9.461	7.755
9.464	7.789
9.467	7.823
9.471	7.858
9.475	7.894
9.479	7.930
9.484	7.967
9.488	8.004
9.493	8.041
9.497	8.078
9.502	8.116
9.507	8.153
9.511	8.190
9.516	8.227
9.520	8.264
9.524	8.300
9.527	8.336
9.530	8.372
9.533	8.407
9.536	8.441
9.538	8.474
9.540	8.507
9.541	8.540
9.543	8.571
9.544	8.603
9.545	8.634
9.546	8.665
9.548	8.696
9.550	8.727
9.551	8.758
9.554	8.788
9.556	8.819
9.560	8.850
9.563	8.882
9.568	8.913
9.573	8.945
9.579	8.978
9.585	9.011
9.593	9.045
9.601	9.079
9.611	9.113
9.620	9.148
9.630	9.184
9.640	9.219
9.650	9.254
9.660	9.289
9.669	9.324
9.677	9.358
9.684	9.391
9.690	9.424
9.695	9.456
9.698	9.487
9.699	9.517
9.699	9.545
9.696	9.572
9.690	9.598
9.682	9.622
9.672	9.644
9.658	9.664
9.642	9.682
9.623	9.698
9.602	9.712
9.580	9.723
9.556	9.733
9.532	9.739
9.507	9.744
9.482	9.745
9.458	9.744
9.434	9.741
9.411	9.734
9.390	9.725
9.371	9.712
9.353	9.697
9.338	9.679
9.325	9.658
9.313	9.635
9.304	9.609
9.295	9.581
9.288	9.551
9.283	9.519
9.278	9.486
9.275	9.451
9.273	9.414
9.271	9.376
9.270	9.337
9.270	9.298
9.270	9.257
9.270	9.216
9.271	9.174
9.271	9.132
9.272	9.090
9.272	9.048
9.272	9.007
9.272	8.965
9.271	8.924
9.270	8.883
9.269	8.842
9.268	8.802
9.266	8.762
9.265	8.722
9.263	8.683
9.261	8.644
9.258	8.606
9.256	8.568
9.253	8.531
9.251	8.494
9.248	8.458
9.245	8.422
9.243	8.387
9.240	8.352
9.237	8.318
9.235	8.285
9.232	8.252
9.230	8.220
9.227	8.189
9.225	8.158
9.223	8.128
9.221	8.098
9.219	8.070
9.217	8.041
9.215	8.014
9.213	7.986
9.211	7.959
9.210	7.933
9.208	7.906
9.206	7.880
9.204	7.854
9.202	7.828
9.200	7.803
9.197	7.777
9.195	7.751
9.192	7.726
9.190	7.700
9.187	7.674
9.184	7.648
9.180	7.621
9.177	7.595
9.173	7.569
9.170	7.542
9.166	7.515
9.162	7.488
9.157	7.461
9.153	7.433
9.148	7.406
9.144	7.378
9.139	7.350
9.134	7.322
9.128	7.294
9.123	7.265
9.118	7.236
9.112	7.207
9.106	7.178
9.100	7.149
9.094	7.119
9.087	7.090
9.080	7.061
9.073	7.032
9.066	7.003
9.058	6.975
9.050	6.947
9.042	6.919
9.033	6.891
9.024	6.864
9.014	6.838
9.005	6.812
8.994	6.787
8.983	6.762
8.972	6.738
8.961	6.715
8.949	6.692
8.936	6.670
8.924	6.648
8.911	6.626
8.899	6.605
8.886	6.585
8.874	6.565
8.861	6.544
8.849	6.524
8.836	6.505
8.824	6.485
8.813	6.465
8.801	6.446
8.790	6.426
8.780	6.406
8.770	6.387
8.760	6.368
8.750	6.349
8.740	6.331
8.730	6.313
8.720	6.296
8.711	6.280
8.701	6.265
8.691	6.251
8.681	6.237
8.670	6.225
8.660	6.214
8.650	6.203
8.640	6.191
8.631	6.179
8.622	6.165
8.615	6.150
8.609	6.133
8.605	6.112
8.602	6.089
8.601	6.062
8.603	6.031
8.606	5.998
8.610	5.961
8.617	5.922
8.625	5.882
8.634	5.840
8.645	5.798
8.656	5.754
8.669	5.711
8.683	5.669
8.697	5.627
8.713	5.587
8.728	5.549
8.745	5.513
8.761	5.480
8.778	5.450
8.795	5.423
8.813	5.401
8.830	5.383
8.846	5.370
8.863	5.363
