X	Y
10.741	5.667
10.765	5.633
10.807	5.605
10.864	5.579
10.931	5.555
11.006	5.530
11.084	5.503
11.164	5.472
11.240	5.435
11.312	5.391
11.380	5.341
11.445	5.286
11.508	5.229
11.569	5.170
11.631	5.110
11.693	5.052
11.758	4.996
11.825	4.944
11.897	4.897
11.973	4.856
12.052	4.818
12.136	4.785
12.222	4.754
12.312	4.726
12.405	4.700
12.501	4.674
12.599	4.649
12.699	4.623
12.801	4.596
12.905	4.567
13.010	4.537
13.116	4.504
13.222	4.471
13.329	4.437
13.435	4.402
13.540	4.367
13.644	4.331
13.746	4.297
13.846	4.262
13.944	4.229
14.038	4.197
14.130	4.167
14.218	4.138
14.304	4.110
14.387	4.083
14.469	4.057
14.550	4.032
14.629	4.007
14.709	3.982
14.789	3.957
14.870	3.932
14.952	3.906
15.035	3.880
15.120	3.853
15.206	3.825
15.293	3.798
15.381	3.769
15.471	3.740
15.562	3.711
15.653	3.682
15.746	3.652
15.840	3.622
15.934	3.591
16.029	3.560
16.125	3.529
16.221	3.496
16.318	3.463
16.415	3.429
16.511	3.394
16.608	3.357
16.704	3.318
16.800	3.278
16.895	3.236
16.990	3.192
17.083	3.147
17.175	3.102
17.266	3.057
17.355	3.014
17.441	2.974
17.525	2.937
17.607	2.906
17.685	2.880
17.759	2.861
17.830	2.850
17.897	2.847
17.961	2.849
18.022	2.854
18.080	2.859
18.136	2.861
18.191	2.857
18.245	2.846
18.298	2.826
18.352	2.799
18.406	2.769
18.463	2.738
18.521	2.708
18.584	2.681
18.650	2.662
18.720	2.649
18.794	2.643
18.871	2.642
18.951	2.645
19.032	2.650
19.115	2.656
19.198	2.662
19.281	2.666
19.363	2.667
19.443	2.664
19.521	2.661
19.594	2.659
19.661	2.660
19.721	2.666
19.772	2.680
19.813	2.703
19.844	2.736
19.865	2.780
19.878	2.832
19.885	2.890
19.888	2.953
19.889	3.019
19.889	3.087
19.890	3.155
19.890	3.224
19.890	3.293
19.891	3.364
19.891	3.435
19.890	3.506
19.889	3.578
19.888	3.650
19.886	3.723
19.883	3.796
19.879	3.870
19.875	3.944
19.870	4.019
19.864	4.095
19.857	4.171
19.849	4.248
19.840	4.326
19.830	4.404
19.819	4.482
19.807	4.561
19.795	4.640
19.781	4.718
19.767	4.797
19.751	4.875
19.735	4.953
19.718	5.029
19.700	5.105
19.680	5.178
19.659	5.249
19.635	5.316
19.609	5.379
19.581	5.438
19.549	5.491
19.515	5.540
19.478	5.583
19.438	5.623
19.396	5.661
19.353	5.696
19.308	5.732
19.262	5.767
19.215	5.803
19.168	5.840
19.119	5.877
19.071	5.915
19.021	5.954
18.972	5.993
18.922	6.033
18.872	6.072
18.820	6.111
18.767	6.149
18.712	6.184
18.654	6.216
18.593	6.245
18.528	6.269
18.459	6.288
18.388	6.304
18.315	6.318
18.241	6.329
18.167	6.339
18.094	6.349
18.022	6.360
17.953	6.372
17.887	6.386
17.825	6.401
17.766	6.416
17.711	6.429
17.659	6.438
17.611	6.444
17.566	6.444
17.523	6.439
17.480	6.431
17.434	6.422
17.383	6.413
17.324	6.407
17.256	6.404
17.180	6.405
17.099	6.410
17.014	6.417
16.926	6.427
16.839	6.438
16.754	6.451
16.672	6.466
16.596	6.481
16.526	6.496
16.464	6.512
16.406	6.529
16.353	6.546
16.302	6.563
16.254	6.581
16.206	6.599
16.158	6.617
16.109	6.636
16.058	6.654
16.005	6.672
15.948	6.688
15.888	6.704
15.822	6.718
15.753	6.731
15.682	6.743
15.608	6.753
15.533	6.761
15.458	6.768
15.384	6.773
15.311	6.777
15.241	6.780
15.173	6.781
15.106	6.782
15.039	6.784
14.971	6.787
14.902	6.792
14.829	6.801
14.753	6.813
14.673	6.829
14.588	6.849
14.500	6.871
14.409	6.896
14.317	6.922
14.224	6.947
14.132	6.972
14.040	6.995
13.949	7.014
13.862	7.030
13.778	7.041
13.697	7.048
13.619	7.050
13.544	7.050
13.471	7.047
13.399	7.044
13.328	7.040
13.257	7.038
13.186	7.037
13.113	7.039
13.041	7.043
12.968	7.049
12.895	7.055
12.822	7.061
12.749	7.067
12.678	7.071
12.607	7.074
12.538	7.074
12.471	7.071
12.404	7.065
12.337	7.056
12.271	7.046
12.204	7.032
12.137	7.016
12.069	6.999
11.999	6.978
11.929	6.956
11.859	6.930
11.790	6.902
11.722	6.870
11.656	6.835
11.593	6.796
11.534	6.753
11.478	6.705
11.426	6.655
11.376	6.602
11.329	6.550
11.283	6.499
11.238	6.451
11.193	6.407
11.147	6.369
11.100	6.339
11.053	6.313
11.009	6.289
10.970	6.265
10.938	6.237
10.915	6.204
10.900	6.164
10.890	6.119
10.880	6.070
10.869	6.018
10.852	5.963
10.827	5.908
10.798	5.854
10.770	5.801
10.747	5.752
10.736	5.706
10.741	5.667
