X	Y
27.425	16.649
27.503	16.573
27.597	16.495
27.705	16.416
27.827	16.336
27.961	16.253
28.107	16.169
28.265	16.084
28.433	15.997
28.611	15.909
28.798	15.820
28.993	15.729
29.196	15.638
29.405	15.545
29.621	15.451
29.842	15.356
30.067	15.260
30.296	15.163
30.529	15.066
30.763	14.967
30.999	14.868
31.236	14.769
31.473	14.668
31.709	14.567
31.944	14.466
32.176	14.364
32.405	14.262
32.631	14.159
32.853	14.056
33.071	13.953
33.286	13.850
33.497	13.747
33.706	13.643
33.911	13.539
34.113	13.435
34.313	13.331
34.510	13.227
34.705	13.123
34.898	13.019
35.089	12.915
35.279	12.811
35.466	12.707
35.653	12.603
35.838	12.500
36.022	12.396
36.206	12.293
36.388	12.190
36.571	12.088
36.752	11.986
36.934	11.884
37.116	11.782
37.298	11.681
37.481	11.580
37.664	11.480
37.848	11.380
38.032	11.281
38.217	11.182
38.403	11.085
38.588	10.988
38.773	10.892
38.957	10.797
39.140	10.704
39.322	10.612
39.503	10.521
39.681	10.432
39.858	10.345
40.033	10.260
40.204	10.176
40.373	10.095
40.539	10.016
40.702	9.939
40.860	9.865
41.015	9.793
41.165	9.724
41.311	9.657
41.452	9.594
41.588	9.533
41.718	9.476
41.843	9.422
41.963	9.371
42.078	9.322
42.189	9.277
42.297	9.234
42.401	9.193
42.503	9.155
42.602	9.119
42.700	9.085
42.797	9.052
42.893	9.021
42.989	8.992
43.086	8.964
43.183	8.937
43.281	8.911
43.380	8.886
43.479	8.863
43.578	8.841
43.676	8.820
43.774	8.801
43.870	8.784
43.964	8.768
44.056	8.755
44.145	8.743
44.232	8.734
44.315	8.726
44.394	8.721
44.471	8.719
44.544	8.717
44.616	8.717
44.686	8.719
44.755	8.721
44.824	8.724
44.892	8.727
44.961	8.730
45.030	8.732
45.101	8.735
45.172	8.737
45.243	8.738
45.316	8.738
45.389	8.737
45.463	8.735
45.538	8.731
45.614	8.726
45.690	8.720
45.767	8.713
45.842	8.707
45.917	8.702
45.991	8.700
46.062	8.702
46.130	8.708
46.196	8.720
46.257	8.738
46.315	8.763
46.369	8.793
46.421	8.828
46.469	8.866
46.515	8.907
46.559	8.950
46.601	8.994
46.642	9.037
46.681	9.080
46.717	9.124
46.750	9.169
46.778	9.216
46.802	9.266
46.820	9.319
46.833	9.376
46.839	9.436
46.842	9.500
46.841	9.567
46.838	9.637
46.833	9.710
46.828	9.786
46.823	9.865
46.820	9.946
46.818	10.030
46.817	10.114
46.816	10.198
46.812	10.281
46.805	10.363
46.795	10.441
46.778	10.516
46.755	10.585
46.725	10.649
46.685	10.706
46.639	10.757
46.589	10.803
46.537	10.845
46.488	10.884
46.445	10.922
46.410	10.959
46.387	10.998
46.377	11.038
46.377	11.082
46.383	11.129
46.389	11.182
46.394	11.239
46.391	11.303
46.379	11.374
46.355	11.452
46.323	11.534
46.282	11.620
46.234	11.708
46.180	11.797
46.121	11.886
46.059	11.974
45.995	12.058
45.929	12.139
45.864	12.214
45.799	12.282
45.737	12.343
45.676	12.398
45.617	12.448
45.559	12.495
45.501	12.542
45.444	12.589
45.386	12.639
45.327	12.694
45.266	12.755
45.204	12.824
45.139	12.903
45.073	12.991
45.004	13.086
44.934	13.189
44.863	13.298
44.790	13.412
44.716	13.530
44.642	13.650
44.567	13.773
44.492	13.898
44.417	14.022
44.342	14.145
44.268	14.267
44.194	14.385
44.121	14.500
44.050	14.610
43.979	14.714
43.910	14.812
43.842	14.906
43.774	14.994
43.707	15.079
43.639	15.161
43.571	15.240
43.502	15.318
43.432	15.395
43.361	15.471
43.287	15.547
43.211	15.625
43.132	15.704
43.050	15.786
42.965	15.870
42.877	15.957
42.787	16.047
42.693	16.139
42.598	16.232
42.501	16.327
42.402	16.424
42.302	16.520
42.202	16.618
42.101	16.715
41.999	16.813
41.898	16.910
41.797	17.006
41.697	17.101
41.598	17.195
41.500	17.286
41.404	17.376
41.310	17.464
41.217	17.549
41.126	17.633
41.037	17.715
40.948	17.796
40.861	17.875
40.774	17.954
40.688	18.032
40.603	18.110
40.518	18.187
40.433	18.265
40.348	18.343
40.263	18.421
40.177	18.500
40.091	18.580
40.005	18.660
39.918	18.741
39.831	18.822
39.744	18.902
39.656	18.980
39.569	19.057
39.482	19.131
39.396	19.202
39.309	19.269
39.224	19.333
39.139	19.392
39.055	19.446
38.972	19.495
38.890	19.538
38.808	19.574
38.729	19.604
38.650	19.629
38.572	19.648
38.495	19.662
38.419	19.670
38.345	19.674
38.271	19.672
38.199	19.666
38.127	19.655
38.056	19.639
37.985	19.620
37.914	19.597
37.841	19.570
37.766	19.540
37.690	19.507
37.610	19.472
37.527	19.434
37.441	19.394
37.350	19.352
37.255	19.309
37.157	19.265
37.057	19.221
36.956	19.176
36.853	19.131
36.750	19.087
36.647	19.045
36.546	19.003
36.446	18.964
36.348	18.927
36.253	18.892
36.163	18.861
36.076	18.833
35.993	18.808
35.914	18.787
35.837	18.768
35.761	18.752
35.687	18.737
35.614	18.725
35.540	18.714
35.466	18.704
35.390	18.695
35.312	18.687
35.232	18.679
35.150	18.672
35.068	18.666
34.984	18.661
34.899	18.656
34.814	18.651
34.728	18.648
34.642	18.645
34.556	18.643
34.470	18.641
34.385	18.640
34.300	18.639
34.216	18.639
34.132	18.639
34.048	18.640
33.965	18.640
33.883	18.641
33.801	18.642
33.720	18.642
33.639	18.642
33.558	18.642
33.478	18.642
33.398	18.642
33.319	18.642
33.238	18.641
33.158	18.641
33.077	18.641
32.995	18.641
32.913	18.642
32.829	18.643
32.745	18.644
32.660	18.646
32.574	18.648
32.487	18.651
32.400	18.655
32.314	18.661
32.227	18.667
32.140	18.674
32.054	18.683
31.969	18.694
31.884	18.706
31.801	18.719
31.717	18.733
31.634	18.749
31.550	18.765
31.466	18.781
31.382	18.797
31.296	18.814
31.209	18.829
31.120	18.844
31.030	18.858
30.938	18.871
30.844	18.883
30.748	18.894
30.652	18.904
30.554	18.913
30.457	18.921
30.360	18.930
30.263	18.937
30.166	18.945
30.071	18.952
29.978	18.959
29.886	18.967
29.796	18.975
29.709	18.982
29.623	18.990
29.538	18.997
29.455	19.003
29.373	19.009
29.292	19.013
29.212	19.017
29.132	19.019
29.053	19.019
28.974	19.018
28.896	19.015
28.817	19.011
28.739	19.006
28.661	19.000
28.583	18.993
28.505	18.986
28.428	18.978
28.351	18.971
28.274	18.964
28.197	18.958
28.121	18.953
28.046	18.949
27.972	18.946
27.899	18.946
27.827	18.947
27.758	18.951
27.691	18.958
27.626	18.968
27.564	18.980
27.506	18.992
27.451	19.000
27.402	19.001
27.358	18.992
27.320	18.969
27.290	18.930
27.265	18.877
27.246	18.813
27.232	18.741
27.223	18.663
27.216	18.582
27.212	18.502
27.210	18.426
27.209	18.356
27.208	18.293
27.208	18.237
27.208	18.185
27.208	18.134
27.208	18.083
27.209	18.029
27.209	17.970
27.209	17.907
27.210	17.839
27.210	17.769
27.210	17.699
27.210	17.630
27.210	17.563
27.209	17.500
27.209	17.443
27.208	17.392
27.208	17.345
27.208	17.301
27.208	17.257
27.208	17.212
27.210	17.164
27.212	17.111
27.219	17.054
27.230	16.994
27.248	16.930
27.275	16.864
27.312	16.794
27.361	16.723
27.425	16.649
