X	Y
29.267	18.467
29.353	18.373
29.457	18.281
29.575	18.191
29.706	18.102
29.846	18.015
29.994	17.930
30.148	17.847
30.304	17.765
30.460	17.684
30.614	17.605
30.764	17.528
30.907	17.451
31.041	17.376
31.164	17.303
31.279	17.232
31.385	17.164
31.486	17.100
31.581	17.041
31.673	16.987
31.763	16.939
31.852	16.897
31.942	16.864
32.034	16.838
32.128	16.818
32.226	16.801
32.328	16.786
32.434	16.769
32.546	16.749
32.664	16.724
32.789	16.691
32.922	16.648
33.061	16.593
33.208	16.529
33.360	16.456
33.517	16.374
33.678	16.286
33.843	16.192
34.010	16.093
34.178	15.990
34.347	15.884
34.516	15.777
34.684	15.669
34.850	15.561
35.014	15.454
35.174	15.350
35.329	15.250
35.480	15.152
35.628	15.058
35.772	14.966
35.913	14.877
36.052	14.789
36.188	14.704
36.323	14.620
36.456	14.537
36.588	14.455
36.719	14.374
36.851	14.292
36.982	14.211
37.114	14.129
37.247	14.047
37.381	13.965
37.515	13.882
37.651	13.799
37.789	13.716
37.928	13.633
38.068	13.549
38.210	13.466
38.355	13.383
38.501	13.299
38.649	13.216
38.800	13.133
38.954	13.050
39.109	12.967
39.267	12.885
39.426	12.802
39.587	12.720
39.750	12.637
39.913	12.554
40.077	12.471
40.242	12.388
40.407	12.305
40.573	12.221
40.738	12.137
40.903	12.052
41.068	11.967
41.231	11.882
41.394	11.796
41.556	11.710
41.718	11.624
41.879	11.539
42.039	11.454
42.199	11.370
42.358	11.288
42.517	11.207
42.676	11.128
42.835	11.052
42.994	10.977
43.153	10.905
43.312	10.837
43.471	10.771
43.630	10.709
43.789	10.650
43.947	10.594
44.105	10.541
44.262	10.491
44.417	10.444
44.571	10.399
44.722	10.356
44.872	10.316
45.019	10.278
45.163	10.241
45.305	10.207
45.443	10.174
45.578	10.143
45.711	10.113
45.842	10.086
45.974	10.059
46.105	10.035
46.237	10.011
46.371	9.990
46.508	9.970
46.647	9.951
46.791	9.934
46.939	9.919
47.091	9.905
47.245	9.892
47.402	9.882
47.559	9.873
47.716	9.866
47.872	9.861
48.026	9.858
48.177	9.857
48.323	9.858
48.465	9.861
48.600	9.867
48.729	9.875
48.851	9.886
48.968	9.900
49.078	9.918
49.183	9.940
49.284	9.967
49.380	9.999
49.472	10.037
49.561	10.081
49.647	10.132
49.728	10.189
49.805	10.252
49.876	10.321
49.941	10.396
49.998	10.477
50.049	10.563
50.090	10.655
50.123	10.753
50.146	10.854
50.160	10.960
50.163	11.070
50.155	11.183
50.137	11.298
50.108	11.415
50.066	11.534
50.013	11.654
49.950	11.775
49.880	11.896
49.805	12.018
49.727	12.140
49.648	12.263
49.572	12.385
49.500	12.507
49.434	12.629
49.377	12.750
49.332	12.871
49.299	12.991
49.276	13.109
49.260	13.224
49.247	13.337
49.234	13.446
49.218	13.550
49.195	13.649
49.162	13.743
49.115	13.830
49.054	13.910
48.981	13.985
48.897	14.056
48.805	14.126
48.708	14.194
48.607	14.263
48.505	14.335
48.404	14.409
48.307	14.489
48.214	14.575
48.126	14.665
48.042	14.760
47.962	14.859
47.884	14.961
47.808	15.065
47.734	15.170
47.662	15.277
47.590	15.383
47.518	15.489
47.446	15.594
47.373	15.697
47.299	15.800
47.223	15.901
47.146	16.001
47.066	16.099
46.984	16.197
46.899	16.293
46.811	16.387
46.719	16.481
46.623	16.573
46.525	16.664
46.425	16.754
46.324	16.843
46.222	16.932
46.123	17.021
46.025	17.110
45.930	17.198
45.839	17.288
45.754	17.378
45.674	17.468
45.599	17.560
45.527	17.652
45.457	17.744
45.387	17.836
45.314	17.928
45.238	18.020
45.157	18.111
45.069	18.202
44.972	18.291
44.865	18.380
44.751	18.467
44.631	18.554
44.506	18.640
44.377	18.725
44.248	18.810
44.119	18.895
43.992	18.980
43.869	19.064
43.751	19.149
43.640	19.234
43.538	19.319
43.444	19.404
43.357	19.489
43.274	19.571
43.196	19.650
43.119	19.726
43.043	19.797
42.966	19.862
42.886	19.920
42.802	19.972
42.716	20.017
42.633	20.057
42.555	20.095
42.486	20.132
42.431	20.170
42.392	20.210
42.371	20.254
42.359	20.302
42.348	20.354
42.329	20.409
42.299	20.467
42.257	20.527
42.208	20.587
42.155	20.645
42.101	20.700
42.048	20.750
41.999	20.795
41.950	20.835
41.900	20.872
41.846	20.907
41.786	20.941
41.719	20.974
41.645	21.006
41.565	21.037
41.482	21.067
41.397	21.095
41.309	21.121
41.222	21.145
41.135	21.166
41.047	21.186
40.959	21.204
40.868	21.221
40.776	21.237
40.681	21.253
40.582	21.269
40.480	21.286
40.375	21.301
40.267	21.313
40.157	21.321
40.046	21.323
39.935	21.318
39.823	21.304
39.712	21.280
39.602	21.244
39.493	21.197
39.385	21.142
39.276	21.079
39.165	21.013
39.052	20.945
38.936	20.877
38.817	20.812
38.692	20.752
38.563	20.699
38.427	20.655
38.284	20.622
38.136	20.599
37.983	20.584
37.826	20.575
37.665	20.573
37.502	20.574
37.337	20.579
37.171	20.585
37.005	20.592
36.839	20.597
36.675	20.601
36.513	20.601
36.354	20.596
36.198	20.587
36.045	20.574
35.895	20.559
35.747	20.542
35.602	20.525
35.459	20.508
35.318	20.493
35.179	20.480
35.042	20.471
34.906	20.466
34.771	20.467
34.638	20.474
34.506	20.487
34.374	20.504
34.243	20.526
34.112	20.552
33.981	20.581
33.850	20.613
33.719	20.647
33.587	20.682
33.454	20.719
33.320	20.755
33.185	20.792
33.049	20.828
32.913	20.865
32.777	20.902
32.641	20.938
32.506	20.975
32.372	21.011
32.240	21.048
32.109	21.084
31.980	21.120
31.853	21.156
31.729	21.193
31.607	21.231
31.487	21.271
31.368	21.315
31.251	21.363
31.136	21.417
31.021	21.477
30.908	21.545
30.795	21.621
30.683	21.706
30.572	21.799
30.462	21.896
30.353	21.992
30.247	22.085
30.143	22.169
30.041	22.240
29.943	22.294
29.849	22.328
29.760	22.336
29.674	22.316
29.594	22.267
29.519	22.194
29.449	22.098
29.385	21.983
29.326	21.852
29.274	21.709
29.227	21.555
29.186	21.395
29.151	21.232
29.123	21.068
29.101	20.906
29.084	20.745
29.072	20.587
29.065	20.432
29.061	20.279
29.059	20.129
29.059	19.983
29.061	19.841
29.063	19.702
29.065	19.568
29.066	19.439
29.066	19.315
29.066	19.196
29.068	19.081
29.075	18.971
29.089	18.864
29.112	18.761
29.148	18.660
29.199	18.562
29.267	18.467
