X,Y
992.000,608.000
993.209,606.629
994.487,605.001
995.833,603.138
997.246,601.062
998.724,598.797
1000.268,596.365
1001.876,593.789
1003.547,591.091
1005.281,588.294
1007.076,585.420
1008.932,582.493
1010.848,579.534
1012.822,576.567
1014.854,573.615
1016.943,570.699
1019.086,567.830
1021.273,565.009
1023.500,562.233
1025.757,559.500
1028.038,556.810
1030.335,554.159
1032.641,551.548
1034.948,548.973
1037.250,546.433
1039.537,543.926
1041.804,541.452
1044.043,539.008
1046.247,536.592
1048.407,534.203
1050.517,531.839
1052.569,529.498
1054.557,527.179
1056.487,524.881
1058.369,522.600
1060.213,520.335
1062.030,518.085
1063.830,515.847
1065.624,513.620
1067.423,511.402
1069.236,509.190
1071.074,506.983
1072.948,504.780
1074.868,502.577
1076.845,500.374
1078.888,498.168
1081.010,495.958
1083.211,493.741
1085.487,491.515
1087.832,489.276
1090.241,487.023
1092.709,484.752
1095.230,482.461
1097.797,480.147
1100.407,477.807
1103.053,475.439
1105.729,473.040
1108.431,470.607
1111.152,468.137
1113.888,465.629
1116.632,463.078
1119.379,460.482
1122.124,457.840
1124.860,455.147
1127.586,452.405
1130.302,449.620
1133.011,446.799
1135.713,443.949
1138.411,441.077
1141.107,438.189
1143.802,435.293
1146.498,432.395
1149.196,429.503
1151.899,426.623
1154.608,423.762
1157.325,420.927
1160.052,418.125
1162.790,415.362
1165.542,412.646
1168.308,409.984
1171.090,407.382
1173.892,404.848
1176.713,402.387
1179.555,400.004
1182.419,397.693
1185.302,395.448
1188.206,393.265
1191.129,391.137
1194.072,389.059
1197.033,387.025
1200.012,385.029
1203.009,383.066
1206.023,381.131
1209.055,379.217
1212.102,377.319
1215.166,375.432
1218.245,373.549
1221.339,371.665
1224.448,369.775
1227.572,367.873
1230.708,365.953
1233.857,364.017
1237.015,362.070
1240.177,360.118
1243.343,358.169
1246.507,356.228
1249.667,354.302
1252.820,352.397
1255.963,350.519
1259.092,348.674
1262.204,346.870
1265.296,345.111
1268.365,343.406
1271.408,341.759
1274.421,340.177
1277.402,338.667
1280.346,337.234
1283.252,335.886
1286.118,334.625
1288.949,333.449
1291.754,332.354
1294.539,331.333
1297.311,330.382
1300.078,329.497
1302.846,328.672
1305.623,327.903
1308.417,327.185
1311.233,326.514
1314.080,325.883
1316.965,325.290
1319.894,324.728
1322.876,324.193
1325.915,323.681
1329.010,323.192
1332.149,322.730
1335.323,322.300
1338.520,321.905
1341.730,321.551
1344.942,321.241
1348.146,320.979
1351.331,320.769
1354.487,320.617
1357.604,320.526
1360.669,320.500
1363.674,320.544
1366.608,320.661
1369.459,320.857
1372.218,321.134
1374.880,321.498
1377.446,321.952
1379.919,322.498
1382.301,323.142
1384.594,323.886
1386.799,324.734
1388.920,325.689
1390.958,326.755
1392.915,327.936
1394.793,329.235
1396.595,330.655
1398.321,332.199
1399.960,333.857
1401.496,335.614
1402.910,337.455
1404.186,339.364
1405.307,341.326
1406.257,343.326
1407.018,345.349
1407.573,347.378
1407.906,349.399
1407.999,351.397
1407.847,353.363
1407.470,355.301
1406.892,357.220
1406.137,359.125
1405.229,361.025
1404.190,362.925
1403.046,364.834
1401.819,366.758
1400.533,368.704
1399.213,370.680
1397.879,372.691
1396.535,374.735
1395.179,376.807
1393.808,378.900
1392.419,381.010
1391.010,383.131
1389.578,385.257
1388.119,387.382
1386.632,389.502
1385.114,391.610
1383.562,393.701
1381.973,395.770
1380.345,397.811
1378.685,399.823
1377.009,401.808
1375.338,403.772
1373.689,405.718
1372.082,407.649
1370.535,409.570
1369.068,411.486
1367.698,413.399
1366.445,415.313
1365.327,417.233
1364.364,419.163
1363.572,421.106
1362.955,423.064
1362.500,425.037
1362.196,427.026
1362.030,429.032
1361.991,431.053
1362.068,433.090
1362.247,435.145
1362.518,437.216
1362.868,439.304
1363.287,441.409
1363.767,443.530
1364.308,445.665
1364.907,447.812
1365.562,449.969
1366.270,452.134
1367.031,454.304
1367.841,456.479
1368.700,458.655
1369.604,460.831
1370.551,463.004
1371.540,465.173
1372.566,467.335
1373.621,469.484
1374.699,471.615
1375.792,473.726
1376.893,475.809
1377.995,477.862
1379.091,479.878
1380.173,481.854
1381.235,483.786
1382.270,485.667
1383.269,487.494
1384.226,489.268
1385.128,491.002
1385.966,492.712
1386.728,494.410
1387.404,496.112
1387.981,497.832
1388.451,499.584
1388.801,501.383
1389.021,503.242
1389.102,505.171
1389.048,507.159
1388.862,509.194
1388.548,511.264
1388.108,513.355
1387.547,515.456
1386.868,517.553
1386.075,519.635
1385.172,521.689
1384.161,523.702
1383.048,525.663
1381.841,527.574
1380.551,529.441
1379.189,531.267
1377.766,533.060
1376.292,534.824
1374.778,536.565
1373.235,538.289
1371.674,540.000
1370.105,541.705
1368.540,543.409
1366.988,545.117
1365.458,546.835
1363.955,548.570
1362.485,550.327
1361.053,552.112
1359.667,553.931
1358.329,555.790
1357.048,557.696
1355.828,559.654
1354.676,561.670
1353.596,563.751
1352.594,565.901
1351.662,568.113
1350.774,570.358
1349.905,572.609
1349.026,574.837
1348.112,577.013
1347.137,579.110
1346.073,581.099
1344.894,582.951
1343.574,584.639
1342.086,586.134
1340.404,587.407
1338.521,588.452
1336.457,589.292
1334.237,589.952
1331.884,590.458
1329.423,590.837
1326.876,591.113
1324.268,591.314
1321.623,591.464
1318.963,591.589
1316.314,591.716
1313.698,591.871
1311.139,592.078
1308.656,592.358
1306.257,592.721
1303.953,593.177
1301.751,593.735
1299.661,594.406
1297.691,595.199
1295.850,596.123
1294.148,597.188
1292.592,598.405
1291.193,599.782
1289.956,601.327
1288.874,603.026
1287.933,604.860
1287.120,606.808
1286.421,608.851
1285.823,610.968
1285.312,613.140
1284.875,615.345
1284.498,617.565
1284.168,619.779
1283.872,621.967
1283.593,624.121
1283.316,626.246
1283.023,628.347
1282.696,630.430
1282.318,632.501
1281.872,634.565
1281.341,636.628
1280.707,638.695
1279.953,640.772
1279.062,642.865
1278.021,644.975
1276.834,647.085
1275.513,649.173
1274.068,651.216
1272.510,653.192
1270.850,655.079
1269.099,656.853
1267.267,658.492
1265.365,659.974
1263.404,661.276
1261.395,662.376
1259.349,663.251
1257.273,663.898
1255.166,664.342
1253.030,664.613
1250.864,664.738
1248.668,664.747
1246.442,664.669
1244.187,664.532
1241.903,664.364
1239.589,664.195
1237.245,664.054
1234.872,663.968
1232.472,663.946
1230.050,663.980
1227.611,664.059
1225.159,664.171
1222.700,664.307
1220.238,664.454
1217.778,664.603
1215.325,664.742
1212.884,664.861
1210.459,664.949
1208.057,664.996
1205.680,664.990
1203.330,664.937
1201.002,664.849
1198.692,664.744
1196.396,664.637
1194.109,664.541
1191.828,664.474
1189.548,664.450
1187.266,664.485
1184.976,664.594
1182.675,664.792
1180.358,665.095
1178.022,665.508
1175.665,666.020
1173.283,666.618
1170.875,667.287
1168.436,668.016
1165.966,668.790
1163.460,669.597
1160.917,670.422
1158.334,671.253
1155.709,672.077
1153.038,672.880
1150.319,673.648
1147.550,674.370
1144.733,675.039
1141.876,675.657
1138.987,676.228
1136.073,676.754
1133.141,677.237
1130.200,677.680
1127.256,678.084
1124.319,678.453
1121.394,678.789
1118.490,679.094
1115.615,679.371
1112.775,679.622
1109.980,679.849
1107.235,680.056
1104.544,680.241
1101.897,680.400
1099.284,680.527
1096.697,680.617
1094.124,680.663
1091.558,680.660
1088.987,680.603
1086.402,680.485
1083.794,680.302
1081.153,680.048
1078.469,679.716
1075.732,679.302
1072.934,678.799
1070.073,678.209
1067.165,677.537
1064.224,676.792
1061.264,675.981
1058.302,675.112
1055.350,674.194
1052.425,673.233
1049.541,672.237
1046.713,671.214
1043.956,670.172
1041.284,669.119
1038.713,668.062
1036.256,667.009
1033.930,665.968
1031.742,664.941
1029.676,663.912
1027.711,662.860
1025.825,661.763
1023.996,660.602
1022.203,659.354
1020.424,657.999
1018.637,656.516
1016.822,654.885
1014.956,653.083
1013.018,651.091
1010.987,648.888
1008.869,646.483
1006.694,643.912
1004.496,641.214
1002.306,638.428
1000.157,635.590
998.081,632.741
996.111,629.917
994.280,627.157
992.619,624.499
991.161,621.982
989.938,619.644
988.984,617.522
988.329,615.656
988.008,614.083
988.040,612.822
988.393,611.798
989.015,610.907
989.857,610.046
990.869,609.111
992.000,608.000
