TOWN,WMU,MALE,FEMALE,TOTAL,HSM,year
ACWORTH,(H1),44,15,59,1.52,2021
ALBANY,(E/F/J1),11,2,13,0.17,2021
ALEXANDRIA,(G2/I1),26,1,27,0.62,2021
ALLENSTOWN,(L),22,15,37,1.83,2021
ALSTEAD,(H1/H2),44,11,55,1.42,2021
ALTON,(J2),98,25,123,1.94,2021
AMHERST,(K/M),49,42,91,2.7,2021
ANDOVER,(G1/I1),25,8,33,0.82,2021
ANTRIM,(H2/I2/K),39,4,43,1.21,2021
ASHLAND,(F/G2/J2),12,1,13,1.16,2021
ATKINSON,(M),30,15,45,4.03,2021
Atkinson & Gilmanton,(A),1,0,1,0.05,2021
AUBURN,(L/M),36,41,77,3.04,2021
BARNSTEAD,(J2),77,43,120,2.82,2021
BARRINGTON,(J2/L),77,50,127,2.74,2021
BARTLETT,(E),16,6,22,0.3,2021
BATH,(D2W),98,49,147,3.9,2021
BEDFORD,(K/L/M),48,34,82,2.51,2021
BELMONT,(J2),54,21,75,2.5,2021
BENNINGTON,(H2/K),13,3,16,1.43,2021
BENTON,(D2E/D2W),8,3,11,0.23,2021
BERLIN,(C1/C2),7,3,10,0.16,2021
BETHLEHEM,(D1/D2W/E),41,1,42,0.46,2021
BOSCAWEN,(I1),23,12,35,1.42,2021
BOW,(I1/K/L),55,27,82,2.93,2021
BRADFORD,(I2),20,4,24,0.68,2021
BRENTWOOD,(L/M),46,43,89,5.3,2021
BRIDGEWATER,(G2),17,1,18,0.84,2021
BRISTOL,(G2/I1),17,5,22,1.31,2021
BROOKFIELD,(J1/J2),18,3,21,0.92,2021
BROOKLINE,(K/M),20,19,39,1.97,2021
CAMBRIDGE,(B/C2),8,0,8,0.16,2021
CAMPTON,(F),30,7,37,0.71,2021
CANAAN,(G1/G2),70,26,96,1.81,2021
CANDIA,(L/M),37,45,82,2.71,2021
CANTERBURY,(I1/J2),62,13,75,1.72,2021
CARROLL,(D1/E),6,1,7,0.14,2021
CENTER_HARBOR,(J1/J2),18,3,21,1.58,2021
CHARLESTOWN,(H1),41,18,59,1.66,2021
CHATHAM,(E),20,2,22,0.39,2021
CHESTER,(M),52,34,86,3.31,2021
CHESTERFIELD,(H2),56,16,72,1.58,2021
CHICHESTER,(J2/L),42,28,70,3.33,2021
CLAREMONT,(H1),55,20,75,1.75,2021
CLARKSVILLE,(A),27,4,31,0.51,2021
COLEBROOK,(A/B),30,4,34,0.84,2021
COLUMBIA,(B),26,2,28,0.46,2021
CONCORD,(I1/J2/K/L),85,37,122,1.92,2021
CONWAY,(E/F/J1),51,16,67,0.96,2021
CORNISH,(H1),64,19,83,1.98,2021
CROYDON,(H1/I2),23,7,30,0.82,2021
DALTON,(D1),13,1,14,0.51,2021
DANBURY,(G1/G2/I1),26,9,35,0.93,2021
DANVILLE,(M),13,13,26,2.24,2021
DEERFIELD,(L),82,60,142,2.79,2021
DEERING,(K),28,11,39,1.29,2021
DERRY,(M),62,39,101,2.86,2021
DIXVILLE,(A/B),6,0,6,0.12,2021
DORCHESTER,(G1/G2),12,2,14,0.31,2021
DOVER,(L),59,46,105,3.93,2021
DUBLIN,(H2),31,6,37,1.32,2021
DUMMER,(B/C1/C2),21,5,26,0.54,2021
DUNBARTON,(K),62,20,82,2.81,2021
DURHAM,(L),61,55,116,5.19,2021
EAST_KINGSTON,(M),28,16,44,4.46,2021
EASTON,(D2E/D2W),10,4,14,0.45,2021
EATON,(J1),11,2,13,0.53,2021
EFFINGHAM,(J1),38,8,46,1.19,2021
ENFIELD,(G1/H1),66,30,96,2.39,2021
EPPING,(L/M),53,26,79,3.07,2021
EPSOM,(J2/L),69,35,104,3.05,2021
ERROL,(A/B/C2),21,1,22,0.36,2021
EXETER,(L/M),39,38,77,3.93,2021
FARMINGTON,(J2),53,16,69,1.9,2021
FITZWILLIAM,(H2),69,19,88,2.54,2021
FRANCESTOWN,(K),38,10,48,1.62,2021
FRANCONIA,(D1/D2E/D2W/E),16,3,19,0.29,2021
FRANKLIN,(I1),26,10,36,1.32,2021
FREEDOM,(J1),47,19,66,1.91,2021
FREMONT,(M),19,11,30,1.74,2021
GILFORD,(J2),54,9,63,1.63,2021
GILMANTON,(J2),83,31,114,1.99,2021
GILSUM,(H2),21,7,28,1.69,2021
GOFFSTOWN,(K),58,29,87,2.35,2021
GORHAM,(C1/C2/E),9,0,9,0.28,2021
GOSHEN,(H1/I2),24,6,30,1.34,2021
GRAFTON,(G1/G2),26,6,32,0.77,2021
GRANTHAM,(G1/H1/I2),23,4,27,1,2021
GREENFIELD,(K),28,14,42,1.59,2021
GREENLAND,(M),32,37,69,6.52,2021
GREENVILLE,(K),8,8,16,2.33,2021
GROTON,(G1/G2),10,1,11,0.27,2021
HAMPSTEAD,(M),18,11,29,2.17,2021
HAMPTON,(M),24,14,38,2.93,2021
HAMPTON_FALLS,(M),22,22,44,3.65,2021
HANCOCK,(H2/K),30,18,48,1.61,2021
HANOVER,(G1),76,70,146,2.98,2021
HARRISVILLE,(H2),17,11,28,1.49,2021
HARTS_LOCATION,(E),2,0,2,0.1,2021
HAVERHILL,(D2W),105,37,142,2.78,2021
HEBRON,(G2),13,2,15,0.9,2021
HENNIKER,(I2/K),52,17,69,1.65,2021
HILL,(I1),15,0,15,0.57,2021
HILLSBOROUGH,(H2/I2/K),44,4,48,1.11,2021
HINSDALE,(H2),35,10,45,2.2,2021
HOLDERNESS,(F/G2/J1/J2),16,5,21,0.69,2021
HOLLIS,(M),67,41,108,3.42,2021
HOOKSETT,(K/L),59,15,74,2.06,2021
HOPKINTON,(I1/I2/K),53,15,68,1.65,2021
HUDSON,(M),41,14,55,1.94,2021
JACKSON,(E),8,1,9,0.13,2021
JAFFREY,(H2/K),53,23,76,1.98,2021
JEFFERSON,(C1/D1/E),52,7,59,1.18,2021
KEENE,(H2),26,9,35,0.95,2021
KENSINGTON,(M),40,39,79,6.62,2021
KINGSTON,(M),28,27,55,2.82,2021
LACONIA,(J2),18,8,26,1.31,2021
LANCASTER,(C1/D1),45,9,54,1.08,2021
LANDAFF,(D2E/D2W),19,6,25,0.88,2021
LANGDON,(H1/H2),20,13,33,2.04,2021
LEBANON,(G1/H1),85,41,126,3.14,2021
LEE,(L),43,27,70,3.53,2021
LEMPSTER,(H1/I2),33,10,43,1.33,2021
LINCOLN,(D2E/E/F),3,0,3,0.02,2021
LISBON,(D2W),51,28,79,3.01,2021
LITCHFIELD,(M),21,13,34,2.29,2021
LITTLETON,(D1/D2W),47,19,66,1.32,2021
LIVERMORE,(E/F),1,0,1,0.02,2021
LONDONDERRY,(M),58,47,105,2.51,2021
LOUDON,(J2),83,55,138,3,2021
LYMAN,(D2W),47,27,74,2.6,2021
LYME,(G1),88,25,113,2.1,2021
LYNDEBOROUGH,(K),38,20,58,1.94,2021
MADBURY,(L),54,26,80,6.92,2021
MADISON,(F/J1),33,9,42,1.09,2021
MANCHESTER,(K/L/M),22,8,30,0.91,2021
MARLBOROUGH,(H2),41,5,46,2.25,2021
MARLOW,(H1/H2/I2),26,10,36,1.4,2021
MASON,(K),32,7,39,1.64,2021
MEREDITH,(I1/J2),44,20,64,1.6,2021
MERRIMACK,(M),54,60,114,3.53,2021
MIDDLETON,(J2),16,4,20,1.11,2021
MILAN,(B/C1/C2),19,2,21,0.33,2021
MILFORD,(K/M),26,24,50,1.98,2021
MILLSFIELD,(A/B),6,0,6,0.13,2021
MILTON,(J2),60,21,81,2.46,2021
MONROE,(D2W),41,19,60,2.68,2021
MONT_VERNON,(K),25,13,38,2.26,2021
MOULTONBORO,(J1/J2),50,27,77,1.29,2021
NASHUA,(M),21,6,27,0.88,2021
NELSON,(H2),19,8,27,1.23,2021
NEW_BOSTON,(K),86,42,128,3,2021
NEW_CASTLE,(M),0,1,1,1.27,2021
NEW_DURHAM,(J2),60,16,76,1.85,2021
NEW_HAMPTON,(G2/I1/J2),35,14,49,1.33,2021
NEW_IPSWICH,(K),41,14,55,1.69,2021
NEW_LONDON,(G1/I1/I2),19,4,23,1.04,2021
NEWBURY,(I2),22,4,26,0.73,2021
NEWFIELDS,(L),18,7,25,3.52,2021
NEWINGTON,(M),39,51,90,11.04,2021
NEWMARKET,(L),36,43,79,6.26,2021
NEWPORT,(H1/I2),57,17,74,1.71,2021
NEWTON,(M),19,11,30,3.07,2021
NORTH_HAMPTON,(M),50,37,87,6.28,2021
NORTHFIELD,(I1/J2),58,24,82,2.87,2021
NORTHUMBERLAND,(B/C1/D1),29,1,30,0.84,2021
NORTHWOOD,(J2/L),45,25,70,2.49,2021
NOTTINGHAM,(L),68,30,98,2.1,2021
ODELL,(B),3,0,3,0.07,2021
ORANGE,(G1/G2),7,1,8,0.35,2021
ORFORD,(D2W/G1),50,33,83,1.78,2021
OSSIPEE,(J1),79,8,87,1.24,2021
PELHAM,(M),38,27,65,2.51,2021
PEMBROKE,(L),26,31,57,2.54,2021
PETERBOROUGH,(H2/K),47,14,61,1.62,2021
PIERMONT,(D2W),41,13,54,1.4,2021
PINKHAMS_GRANT,(E),1,0,1,0.26,2021
PITTSBURG,(A),123,18,141,0.5,2021
PITTSFIELD,(J2),59,19,78,3.29,2021
PLAINFIELD,(H1),85,40,125,2.4,2021
PLAISTOW,(M),11,16,27,2.55,2021
PLYMOUTH,(F/G2),20,2,22,0.79,2021
PORTSMOUTH,(M),35,13,48,3.07,2021
RANDOLPH,(C1/E),8,2,10,0.21,2021
RAYMOND,(L/M),37,26,63,2.19,2021
RICHMOND,(H2),40,10,50,1.33,2021
RINDGE,(H2/K),58,24,82,2.22,2021
ROCHESTER,(J2/L),96,57,153,3.46,2021
ROLLINSFORD,(L),29,20,49,6.7,2021
ROXBURY,(H2),18,4,22,1.84,2021
RUMNEY,(F/G1/G2),22,3,25,0.6,2021
RYE,(M),44,48,92,7.35,2021
SALEM,(M),34,17,51,2.06,2021
SALISBURY,(I1),35,7,42,1.07,2021
SANBORNTON,(I1/J2),34,18,52,1.1,2021
SANDOWN,(M),13,8,21,1.51,2021
SANDWICH,(F/J1),37,0,37,0.41,2021
SEABROOK,(M),15,11,26,2.93,2021
SECOND_COLL_GRANT,(A),5,0,5,0.12,2021
SHARON,(K),12,6,18,1.15,2021
SHELBURNE,(C2/E),13,0,13,0.27,2021
SOMERSWORTH,(L),12,7,19,1.96,2021
SOUTH_HAMPTON,(M),27,18,45,5.71,2021
SPRINGFIELD,(G1/I2),31,8,39,0.9,2021
STARK,(B/C1),17,2,19,0.32,2021
STEWARTSTOWN,(A),28,10,38,0.82,2021
STODDARD,(H2/I2),34,6,40,0.79,2021
STRAFFORD,(J2),89,34,123,2.53,2021
STRATFORD,(B),22,3,25,0.32,2021
STRATHAM,(L/M),52,32,84,5.56,2021
SUCCESS,(C2),5,0,5,0.09,2021
SUGAR_HILL,(D1/D2W),13,2,15,0.88,2021
SULLIVAN,(H2),24,1,25,1.35,2021
SUNAPEE,(G1/I2),25,12,37,1.76,2021
SURRY,(H2),22,2,24,1.55,2021
SUTTON,(I1/I2),36,3,39,0.92,2021
SWANZEY,(H2),72,27,99,2.22,2021
TAMWORTH,(F/J1),31,7,38,0.64,2021
TEMPLE,(K),36,10,46,2.08,2021
THORNTON,(F),21,3,24,0.48,2021
TILTON,(I1/J2),10,8,18,1.62,2021
TROY,(H2),45,13,58,3.32,2021
TUFTONBORO,(J1/J2),54,18,72,1.78,2021
UNITY,(H1),42,20,62,1.68,2021
WAKEFIELD,(J1/J2),66,19,85,2.15,2021
WALPOLE,(H1/H2),38,17,55,1.56,2021
WARNER,(I1/I2),35,7,42,0.77,2021
WARREN,(D2E/D2W/F),21,1,22,0.45,2021
WASHINGTON,(I2),34,5,39,0.86,2021
WEARE,(K),83,33,116,2.06,2021
WEBSTER,(I1),34,15,49,1.77,2021
WENTWORTH,(D2W/F/G1),23,8,31,0.74,2021
WENTWORTHS_LOCATION,(A/C2),5,0,5,0.27,2021
WESTMORELAND,(H2),45,22,67,1.87,2021
WHITEFIELD,(D1),16,2,18,0.53,2021
WILMOT,(G1/I1),16,4,20,0.68,2021
WILTON,(K),35,18,53,2.09,2021
WINCHESTER,(H2),69,21,90,1.65,2021
WINDHAM,(M),33,25,58,2.18,2021
WINDSOR,(I2),3,1,4,0.49,2021
WOLFEBORO,(J1/J2),44,15,59,1.23,2021
WOODSTOCK,(D2E/F),9,1,10,0.17,2021
ACWORTH,(H1),44,22,66,1.7,2022
ALBANY,(E/F/J1),12,0,12,0.16,2022
ALEXANDRIA,(G2/I1),21,4,25,0.58,2022
ALLENSTOWN,(L),21,16,37,1.83,2022
ALSTEAD,(H1/H2),46,18,64,1.65,2022
ALTON,(J2),81,55,136,2.14,2022
AMHERST,(K/M),50,32,82,2.43,2022
ANDOVER,(G1/I1),37,11,48,1.2,2022
ANTRIM,(H2/I2/K),36,11,47,1.33,2022
ASHLAND,(F/G2/J2),11,5,16,1.42,2022
ATKINSON,(M),25,18,43,3.85,2022
Atkinson & Gilmanton,(A),2,0,2,0.1,2022
AUBURN,(L/M),52,35,87,3.43,2022
BARNSTEAD,(J2),90,54,144,3.38,2022
BARRINGTON,(J2/L),87,45,132,2.84,2022
BARTLETT,(E),22,3,25,0.34,2022
BATH,(D2W),100,90,190,5.04,2022
BEDFORD,(K/L/M),46,29,75,2.3,2022
BELMONT,(J2),46,38,84,2.8,2022
BENNINGTON,(H2/K),18,8,26,2.32,2022
BENTON,(D2E/D2W),25,5,30,0.62,2022
BERLIN,(C1/C2),8,3,11,0.18,2022
BETHLEHEM,(D1/D2W/E),33,5,38,0.42,2022
BOSCAWEN,(I1),26,8,34,1.38,2022
BOW,(I1/K/L),42,34,76,2.71,2022
BRADFORD,(I2),21,5,26,0.74,2022
BRENTWOOD,(L/M),50,38,88,5.24,2022
BRIDGEWATER,(G2),24,7,31,1.44,2022
BRISTOL,(G2/I1),22,18,40,2.38,2022
BROOKFIELD,(J1/J2),16,12,28,1.23,2022
BROOKLINE,(K/M),34,17,51,2.57,2022
CAMBRIDGE,(B/C2),13,3,16,0.31,2022
CAMPTON,(F),36,3,39,0.75,2022
CANAAN,(G1/G2),73,40,113,2.13,2022
CANDIA,(L/M),39,19,58,1.92,2022
CANTERBURY,(I1/J2),63,20,83,1.9,2022
CARROLL,(D1/E),10,0,10,0.2,2022
CENTER_HARBOR,(J1/J2),18,10,28,2.11,2022
CHARLESTOWN,(H1),49,32,81,2.28,2022
CHATHAM,(E),17,1,18,0.32,2022
CHESTER,(M),52,27,79,3.04,2022
CHESTERFIELD,(H2),59,21,80,1.76,2022
CHICHESTER,(J2/L),37,25,62,2.95,2022
CLAREMONT,(H1),65,47,112,2.61,2022
CLARKSVILLE,(A),40,7,47,0.78,2022
COLEBROOK,(A/B),36,11,47,1.16,2022
COLUMBIA,(B),35,5,40,0.66,2022
CONCORD,(I1/J2/K/L),79,49,128,2.01,2022
CONWAY,(E/F/J1),63,16,79,1.14,2022
CORNISH,(H1),80,37,117,2.79,2022
CROYDON,(H1/I2),27,9,36,0.98,2022
DALTON,(D1),23,2,25,0.91,2022
DANBURY,(G1/G2/I1),19,10,29,0.77,2022
DANVILLE,(M),19,10,29,2.5,2022
DEERFIELD,(L),78,64,142,2.79,2022
DEERING,(K),26,11,37,1.22,2022
DERRY,(M),70,40,110,3.12,2022
DIXS,GRANT,(A),2,0,2,0.1,2022
DIXVILLE,(A/B),6,0,6,0.12,2022
DORCHESTER,(G1/G2),4,0,4,0.09,2022
DOVER,(L),86,55,141,5.28,2022
DUBLIN,(H2),25,12,37,1.32,2022
DUMMER,(B/C1/C2),30,2,32,0.67,2022
DUNBARTON,(K),58,29,87,2.98,2022
DURHAM,(L),61,68,129,5.77,2022
EAST_KINGSTON,(M),45,23,68,6.89,2022
EASTON,(D2E/D2W),15,0,15,0.48,2022
EATON,(J1),13,6,19,0.78,2022
EFFINGHAM,(J1),41,5,46,1.19,2022
ENFIELD,(G1/H1),68,61,129,3.21,2022
EPPING,(L/M),62,43,105,4.08,2022
EPSOM,(J2/L),54,47,101,2.96,2022
ERROL,(A/B/C2),23,3,26,0.43,2022
ERVINGS_LOCATION,(B),1,0,1,0.27,2022
EXETER,(L/M),45,23,68,3.47,2022
FARMINGTON,(J2),62,25,87,2.4,2022
FITZWILLIAM,(H2),64,34,98,2.83,2022
FRANCESTOWN,(K),34,21,55,1.86,2022
FRANCONIA,(D1/D2E/D2W/E),12,4,16,0.24,2022
FRANKLIN,(I1),32,21,53,1.94,2022
FREEDOM,(J1),48,21,69,2,2022
FREMONT,(M),24,11,35,2.03,2022
GILFORD,(J2),49,15,64,1.65,2022
GILMANTON,(J2),84,51,135,2.35,2022
GILSUM,(H2),18,6,24,1.45,2022
GOFFSTOWN,(K),57,35,92,2.49,2022
GORHAM,(C1/C2/E),15,1,16,0.5,2022
GOSHEN,(H1/I2),27,8,35,1.56,2022
GRAFTON,(G1/G2),24,6,30,0.72,2022
GRANTHAM,(G1/H1/I2),25,7,32,1.18,2022
GREENFIELD,(K),24,15,39,1.48,2022
GREENLAND,(M),33,28,61,5.76,2022
GREENVILLE,(K),12,10,22,3.21,2022
GROTON,(G1/G2),18,1,19,0.47,2022
HADLEYS_PURCHASE,(E),1,0,1,0.14,2022
HAMPSTEAD,(M),14,17,31,2.32,2022
HAMPTON,(M),17,9,26,2,2022
HAMPTON_FALLS,(M),22,14,36,2.99,2022
HANCOCK,(H2/K),23,16,39,1.31,2022
HANOVER,(G1),80,111,191,3.9,2022
HARRISVILLE,(H2),17,8,25,1.33,2022
HAVERHILL,(D2W),90,79,169,3.31,2022
HEBRON,(G2),12,5,17,1.02,2022
HENNIKER,(I2/K),53,20,73,1.74,2022
HILL,(I1),8,1,9,0.34,2022
HILLSBOROUGH,(H2/I2/K),38,18,56,1.3,2022
HINSDALE,(H2),33,20,53,2.59,2022
HOLDERNESS,(F/G2/J1/J2),21,8,29,0.95,2022
HOLLIS,(M),66,50,116,3.67,2022
HOOKSETT,(K/L),70,23,93,2.59,2022
HOPKINTON,(I1/I2/K),52,26,78,1.89,2022
HUDSON,(M),39,20,59,2.08,2022
JACKSON,(E),9,0,9,0.13,2022
JAFFREY,(H2/K),58,33,91,2.38,2022
JEFFERSON,(C1/D1/E),48,8,56,1.12,2022
KEENE,(H2),34,17,51,1.38,2022
KENSINGTON,(M),40,28,68,5.7,2022
KILKENNY,(C1),1,0,1,0.04,2022
KINGSTON,(M),37,34,71,3.64,2022
LACONIA,(J2),21,11,32,1.61,2022
LANCASTER,(C1/D1),49,13,62,1.24,2022
LANDAFF,(D2E/D2W),34,7,41,1.45,2022
LANGDON,(H1/H2),25,16,41,2.53,2022
LEBANON,(G1/H1),73,55,128,3.19,2022
LEE,(L),46,30,76,3.84,2022
LEMPSTER,(H1/I2),34,16,50,1.55,2022
LINCOLN,(D2E/E/F),1,0,1,0.01,2022
LISBON,(D2W),57,40,97,3.7,2022
LITCHFIELD,(M),12,20,32,2.16,2022
LITTLETON,(D1/D2W),64,23,87,1.74,2022
LONDONDERRY,(M),73,59,132,3.15,2022
LOUDON,(J2),96,40,136,2.95,2022
LYMAN,(D2W),46,38,84,2.96,2022
LYME,(G1),77,58,135,2.51,2022
LYNDEBOROUGH,(K),51,30,81,2.71,2022
MADBURY,(L),55,33,88,7.61,2022
MADISON,(F/J1),36,14,50,1.3,2022
MANCHESTER,(K/L/M),20,15,35,1.07,2022
MARLBOROUGH,(H2),32,18,50,2.45,2022
MARLOW,(H1/H2/I2),23,19,42,1.63,2022
MASON,(K),29,22,51,2.14,2022
MEREDITH,(I1/J2),40,24,64,1.6,2022
MERRIMACK,(M),68,51,119,3.68,2022
MIDDLETON,(J2),21,3,24,1.33,2022
MILAN,(B/C1/C2),25,2,27,0.42,2022
MILFORD,(K/M),26,25,51,2.02,2022
MILLSFIELD,(A/B),12,0,12,0.27,2022
MILTON,(J2),54,22,76,2.31,2022
MONROE,(D2W),44,46,90,4.02,2022
MONT_VERNON,(K),30,8,38,2.26,2022
MOULTONBORO,(J1/J2),68,51,119,2,2022
NASHUA,(M),13,18,31,1.02,2022
NELSON,(H2),23,17,40,1.82,2022
NEW_BOSTON,(K),81,49,130,3.05,2022
NEW_CASTLE,(M),1,0,1,1.27,2022
NEW_DURHAM,(J2),52,25,77,1.87,2022
NEW_HAMPTON,(G2/I1/J2),39,18,57,1.55,2022
NEW_IPSWICH,(K),38,38,76,2.33,2022
NEW_LONDON,(G1/I1/I2),16,4,20,0.9,2022
NEWBURY,(I2),27,6,33,0.92,2022
NEWFIELDS,(L),17,3,20,2.82,2022
NEWINGTON,(M),33,52,85,10.43,2022
NEWMARKET,(L),46,48,94,7.45,2022
NEWPORT,(H1/I2),65,31,96,2.22,2022
NEWTON,(M),33,16,49,5.02,2022
NORTH_HAMPTON,(M),46,37,83,5.99,2022
NORTHFIELD,(I1/J2),57,25,82,2.87,2022
NORTHUMBERLAND,(B/C1/D1),20,5,25,0.7,2022
NORTHWOOD,(J2/L),37,27,64,2.28,2022
NOTTINGHAM,(L),57,36,93,1.99,2022
ODELL,(B),2,0,2,0.04,2022
ORANGE,(G1/G2),11,1,12,0.52,2022
ORFORD,(D2W/G1),57,38,95,2.04,2022
OSSIPEE,(J1),61,18,79,1.12,2022
PELHAM,(M),32,29,61,2.35,2022
PEMBROKE,(L),37,33,70,3.12,2022
PETERBOROUGH,(H2/K),47,24,71,1.89,2022
PIERMONT,(D2W),47,27,74,1.92,2022
PITTSBURG,(A),146,20,166,0.59,2022
PITTSFIELD,(J2),53,25,78,3.29,2022
PLAINFIELD,(H1),105,58,163,3.12,2022
PLAISTOW,(M),18,8,26,2.46,2022
PLYMOUTH,(F/G2),15,7,22,0.79,2022
PORTSMOUTH,(M),25,21,46,2.94,2022
RANDOLPH,(C1/E),5,0,5,0.11,2022
RAYMOND,(L/M),43,33,76,2.64,2022
RICHMOND,(H2),37,14,51,1.36,2022
RINDGE,(H2/K),54,43,97,2.62,2022
ROCHESTER,(J2/L),94,57,151,3.41,2022
ROLLINSFORD,(L),40,20,60,8.2,2022
ROXBURY,(H2),12,3,15,1.25,2022
RUMNEY,(F/G1/G2),17,1,18,0.43,2022
RYE,(M),39,36,75,6,2022
SALEM,(M),36,25,61,2.47,2022
SALISBURY,(I1),27,12,39,0.99,2022
SANBORNTON,(I1/J2),51,21,72,1.52,2022
SANDOWN,(M),10,7,17,1.22,2022
SANDWICH,(F/J1),38,4,42,0.46,2022
SEABROOK,(M),12,8,20,2.25,2022
SECOND_COLL_GRANT,(A),15,0,15,0.36,2022
SHARON,(K),18,6,24,1.54,2022
SHELBURNE,(C2/E),18,0,18,0.38,2022
SOMERSWORTH,(L),20,9,29,2.99,2022
SOUTH_HAMPTON,(M),31,20,51,6.47,2022
SPRINGFIELD,(G1/I2),34,9,43,0.99,2022
STARK,(B/C1),17,4,21,0.36,2022
STEWARTSTOWN,(A),36,7,43,0.93,2022
STODDARD,(H2/I2),24,9,33,0.65,2022
STRAFFORD,(J2),75,51,126,2.59,2022
STRATFORD,(B),31,6,37,0.47,2022
STRATHAM,(L/M),37,30,67,4.43,2022
SUCCESS,(C2),3,0,3,0.05,2022
SUGAR_HILL,(D1/D2W),9,3,12,0.7,2022
SULLIVAN,(H2),24,10,34,1.84,2022
SUNAPEE,(G1/I2),25,11,36,1.72,2022
SURRY,(H2),22,14,36,2.33,2022
SUTTON,(I1/I2),23,9,32,0.76,2022
SWANZEY,(H2),60,53,113,2.54,2022
TAMWORTH,(F/J1),24,2,26,0.44,2022
TEMPLE,(K),22,11,33,1.49,2022
THORNTON,(F),17,5,22,0.44,2022
TILTON,(I1/J2),13,6,19,1.71,2022
TROY,(H2),44,19,63,3.61,2022
TUFTONBORO,(J1/J2),69,20,89,2.2,2022
UNITY,(H1),52,40,92,2.49,2022
WAKEFIELD,(J1/J2),58,27,85,2.15,2022
WALPOLE,(H1/H2),65,30,95,2.7,2022
WARNER,(I1/I2),31,9,40,0.73,2022
WARREN,(D2E/D2W/F),23,3,26,0.54,2022
WASHINGTON,(I2),36,8,44,0.97,2022
WATERVILLE,VALLEY,(E/F),0,1,1,0.02,2022
WEARE,(K),79,63,142,2.52,2022
WEBSTER,(I1),34,23,57,2.05,2022
WENTWORTH,(D2W/F/G1),32,5,37,0.89,2022
WENTWORTHS_LOCATION,(A/C2),7,2,9,0.49,2022
WESTMORELAND,(H2),66,37,103,2.88,2022
WHITEFIELD,(D1),28,5,33,0.96,2022
WILMOT,(G1/I1),16,6,22,0.75,2022
WILTON,(K),39,15,54,2.12,2022
WINCHESTER,(H2),73,22,95,1.74,2022
WINDHAM,(M),39,22,61,2.29,2022
WINDSOR,(I2),4,2,6,0.73,2022
WOLFEBORO,(J1/J2),73,15,88,1.83,2022
WOODSTOCK,(D2E/F),11,0,11,0.19,2022
ACWORTH,(H1),53,12,65,1.67,2023
ALBANY,(E/F/J1),13,2,15,0.2,2023
ALEXANDRIA,(G2/I1),21,3,24,0.55,2023
ALLENSTOWN,(L),16,12,28,1.38,2023
ALSTEAD,(H1/H2),53,14,67,1.73,2023
ALTON,(J2),101,40,141,2.22,2023
AMHERST,(K/M),44,39,83,2.46,2023
ANDOVER,(G1/I1),34,4,38,0.95,2023
ANTRIM,(H2/I2/K),28,7,35,0.99,2023
ASHLAND,(F/G2/J2),11,5,16,1.42,2023
ATKINSON,(M),32,14,46,4.12,2023
Atkinson & Gilmanton,(A),3,0,3,0.16,2023
AUBURN,(L/M),38,30,68,2.68,2023
BARNSTEAD,(J2),81,40,121,2.84,2023
BARRINGTON,(J2/L),64,65,129,2.78,2023
BARTLETT,(E),13,3,16,0.22,2023
BATH,(D2W),89,75,164,4.35,2023
BEDFORD,(K/L/M),31,41,72,2.2,2023
BELMONT,(J2),55,24,79,2.63,2023
BENNINGTON,(H2/K),14,2,16,1.43,2023
BENTON,(D2E/D2W),17,7,24,0.49,2023
BERLIN,(C1/C2),8,3,11,0.18,2023
BETHLEHEM,(D1/D2W/E),45,5,50,0.55,2023
BOSCAWEN,(I1),26,5,31,1.26,2023
BOW,(I1/K/L),45,22,67,2.39,2023
BRADFORD,(I2),19,4,23,0.66,2023
BRENTWOOD,(L/M),52,43,95,5.66,2023
BRIDGEWATER,(G2),12,7,19,0.88,2023
BRISTOL,(G2/I1),14,7,21,1.25,2023
BROOKFIELD,(J1/J2),21,6,27,1.18,2023
BROOKLINE,(K/M),32,19,51,2.57,2023
CAMBRIDGE,(B/C2),10,1,11,0.22,2023
CAMPTON,(F),37,3,40,0.77,2023
CANAAN,(G1/G2),64,26,90,1.69,2023
CANDIA,(L/M),58,30,88,2.91,2023
CANTERBURY,(I1/J2),59,22,81,1.85,2023
CARROLL,(D1/E),9,0,9,0.18,2023
CENTER,HARBOR,(J1/J2),17,7,24,1.81,2023
CHARLESTOWN,(H1),50,22,72,2.02,2023
CHATHAM,(E),19,0,19,0.34,2023
CHESTER,(M),46,40,86,3.31,2023
CHESTERFIELD,(H2),55,23,78,1.71,2023
CHICHESTER,(J2/L),36,20,56,2.67,2023
CLAREMONT,(H1),71,27,98,2.29,2023
CLARKSVILLE,(A),34,11,45,0.75,2023
COLEBROOK,(A/B),34,6,40,0.99,2023
COLUMBIA,(B),37,3,40,0.66,2023
CONCORD,(I1/J2/K/L),71,40,111,1.75,2023
CONWAY,(E/F/J1),48,18,66,0.95,2023
CORNISH,(H1),86,30,116,2.77,2023
CROYDON,(H1/I2),22,10,32,0.87,2023
DALTON,(D1),25,3,28,1.02,2023
DANBURY,(G1/G2/I1),20,6,26,0.69,2023
DANVILLE,(M),20,21,41,3.53,2023
DEERFIELD,(L),90,52,142,2.79,2023
DEERING,(K),36,9,45,1.49,2023
DERRY,(M),53,36,89,2.52,2023
DIXVILLE,(A/B),2,0,2,0.04,2023
DORCHESTER,(G1/G2),12,0,12,0.27,2023
DOVER,(L),55,63,118,4.42,2023
DUBLIN,(H2),28,8,36,1.29,2023
DUMMER,(B/C1/C2),51,12,63,1.31,2023
DUNBARTON,(K),52,21,73,2.5,2023
DURHAM,(L),69,58,127,5.68,2023
EAST_KINGSTON,(M),40,33,73,7.39,2023
EASTON,(D2E/D2W),17,2,19,0.61,2023
EATON,(J1),13,2,15,0.62,2023
EFFINGHAM,(J1),41,10,51,1.31,2023
ELLSWORTH,(F),1,0,1,0.05,2023
ENFIELD,(G1/H1),74,23,97,2.41,2023
EPPING,(L/M),63,31,94,3.65,2023
EPSOM,(J2/L),54,37,91,2.67,2023
ERROL,(A/B/C2),26,3,29,0.48,2023
EXETER,(L/M),40,40,80,4.08,2023
FARMINGTON,(J2),68,26,94,2.59,2023
FITZWILLIAM,(H2),58,30,88,2.54,2023
FRANCESTOWN,(K),41,21,62,2.09,2023
FRANCONIA,(D1/D2E/D2W/E),18,3,21,0.32,2023
FRANKLIN,(I1),32,19,51,1.86,2023
FREEDOM,(J1),59,26,85,2.47,2023
FREMONT,(M),28,17,45,2.61,2023
GILFORD,(J2),40,11,51,1.32,2023
GILMANTON,(J2),82,28,110,1.92,2023
GILSUM,(H2),22,4,26,1.57,2023
GOFFSTOWN,(K),77,29,106,2.87,2023
GORHAM,(C1/C2/E),12,0,12,0.38,2023
GOSHEN,(H1/I2),17,9,26,1.16,2023
GRAFTON,(G1/G2),18,10,28,0.67,2023
GRANTHAM,(G1/H1/I2),21,12,33,1.22,2023
GREENFIELD,(K),22,14,36,1.36,2023
GREENLAND,(M),36,23,59,5.57,2023
GREENVILLE,(K),11,4,15,2.19,2023
GROTON,(G1/G2),14,1,15,0.37,2023
HAMPSTEAD,(M),18,8,26,1.95,2023
HAMPTON,(M),12,11,23,1.77,2023
HAMPTON_FALLS,(M),22,13,35,2.9,2023
HANCOCK,(H2/K),28,10,38,1.27,2023
HANOVER,(G1),94,83,177,3.61,2023
HARRISVILLE,(H2),14,8,22,1.17,2023
HARTS_LOCATION,(E),2,0,2,0.1,2023
HAVERHILL,(D2W),94,68,162,3.17,2023
HEBRON,(G2),14,0,14,0.84,2023
HENNIKER,(I2/K),37,11,48,1.15,2023
HILL,(I1),11,1,12,0.45,2023
HILLSBOROUGH,(H2/I2/K),40,4,44,1.02,2023
HINSDALE,(H2),40,20,60,2.93,2023
HOLDERNESS,(F/G2/J1/J2),14,3,17,0.56,2023
HOLLIS,(M),64,35,99,3.13,2023
HOOKSETT,(K/L),54,19,73,2.03,2023
HOPKINTON,(I1/I2/K),55,23,78,1.89,2023
HUDSON,(M),32,26,58,2.05,2023
JACKSON,(E),8,0,8,0.12,2023
JAFFREY,(H2/K),59,22,81,2.11,2023
JEFFERSON,(C1/D1/E),43,12,55,1.1,2023
KEENE,(H2),28,14,42,1.14,2023
KENSINGTON,(M),43,35,78,6.54,2023
KILKENNY,(C1),1,0,1,0.04,2023
KINGSTON,(M),31,30,61,3.12,2023
LACONIA,(J2),17,8,25,1.26,2023
LANCASTER,(C1/D1),61,22,83,1.66,2023
LANDAFF,(D2E/D2W),23,7,30,1.06,2023
LANGDON,(H1/H2),20,8,28,1.73,2023
LEBANON,(G1/H1),99,56,155,3.86,2023
LEE,(L),44,37,81,4.09,2023
LEMPSTER,(H1/I2),33,19,52,1.61,2023
LINCOLN,(D2E/E/F),2,0,2,0.02,2023
LISBON,(D2W),53,54,107,4.08,2023
LITCHFIELD,(M),21,14,35,2.36,2023
LITTLETON,(D1/D2W),57,33,90,1.8,2023
LONDONDERRY,(M),52,41,93,2.22,2023
LOUDON,(J2),71,56,127,2.76,2023
LYMAN,(D2W),52,33,85,2.99,2023
LYME,(G1),83,58,141,2.62,2023
LYNDEBOROUGH,(K),39,18,57,1.91,2023
MADBURY,(L),49,25,74,6.4,2023
MADISON,(F/J1),35,11,46,1.19,2023
MANCHESTER,(K/L/M),23,18,41,1.25,2023
MARLBOROUGH,(H2),35,11,46,2.25,2023
MARLOW,(H1/H2/I2),29,7,36,1.4,2023
MASON,(K),31,19,50,2.1,2023
MEREDITH,(I1/J2),42,21,63,1.57,2023
MERRIMACK,(M),56,70,126,3.9,2023
MIDDLETON,(J2),22,6,28,1.55,2023
MILAN,(B/C1/C2),31,4,35,0.55,2023
MILFORD,(K/M),27,16,43,1.71,2023
MILLSFIELD,(A/B),5,0,5,0.11,2023
MILTON,(J2),48,18,66,2,2023
MONROE,(D2W),48,31,79,3.53,2023
MONT_VERNON,(K),23,17,40,2.38,2023
MOULTONBORO,(J1/J2),49,26,75,1.26,2023
NASHUA,(M),9,8,17,0.56,2023
NELSON,(H2),18,9,27,1.23,2023
NEW_BOSTON,(K),89,47,136,3.19,2023
NEW_CASTLE,(M),3,4,7,8.88,2023
NEW_DURHAM,(J2),54,17,71,1.72,2023
NEW_HAMPTON,(G2/I1/J2),31,6,37,1.01,2023
NEW_IPSWICH,(K),57,17,74,2.27,2023
NEW_LONDON,(G1/I1/I2),18,5,23,1.04,2023
NEWBURY,(I2),32,7,39,1.09,2023
NEWFIELDS,(L),13,6,19,2.68,2023
NEWINGTON,(M),42,29,71,8.71,2023
NEWMARKET,(L),42,30,72,5.71,2023
NEWPORT,(H1/I2),60,29,89,2.06,2023
NEWTON,(M),28,15,43,4.4,2023
NORTH_HAMPTON,(M),31,25,56,4.04,2023
NORTHFIELD,(I1/J2),44,26,70,2.45,2023
NORTHUMBERLAND,(B/C1/D1),24,4,28,0.78,2023
NORTHWOOD,(J2/L),45,23,68,2.42,2023
NOTTINGHAM,(L),58,49,107,2.29,2023
ODELL,(B),4,0,4,0.09,2023
ORANGE,(G1/G2),7,5,12,0.52,2023
ORFORD,(D2W/G1),53,24,77,1.66,2023
OSSIPEE,(J1),43,16,59,0.84,2023
PELHAM,(M),43,32,75,2.89,2023
PEMBROKE,(L),33,27,60,2.68,2023
PETERBOROUGH,(H2/K),54,10,64,1.7,2023
PIERMONT,(D2W),28,20,48,1.24,2023
PITTSBURG,(A),174,28,202,0.72,2023
PITTSFIELD,(J2),57,30,87,3.67,2023
PLAINFIELD,(H1),108,39,147,2.82,2023
PLAISTOW,(M),12,5,17,1.61,2023
PLYMOUTH,(F/G2),10,4,14,0.5,2023
PORTSMOUTH,(M),19,21,40,2.56,2023
RANDOLPH,(C1/E),5,1,6,0.13,2023
RAYMOND,(L/M),51,20,71,2.46,2023
RICHMOND,(H2),40,12,52,1.39,2023
RINDGE,(H2/K),53,28,81,2.19,2023
ROCHESTER,(J2/L),107,55,162,3.66,2023
ROLLINSFORD,(L),31,16,47,6.43,2023
ROXBURY,(H2),7,0,7,0.58,2023
RUMNEY,(F/G1/G2),20,3,23,0.55,2023
RYE,(M),33,30,63,5.04,2023
SALEM,(M),36,15,51,2.06,2023
SALISBURY,(I1),23,5,28,0.71,2023
SANBORNTON,(I1/J2),49,23,72,1.52,2023
SANDOWN,(M),10,6,16,1.15,2023
SANDWICH,(F/J1),37,2,39,0.43,2023
SEABROOK,(M),15,12,27,3.04,2023
SECOND_COLL_GRANT,(A),12,0,12,0.29,2023
SHARON,(K),13,6,19,1.22,2023
SHELBURNE,(C2/E),16,0,16,0.33,2023
SOMERSWORTH,(L),12,8,20,2.06,2023
SOUTH_HAMPTON,(M),28,20,48,6.09,2023
SPRINGFIELD,(G1/I2),27,6,33,0.76,2023
STARK,(B/C1),10,0,10,0.17,2023
STEWARTSTOWN,(A),29,8,37,0.8,2023
STODDARD,(H2/I2),29,7,36,0.71,2023
STRAFFORD,(J2),76,32,108,2.22,2023
STRATFORD,(B),26,2,28,0.35,2023
STRATHAM,(L/M),36,43,79,5.23,2023
SUCCESS,(C2),5,0,5,0.09,2023
SUGAR_HILL,(D1/D2W),18,8,26,1.53,2023
SULLIVAN,(H2),10,7,17,0.92,2023
SUNAPEE,(G1/I2),35,10,45,2.15,2023
SURRY,(H2),17,6,23,1.49,2023
SUTTON,(I1/I2),37,11,48,1.14,2023
SWANZEY,(H2),57,23,80,1.8,2023
TAMWORTH,(F/J1),29,0,29,0.49,2023
TEMPLE,(K),30,8,38,1.72,2023
THORNTON,(F),27,3,30,0.6,2023
TILTON,(I1/J2),11,2,13,1.17,2023
TROY,(H2),37,18,55,3.15,2023
TUFTONBORO,(J1/J2),70,15,85,2.1,2023
UNITY,(H1),47,24,71,1.92,2023
WAKEFIELD,(J1/J2),64,26,90,2.28,2023
WALPOLE,(H1/H2),51,36,87,2.47,2023
WARNER,(I1/I2),35,5,40,0.73,2023
WARREN,(D2E/D2W/F),27,3,30,0.62,2023
WASHINGTON,(I2),31,7,38,0.84,2023
WEARE,(K),93,46,139,2.46,2023
WEBSTER,(I1),41,9,50,1.8,2023
WENTWORTH,(D2W/F/G1),19,6,25,0.6,2023
WESTMORELAND,(H2),43,34,77,2.15,2023
WHITEFIELD,(D1),23,3,26,0.76,2023
WILMOT,(G1/I1),15,2,17,0.58,2023
WILTON,(K),35,13,48,1.89,2023
WINCHESTER,(H2),61,25,86,1.57,2023
WINDHAM,(M),34,21,55,2.07,2023
WINDSOR,(I2),6,0,6,0.73,2023
WOLFEBORO,(J1/J2),63,17,80,1.67,2023
WOODSTOCK,(D2E/F),6,0,6,0.1,2023
WINDSOR,(I2),4,2,6,0.73,2023
WOLFEBORO,(J1/J2),73,15,88,1.83,2023
WOODSTOCK,(D2E/F),11,0,11,0.19,2023
