X	Y
788.000	473.000
789.518	471.874
792.137	471.114
795.511	470.540
799.293	469.972
803.136	469.228
806.693	468.128
809.681	466.531
812.148	464.509
814.256	462.201
816.165	459.749
818.034	457.293
820.024	454.975
822.263	452.903
824.753	451.062
827.468	449.408
830.381	447.897
833.464	446.485
836.689	445.127
840.033	443.782
843.482	442.427
847.027	441.044
850.660	439.618
854.370	438.131
858.151	436.565
861.991	434.903
865.883	433.130
869.806	431.248
873.729	429.282
877.620	427.256
881.448	425.195
885.181	423.124
888.787	421.068
892.234	419.052
895.494	417.100
898.580	415.227
901.555	413.435
904.485	411.729
907.436	410.109
910.473	408.579
913.662	407.142
917.055	405.798
920.621	404.542
924.303	403.364
928.044	402.255
931.787	401.207
935.475	400.209
939.051	399.254
942.465	398.332
945.738	397.430
948.929	396.532
952.098	395.623
955.304	394.689
958.606	393.713
962.065	392.682
965.700	391.592
969.468	390.466
973.320	389.328
977.207	388.199
981.079	387.103
984.886	386.064
988.578	385.106
992.118	384.242
995.526	383.439
998.845	382.648
1002.119	381.816
1005.389	380.894
1008.698	379.832
1012.090	378.578
1015.583	377.122
1019.157	375.515
1022.789	373.815
1026.456	372.078
1030.136	370.361
1033.806	368.722
1037.441	367.217
1041.023	365.895
1044.545	364.736
1048.011	363.698
1051.421	362.738
1054.778	361.813
1058.082	360.879
1061.336	359.894
1064.537	358.828
1067.670	357.696
1070.717	356.518
1073.659	355.317
1076.480	354.113
1079.162	352.927
1081.705	351.782
1084.169	350.700
1086.626	349.702
1089.149	348.810
1091.810	348.047
1094.666	347.426
1097.697	346.915
1100.857	346.468
1104.104	346.040
1107.392	345.585
1110.678	345.057
1113.923	344.421
1117.119	343.682
1120.265	342.865
1123.365	341.993
1126.418	341.089
1129.427	340.175
1132.396	339.269
1135.361	338.351
1138.369	337.382
1141.468	336.323
1144.705	335.136
1148.128	333.783
1151.780	332.230
1155.601	330.551
1159.417	328.937
1163.051	327.585
1166.326	326.690
1169.065	326.449
1171.089	327.058
1172.346	328.560
1173.212	330.481
1174.150	332.236
1175.621	333.247
1177.829	333.258
1180.609	332.474
1183.770	331.137
1187.120	329.489
1190.467	327.771
1193.625	326.217
1196.540	324.931
1199.278	323.890
1201.912	323.069
1204.514	322.440
1207.156	321.977
1209.894	321.652
1212.725	321.433
1215.635	321.283
1218.610	321.170
1221.637	321.058
1224.700	320.915
1227.778	320.735
1230.842	320.536
1233.864	320.337
1236.815	320.157
1239.667	320.014
1242.398	319.924
1245.035	319.885
1247.619	319.890
1250.193	319.929
1252.798	319.994
1255.470	320.075
1258.214	320.150
1261.022	320.192
1263.891	320.174
1266.814	320.071
1269.783	319.860
1272.776	319.570
1275.756	319.271
1278.686	319.032
1281.530	318.925
1284.250	319.019
1286.831	319.335
1289.322	319.739
1291.781	320.067
1294.269	320.157
1296.846	319.848
1299.518	319.114
1302.208	318.148
1304.831	317.158
1307.303	316.354
1309.540	315.945
1311.539	316.037
1313.456	316.539
1315.462	317.335
1317.729	318.310
1320.316	319.352
1323.095	320.351
1325.922	321.199
1328.652	321.785
1331.138	322.000
1333.300	321.808
1335.270	321.412
1337.227	321.066
1339.348	321.023
1341.738	321.436
1344.323	322.195
1346.999	323.153
1349.662	324.161
1352.210	325.070
1354.576	325.788
1356.813	326.391
1358.994	326.992
1361.195	327.700
1363.485	328.616
1365.872	329.708
1368.317	330.851
1370.785	331.920
1373.239	332.788
1375.644	333.345
1378.014	333.624
1380.386	333.747
1382.801	333.842
1385.297	334.031
1387.818	334.426
1390.030	335.095
1391.553	336.099
1392.012	337.498
1391.395	339.260
1390.272	341.205
1389.260	343.144
1388.960	344.891
1389.536	346.421
1390.751	347.853
1392.354	349.313
1393.983	350.819
1395.037	352.160
1394.887	353.094
1393.227	353.517
1390.625	353.704
1387.791	353.989
1385.438	354.707
1384.204	356.129
1384.075	357.958
1384.693	359.601
1385.728	360.506
1387.159	360.647
1389.164	360.328
1391.924	359.861
1395.355	359.468
1398.939	359.232
1402.112	359.219
1404.313	359.495
1404.982	360.127
1403.991	361.133
1402.306	362.410
1401.062	363.837
1401.187	365.311
1402.469	366.824
1404.301	368.405
1406.073	370.081
1407.325	371.875
1408.117	373.798
1408.622	375.859
1409.011	378.064
1409.379	380.394
1409.533	382.727
1409.216	384.916
1408.169	386.817
1406.220	388.324
1403.669	389.569
1400.984	390.764
1398.629	392.121
1397.070	393.853
1396.644	396.109
1397.031	398.734
1397.714	401.476
1398.172	404.086
1397.886	406.312
1396.540	407.994
1394.336	409.205
1391.557	410.051
1388.483	410.641
1385.398	411.081
1382.548	411.490
1380.098	412.009
1378.206	412.780
1377.027	413.949
1376.654	415.603
1376.903	417.579
1377.510	419.643
1378.212	421.566
1378.847	423.266
1379.414	424.916
1379.927	426.709
1380.385	428.799
1380.684	431.088
1380.677	433.382
1380.222	435.485
1379.190	437.215
1377.623	438.521
1375.653	439.425
1373.414	439.946
1371.027	440.114
1368.531	440.006
1365.927	439.725
1363.218	439.369
1360.405	439.039
1357.508	438.834
1354.649	438.847
1351.988	439.168
1349.687	439.886
1347.905	441.093
1346.813	442.793
1346.606	444.714
1347.486	446.523
1349.608	447.917
1352.630	448.879
1355.912	449.564
1358.813	450.130
1360.691	450.733
1360.950	451.516
1359.628	452.428
1357.219	453.280
1354.225	453.877
1351.146	454.046
1348.381	453.889
1346.259	453.722
1345.105	453.862
1345.204	454.591
1346.418	455.841
1348.377	457.344
1350.705	458.831
1353.022	460.067
1354.909	461.024
1355.934	461.745
1355.687	462.272
1354.149	462.639
1351.642	462.867
1348.496	462.980
1345.043	463.000
1341.634	462.956
1338.689	462.898
1336.652	462.886
1335.965	462.976
1336.955	463.228
1339.265	463.696
1342.277	464.436
1345.376	465.504
1347.945	466.956
1349.484	468.799
1350.006	470.835
1349.659	472.814
1348.592	474.482
1346.925	475.698
1344.733	476.495
1342.086	476.921
1339.055	477.027
1335.729	476.868
1332.415	476.592
1329.560	476.403
1327.611	476.504
1327.014	477.101
1327.920	478.296
1329.630	479.909
1331.298	481.708
1332.080	483.462
1331.526	484.984
1329.901	486.166
1327.543	486.910
1324.801	487.156
1322.064	487.127
1319.742	487.179
1318.248	487.668
1317.923	488.906
1318.289	490.676
1318.326	492.418
1317.076	493.593
1314.713	494.160
1312.326	494.478
1311.030	494.917
1311.674	495.780
1313.559	496.976
1315.419	498.269
1316.012	499.429
1314.949	500.373
1312.960	501.212
1310.855	502.068
1309.240	503.053
1308.067	504.237
1307.160	505.683
1306.345	507.421
1305.455	509.263
1304.328	510.919
1302.802	512.101
1300.787	512.622
1298.406	512.578
1295.816	512.116
1293.176	511.384
1290.639	510.525
1288.246	509.628
1285.943	508.735
1283.672	507.884
1281.372	507.113
1278.998	506.456
1276.569	505.918
1274.135	505.493
1271.747	505.174
1269.451	504.955
1267.251	504.830
1265.055	504.795
1262.763	504.847
1260.273	504.981
1257.530	505.205
1254.727	505.578
1252.144	506.177
1250.061	507.081
1248.757	508.367
1248.370	510.025
1248.776	511.885
1249.817	513.754
1251.329	515.473
1253.093	517.063
1254.871	518.614
1256.424	520.217
1257.526	521.958
1258.168	523.867
1258.543	525.918
1258.848	528.085
1259.265	530.333
1259.674	532.532
1259.724	534.473
1259.056	535.945
1257.420	536.786
1255.075	537.047
1252.429	536.843
1249.886	536.290
1247.828	535.507
1246.249	534.697
1244.853	534.122
1243.342	534.039
1241.582	534.477
1239.642	535.172
1237.606	535.846
1235.549	536.243
1233.442	536.339
1231.201	536.249
1228.739	536.087
1225.971	535.969
1222.887	535.948
1219.586	535.990
1216.177	536.053
1212.768	536.098
1209.465	536.082
1206.377	535.965
1203.549	535.726
1200.893	535.383
1198.301	534.961
1195.668	534.485
1192.887	533.980
1189.882	533.471
1186.679	532.990
1183.333	532.568
1179.894	532.238
1176.414	532.032
1172.946	531.982
1169.538	532.112
1166.210	532.377
1162.967	532.690
1159.813	532.966
1156.752	533.119
1153.789	533.063
1150.926	532.727
1148.151	532.191
1145.445	531.610
1142.787	531.145
1140.158	530.955
1137.538	531.190
1134.894	531.847
1132.184	532.790
1129.366	533.879
1126.396	534.976
1123.233	535.940
1119.848	536.658
1116.280	537.144
1112.592	537.453
1108.843	537.640
1105.095	537.758
1101.409	537.863
1097.847	538.008
1094.451	538.234
1091.198	538.532
1088.053	538.879
1084.978	539.256
1081.937	539.640
1078.894	540.012
1075.828	540.358
1072.778	540.690
1069.794	541.026
1066.929	541.385
1064.233	541.785
1061.754	542.243
1059.448	542.742
1057.182	543.232
1054.821	543.662
1052.229	543.980
1049.301	544.149
1046.083	544.191
1042.674	544.152
1039.169	544.075
1035.665	544.004
1032.258	543.985
1029.041	544.057
1026.016	544.217
1023.127	544.430
1020.314	544.658
1017.517	544.865
1014.677	545.013
1011.750	545.079
1008.739	545.084
1005.657	545.054
1002.514	545.014
999.323	544.991
996.094	545.012
992.840	545.089
989.572	545.217
986.301	545.385
983.040	545.583
979.801	545.801
976.594	546.029
973.425	546.258
970.279	546.476
967.139	546.670
963.987	546.831
960.805	546.946
957.575	547.004
954.295	547.002
951.004	546.965
947.745	546.921
944.563	546.896
941.504	546.920
938.613	547.019
935.910	547.206
933.359	547.444
930.909	547.690
928.512	547.903
926.119	548.039
923.695	548.086
921.222	548.074
918.683	548.035
916.062	548.004
913.346	548.009
910.560	548.047
907.763	548.089
905.011	548.103
902.364	548.059
899.877	547.927
897.546	547.711
895.299	547.453
893.062	547.195
890.759	546.981
888.337	546.832
885.798	546.707
883.155	546.552
880.420	546.313
877.608	545.938
874.739	545.405
871.858	544.776
869.011	544.128
866.245	543.538
863.607	543.081
861.136	542.819
858.807	542.685
856.561	542.549
854.340	542.279
852.086	541.746
849.800	540.886
847.557	539.716
845.434	538.262
843.513	536.547
841.858	534.603
840.406	532.529
839.019	530.462
837.557	528.541
835.881	526.904
833.895	525.643
831.645	524.696
829.206	523.967
826.653	523.363
824.063	522.790
821.522	522.163
819.133	521.406
817.001	520.447
815.228	519.213
813.891	517.653
812.874	515.854
811.991	513.954
811.055	512.096
809.900	510.396
808.457	508.869
806.685	507.497
804.544	506.264
802.028	505.147
799.407	504.088
797.087	503.010
795.474	501.836
794.966	500.491
795.569	498.942
796.726	497.226
797.836	495.381
798.364	493.451
798.263	491.492
797.707	489.569
796.869	487.746
795.873	486.047
794.715	484.387
793.371	482.664
791.815	480.778
790.121	478.695
788.648	476.574
787.804	474.611
788.000	473.000
