X	Y
33.443	29.322
33.562	29.274
33.701	29.250
33.856	29.245
34.024	29.254
34.202	29.271
34.386	29.293
34.574	29.314
34.761	29.329
34.947	29.337
35.131	29.339
35.314	29.337
35.494	29.333
35.673	29.328
35.850	29.323
36.025	29.321
36.198	29.323
36.368	29.329
36.537	29.338
36.702	29.349
36.866	29.361
37.026	29.372
37.183	29.382
37.338	29.389
37.489	29.391
37.637	29.390
37.785	29.388
37.932	29.385
38.079	29.384
38.229	29.384
38.381	29.389
38.536	29.400
38.696	29.414
38.859	29.432
39.025	29.452
39.195	29.472
39.368	29.493
39.544	29.513
39.723	29.530
39.905	29.545
40.090	29.560
40.275	29.575
40.461	29.593
40.647	29.615
40.831	29.643
41.014	29.678
41.194	29.722
41.370	29.776
41.543	29.840
41.709	29.912
41.870	29.991
42.023	30.074
42.168	30.160
42.304	30.248
42.430	30.336
42.546	30.424
42.654	30.510
42.758	30.595
42.860	30.681
42.964	30.766
43.073	30.852
43.190	30.939
43.314	31.028
43.441	31.122
43.568	31.223
43.692	31.333
43.810	31.454
43.918	31.588
44.013	31.739
44.093	31.904
44.161	32.081
44.217	32.266
44.264	32.454
44.302	32.642
44.335	32.826
44.362	33.001
44.387	33.164
44.409	33.312
44.429	33.447
44.445	33.575
44.456	33.701
44.460	33.828
44.457	33.962
44.444	34.107
44.424	34.261
44.398	34.422
44.367	34.586
44.334	34.750
44.300	34.911
44.267	35.065
44.237	35.210
44.209	35.345
44.180	35.472
44.149	35.594
44.113	35.713
44.069	35.830
44.016	35.948
43.952	36.068
43.882	36.189
43.806	36.312
43.728	36.438
43.649	36.565
43.572	36.694
43.499	36.826
43.430	36.958
43.366	37.092
43.306	37.225
43.250	37.358
43.199	37.489
43.153	37.618
43.110	37.744
43.066	37.868
43.018	37.990
42.961	38.109
42.891	38.227
42.805	38.343
42.704	38.458
42.595	38.572
42.485	38.688
42.385	38.806
42.301	38.927
42.243	39.053
42.218	39.185
42.222	39.321
42.241	39.454
42.258	39.581
42.260	39.694
42.229	39.789
42.154	39.863
42.045	39.919
41.915	39.967
41.779	40.014
41.650	40.068
41.543	40.137
41.469	40.227
41.421	40.335
41.392	40.459
41.375	40.596
41.362	40.743
41.345	40.897
41.318	41.054
41.282	41.211
41.237	41.363
41.184	41.508
41.123	41.640
41.056	41.757
40.982	41.853
40.902	41.929
40.814	41.988
40.717	42.034
40.610	42.071
40.490	42.102
40.361	42.130
40.225	42.149
40.090	42.156
39.961	42.145
39.842	42.113
39.740	42.056
39.654	41.975
39.580	41.878
39.514	41.770
39.452	41.659
39.389	41.551
39.322	41.453
39.249	41.364
39.171	41.285
39.086	41.215
38.995	41.152
38.897	41.097
38.796	41.046
38.696	40.995
38.602	40.942
38.519	40.882
38.449	40.813
38.387	40.735
38.326	40.651
38.258	40.563
38.175	40.472
38.070	40.380
37.950	40.288
37.820	40.197
37.687	40.107
37.560	40.019
37.444	39.932
37.347	39.847
37.271	39.765
37.211	39.686
37.159	39.612
37.107	39.542
37.047	39.477
36.978	39.416
36.901	39.357
36.817	39.298
36.728	39.235
36.635	39.169
36.538	39.098
36.440	39.025
36.340	38.948
36.241	38.870
36.142	38.790
36.047	38.707
35.956	38.619
35.874	38.525
35.801	38.422
35.740	38.308
35.693	38.183
35.654	38.050
35.620	37.914
35.584	37.778
35.541	37.647
35.486	37.526
35.415	37.418
35.329	37.322
35.234	37.234
35.134	37.149
35.036	37.063
34.944	36.972
34.862	36.872
34.791	36.764
34.725	36.651
34.663	36.534
34.601	36.416
34.535	36.300
34.463	36.187
34.387	36.078
34.311	35.972
34.237	35.868
34.171	35.767
34.116	35.667
34.074	35.568
34.042	35.469
34.018	35.370
33.997	35.269
33.977	35.167
33.954	35.063
33.929	34.957
33.902	34.849
33.872	34.740
33.839	34.629
33.805	34.519
33.772	34.409
33.744	34.301
33.723	34.196
33.712	34.097
33.712	34.002
33.716	33.910
33.719	33.817
33.714	33.721
33.696	33.620
33.668	33.514
33.636	33.405
33.605	33.295
33.580	33.186
33.567	33.080
33.559	32.978
33.548	32.885
33.527	32.801
33.486	32.731
33.426	32.670
33.356	32.611
33.284	32.546
33.218	32.466
33.163	32.369
33.119	32.257
33.084	32.134
33.059	32.002
33.041	31.865
33.031	31.727
33.027	31.588
33.027	31.451
33.029	31.316
33.033	31.185
33.037	31.060
33.038	30.940
33.038	30.826
33.037	30.718
33.036	30.612
33.037	30.509
33.040	30.406
33.047	30.303
33.058	30.197
33.074	30.088
33.096	29.973
33.124	29.852
33.159	29.727
33.206	29.605
33.267	29.493
33.345	29.396
33.443	29.322
