X,Y
344.000,120.000
344.840,120.599
345.647,120.794
346.431,120.628
347.202,120.144
347.971,119.386
348.748,118.397
349.543,117.222
350.367,115.903
351.230,114.483
352.142,113.007
353.114,111.518
354.156,110.060
355.279,108.675
356.487,107.392
357.777,106.207
359.142,105.114
360.578,104.107
362.077,103.179
363.636,102.324
365.248,101.534
366.907,100.804
368.608,100.126
370.345,99.495
372.113,98.903
373.905,98.344
375.717,97.812
377.543,97.299
379.376,96.800
381.212,96.308
383.044,95.816
384.867,95.318
386.676,94.806
388.468,94.279
390.245,93.736
392.010,93.179
393.764,92.608
395.510,92.025
397.250,91.431
398.988,90.827
400.724,90.214
402.462,89.593
404.203,88.965
405.951,88.332
407.706,87.694
409.473,87.053
411.253,86.409
413.048,85.764
414.860,85.119
416.693,84.474
418.548,83.832
420.428,83.192
422.334,82.557
424.266,81.925
426.222,81.298
428.199,80.672
430.194,80.050
432.205,79.428
434.229,78.808
436.264,78.188
438.307,77.567
440.356,76.946
442.408,76.323
444.460,75.698
446.511,75.071
448.557,74.439
450.596,73.804
452.626,73.165
454.644,72.520
456.647,71.869
458.632,71.211
460.599,70.547
462.543,69.875
464.462,69.194
466.354,68.505
468.220,67.806
470.060,67.099
471.876,66.384
473.670,65.660
475.444,64.928
477.199,64.189
478.936,63.442
480.658,62.689
482.365,61.928
484.059,61.161
485.742,60.387
487.416,59.608
489.082,58.822
490.741,58.031
492.395,57.235
494.046,56.434
495.696,55.628
497.345,54.817
498.996,54.002
500.649,53.184
502.306,52.362
503.968,51.540
505.634,50.718
507.306,49.899
508.984,49.082
510.670,48.271
512.363,47.465
514.064,46.668
515.774,45.880
517.494,45.102
519.224,44.337
520.964,43.585
522.717,42.849
524.481,42.129
526.259,41.428
528.050,40.746
529.855,40.085
531.676,39.446
533.511,38.832
535.363,38.242
537.229,37.677
539.109,37.136
541.001,36.618
542.906,36.123
544.822,35.650
546.747,35.199
548.682,34.769
550.624,34.360
552.574,33.971
554.530,33.602
556.491,33.252
558.456,32.920
560.424,32.607
562.395,32.312
564.366,32.033
566.339,31.771
568.310,31.525
570.280,31.294
572.248,31.079
574.211,30.878
576.169,30.693
578.118,30.528
580.054,30.385
581.975,30.269
583.877,30.182
585.757,30.127
587.611,30.108
589.437,30.128
591.230,30.190
592.989,30.297
594.709,30.454
596.387,30.662
598.021,30.925
599.607,31.247
601.141,31.631
602.620,32.079
604.042,32.596
605.402,33.184
606.697,33.844
607.921,34.571
609.068,35.361
610.132,36.207
611.107,37.106
611.988,38.053
612.768,39.042
613.442,40.068
614.004,41.127
614.447,42.214
614.767,43.322
614.957,44.449
615.011,45.588
614.929,46.736
614.717,47.888
614.380,49.041
613.923,50.191
613.351,51.334
612.670,52.467
611.886,53.586
611.002,54.688
610.026,55.767
608.961,56.822
607.814,57.847
606.590,58.839
605.294,59.795
603.931,60.712
602.507,61.590
601.027,62.433
599.497,63.244
597.921,64.027
596.306,64.786
594.656,65.523
592.978,66.241
591.276,66.946
589.555,67.639
587.822,68.324
586.081,69.005
584.339,69.685
582.599,70.368
580.868,71.056
579.152,71.754
577.454,72.464
575.782,73.190
574.139,73.935
572.531,74.702
570.955,75.489
569.406,76.293
567.880,77.109
566.371,77.935
564.877,78.766
563.391,79.599
561.909,80.431
560.427,81.258
558.940,82.076
557.443,82.882
555.933,83.673
554.404,84.444
552.852,85.193
551.271,85.915
549.659,86.608
548.009,87.267
546.318,87.889
544.582,88.472
542.804,89.017
540.992,89.529
539.153,90.013
537.295,90.473
535.423,90.913
533.545,91.339
531.669,91.754
529.801,92.164
527.949,92.572
526.119,92.984
524.318,93.403
522.555,93.835
520.835,94.283
519.166,94.753
517.555,95.248
516.009,95.774
514.535,96.335
513.140,96.935
511.830,97.578
510.594,98.261
509.420,98.981
508.294,99.733
507.202,100.512
506.132,101.315
505.069,102.136
504.001,102.973
502.914,103.819
501.794,104.672
500.627,105.527
499.402,106.380
498.103,107.225
496.717,108.060
495.232,108.879
493.636,109.679
491.932,110.459
490.131,111.220
488.241,111.962
486.273,112.686
484.236,113.392
482.139,114.081
479.992,114.753
477.805,115.409
475.587,116.050
473.347,116.675
471.095,117.286
468.842,117.884
466.595,118.467
464.365,119.038
462.162,119.596
459.995,120.143
457.872,120.678
455.805,121.202
453.803,121.717
451.874,122.221
450.030,122.716
448.278,123.203
446.619,123.681
445.044,124.153
443.541,124.618
442.100,125.076
440.709,125.530
439.358,125.979
438.036,126.425
436.732,126.868
435.435,127.308
434.134,127.747
432.818,128.185
431.476,128.624
430.098,129.062
428.672,129.503
427.189,129.945
425.637,130.390
424.020,130.836
422.342,131.282
420.607,131.725
418.822,132.164
416.992,132.597
415.121,133.022
413.215,133.437
411.278,133.840
409.316,134.230
407.334,134.604
405.338,134.961
403.331,135.299
401.320,135.615
399.310,135.909
397.305,136.178
395.311,136.421
393.332,136.635
391.375,136.818
389.444,136.970
387.543,137.087
385.673,137.171
383.831,137.224
382.015,137.245
380.222,137.238
378.450,137.203
376.696,137.142
374.959,137.055
373.235,136.946
371.523,136.814
369.819,136.663
368.122,136.491
366.429,136.303
364.738,136.098
363.046,135.878
361.351,135.645
359.651,135.400
357.942,135.144
356.223,134.880
354.503,134.607
352.800,134.327
351.134,134.039
349.526,133.746
347.996,133.446
346.564,133.141
345.250,132.831
344.074,132.516
343.056,132.198
342.217,131.876
341.576,131.552
341.153,131.225
340.969,130.896
341.023,130.556
341.282,130.176
341.710,129.729
342.273,129.186
342.933,128.519
343.655,127.698
344.404,126.696
345.142,125.483
345.836,124.032
346.448,122.313
346.944,120.299
347.291,117.966
347.487,115.324
347.539,112.396
347.456,109.205
347.244,105.773
346.912,102.122
346.467,98.275
345.917,94.256
345.270,90.086
344.532,85.788
343.713,81.384
342.818,76.898
341.857,72.352
340.836,67.769
339.764,63.170
338.648,58.579
337.495,54.018
336.314,49.510
335.111,45.078
333.895,40.744
332.674,36.530
331.454,32.460
330.244,28.555
329.051,24.839
327.883,21.334
326.748,18.063
325.652,15.048
324.605,12.312
323.613,9.877
322.684,7.767
321.826,6.003
321.046,4.608
320.352,3.605
319.752,3.017
319.254,2.865
318.864,3.173
318.586,3.943
318.415,5.150
318.348,6.769
318.379,8.773
318.505,11.137
318.720,13.834
319.021,16.838
319.402,20.124
319.860,23.665
320.390,27.435
320.987,31.408
321.648,35.559
322.367,39.860
323.140,44.287
323.963,48.813
324.831,53.411
325.740,58.057
326.685,62.723
327.662,67.384
328.667,72.014
329.694,76.586
330.740,81.075
331.801,85.455
332.870,89.700
333.945,93.783
335.021,97.678
336.093,101.360
337.157,104.802
338.208,107.978
339.242,110.863
340.255,113.430
341.241,115.653
342.197,117.507
343.118,118.964
344.000,120.000
