X	Y
48.858	29.769
48.969	29.601
49.223	29.393
49.546	29.157
49.866	28.907
50.120	28.652
50.312	28.399
50.477	28.149
50.652	27.906
50.864	27.672
51.117	27.445
51.402	27.225
51.711	27.009
52.036	26.794
52.367	26.580
52.695	26.364
53.010	26.143
53.304	25.915
53.567	25.678
53.803	25.433
54.025	25.183
54.246	24.928
54.478	24.673
54.728	24.417
54.995	24.160
55.279	23.903
55.576	23.643
55.886	23.381
56.202	23.117
56.517	22.856
56.821	22.598
57.106	22.347
57.364	22.106
57.599	21.874
57.818	21.650
58.030	21.432
58.243	21.218
58.465	21.001
58.698	20.770
58.949	20.517
59.223	20.229
59.517	19.911
59.827	19.574
60.146	19.233
60.469	18.901
60.789	18.593
61.100	18.320
61.404	18.075
61.702	17.849
61.997	17.628
62.291	17.402
62.586	17.162
62.881	16.908
63.174	16.643
63.465	16.368
63.754	16.086
64.039	15.798
64.324	15.507
64.613	15.212
64.909	14.917
65.217	14.622
65.537	14.330
65.868	14.041
66.206	13.759
66.546	13.484
66.885	13.220
67.220	12.969
67.550	12.727
67.884	12.490
68.225	12.251
68.581	12.006
68.957	11.747
69.354	11.476
69.762	11.201
70.169	10.936
70.565	10.690
70.939	10.476
71.280	10.305
71.589	10.173
71.877	10.064
72.159	9.960
72.448	9.841
72.749	9.703
73.061	9.550
73.383	9.388
73.712	9.225
74.047	9.064
74.384	8.907
74.717	8.754
75.043	8.604
75.357	8.458
75.661	8.317
75.961	8.182
76.262	8.054
76.572	7.937
76.891	7.829
77.220	7.732
77.556	7.646
77.897	7.569
78.241	7.502
78.589	7.438
78.940	7.374
79.295	7.303
79.655	7.220
80.018	7.128
80.380	7.033
80.740	6.945
81.093	6.869
81.438	6.813
81.773	6.773
82.099	6.744
82.413	6.720
82.718	6.698
83.019	6.679
83.328	6.667
83.654	6.666
84.005	6.677
84.365	6.699
84.716	6.727
85.038	6.757
85.314	6.785
85.550	6.821
85.769	6.885
85.992	6.992
86.226	7.133
86.468	7.278
86.713	7.396
86.960	7.476
87.208	7.542
87.458	7.623
87.707	7.742
87.940	7.905
88.140	8.110
88.286	8.356
88.376	8.636
88.419	8.940
88.427	9.255
88.410	9.572
88.383	9.882
88.365	10.178
88.374	10.452
88.419	10.702
88.488	10.944
88.560	11.198
88.617	11.480
88.653	11.789
88.672	12.110
88.677	12.430
88.671	12.738
88.657	13.033
88.639	13.317
88.623	13.593
88.611	13.866
88.608	14.149
88.617	14.454
88.643	14.792
88.681	15.160
88.722	15.542
88.757	15.923
88.777	16.285
88.776	16.617
88.764	16.924
88.761	17.216
88.782	17.505
88.835	17.797
88.903	18.085
88.962	18.359
88.989	18.610
88.980	18.843
88.948	19.077
88.906	19.329
88.863	19.603
88.819	19.892
88.779	20.189
88.744	20.486
88.714	20.783
88.691	21.080
88.673	21.378
88.663	21.678
88.661	21.977
88.669	22.274
88.687	22.566
88.714	22.853
88.745	23.135
88.776	23.412
88.801	23.685
88.810	23.951
88.792	24.205
88.737	24.444
88.647	24.672
88.532	24.896
88.403	25.121
88.272	25.351
88.149	25.583
88.046	25.818
87.971	26.052
87.928	26.287
87.921	26.523
87.945	26.762
87.985	27.014
88.022	27.289
88.043	27.590
88.047	27.905
88.037	28.214
88.013	28.500
87.974	28.755
87.908	28.989
87.803	29.215
87.655	29.445
87.481	29.684
87.306	29.940
87.151	30.216
87.021	30.509
86.900	30.797
86.769	31.060
86.612	31.281
86.437	31.467
86.276	31.651
86.156	31.863
86.085	32.116
86.042	32.401
86.003	32.704
85.949	33.014
85.867	33.319
85.747	33.604
85.579	33.855
85.360	34.066
85.103	34.251
84.829	34.428
84.556	34.614
84.296	34.820
84.044	35.036
83.792	35.249
83.531	35.447
83.255	35.617
82.964	35.762
82.661	35.886
82.348	35.995
82.028	36.092
81.701	36.180
81.369	36.260
81.030	36.333
80.686	36.401
80.335	36.465
79.976	36.529
79.607	36.594
79.228	36.663
78.838	36.738
78.445	36.812
78.059	36.880
77.689	36.935
77.346	36.971
77.031	36.985
76.729	36.984
76.424	36.974
76.098	36.962
75.745	36.953
75.370	36.944
74.982	36.934
74.589	36.921
74.200	36.904
73.820	36.884
73.454	36.867
73.108	36.860
72.787	36.866
72.491	36.890
72.213	36.931
71.939	36.986
71.660	37.052
71.373	37.125
71.083	37.196
70.796	37.259
70.516	37.310
70.247	37.358
69.987	37.421
69.736	37.515
69.490	37.641
69.239	37.780
68.972	37.908
68.681	38.008
68.367	38.077
68.037	38.116
67.696	38.128
67.350	38.116
67.004	38.088
66.661	38.057
66.323	38.032
65.995	38.025
65.675	38.039
65.356	38.067
65.032	38.104
64.696	38.144
64.361	38.174
64.058	38.180
63.820	38.142
63.676	38.046
63.602	37.880
63.554	37.637
63.499	37.356
63.411	37.114
63.266	36.988
63.056	36.997
62.798	37.071
62.510	37.135
62.218	37.163
61.954	37.195
61.750	37.276
61.619	37.430
61.514	37.604
61.372	37.738
61.187	37.819
60.993	37.878
60.815	37.941
60.634	38.004
60.421	38.061
60.171	38.108
59.893	38.150
59.597	38.190
59.292	38.227
58.990	38.252
58.702	38.258
58.438	38.237
58.194	38.200
57.955	38.176
57.705	38.191
57.440	38.239
57.167	38.284
56.892	38.288
56.620	38.230
56.348	38.139
56.070	38.053
55.781	38.008
55.492	37.996
55.224	37.973
54.999	37.894
54.827	37.735
54.688	37.529
54.558	37.315
54.423	37.124
54.295	36.963
54.189	36.831
54.084	36.720
53.924	36.610
53.694	36.491
53.431	36.368
53.176	36.246
52.954	36.127
52.761	36.014
52.583	35.908
52.410	35.807
52.239	35.707
52.069	35.603
51.902	35.498
51.746	35.399
51.598	35.302
51.443	35.181
51.266	35.018
51.070	34.841
50.868	34.691
50.673	34.599
50.519	34.520
50.447	34.379
50.422	34.186
50.342	34.030
50.173	33.944
50.020	33.860
49.973	33.717
50.012	33.528
50.085	33.325
50.114	33.151
50.019	33.045
49.836	32.974
49.677	32.853
49.607	32.647
49.604	32.411
49.640	32.204
49.708	32.045
49.814	31.918
49.947	31.795
50.073	31.632
50.159	31.402
50.187	31.143
50.146	30.907
50.030	30.732
49.865	30.594
49.684	30.455
49.506	30.298
49.321	30.142
49.120	30.008
48.933	29.895
48.858	29.769
