X	Y
46.349	42.857
46.367	42.683
46.395	42.509
46.431	42.336
46.475	42.163
46.526	41.991
46.585	41.821
46.651	41.653
46.722	41.486
46.800	41.322
46.882	41.160
46.969	41.001
47.060	40.844
47.153	40.689
47.249	40.537
47.345	40.386
47.442	40.236
47.539	40.088
47.634	39.941
47.727	39.796
47.818	39.651
47.907	39.507
47.996	39.366
48.085	39.226
48.174	39.089
48.266	38.954
48.360	38.822
48.457	38.694
48.559	38.570
48.665	38.449
48.774	38.330
48.886	38.212
48.999	38.095
49.113	37.977
49.228	37.857
49.341	37.735
49.453	37.609
49.563	37.479
49.671	37.346
49.777	37.211
49.883	37.074
49.988	36.938
50.093	36.802
50.198	36.668
50.304	36.538
50.412	36.412
50.521	36.290
50.632	36.173
50.746	36.059
50.863	35.949
50.983	35.841
51.107	35.734
51.235	35.628
51.368	35.523
51.506	35.417
51.649	35.310
51.796	35.203
51.945	35.095
52.096	34.987
52.249	34.879
52.401	34.772
52.553	34.664
52.703	34.557
52.850	34.450
52.994	34.344
53.135	34.239
53.274	34.136
53.412	34.034
53.550	33.936
53.690	33.840
53.830	33.747
53.974	33.659
54.121	33.575
54.273	33.495
54.428	33.419
54.587	33.345
54.749	33.273
54.912	33.201
55.077	33.127
55.242	33.052
55.407	32.974
55.571	32.891
55.734	32.802
55.896	32.709
56.055	32.611
56.214	32.510
56.370	32.407
56.526	32.304
56.680	32.202
56.833	32.101
56.984	32.003
57.134	31.910
57.284	31.822
57.432	31.738
57.579	31.659
57.726	31.584
57.873	31.512
58.019	31.444
58.166	31.377
58.312	31.313
58.459	31.250
58.607	31.188
58.755	31.126
58.903	31.064
59.052	31.001
59.202	30.937
59.351	30.870
59.501	30.801
59.652	30.730
59.802	30.654
59.953	30.576
60.105	30.495
60.259	30.413
60.413	30.332
60.570	30.251
60.728	30.172
60.889	30.096
61.052	30.024
61.219	29.957
61.388	29.894
61.559	29.835
61.731	29.778
61.903	29.722
62.074	29.667
62.245	29.611
62.413	29.553
62.578	29.492
62.740	29.427
62.897	29.358
63.052	29.286
63.204	29.211
63.354	29.136
63.504	29.060
63.654	28.986
63.805	28.915
63.957	28.847
64.113	28.784
64.271	28.726
64.431	28.673
64.594	28.624
64.757	28.579
64.921	28.537
65.085	28.498
65.249	28.462
65.412	28.426
65.573	28.392
65.733	28.359
65.891	28.328
66.049	28.297
66.207	28.269
66.365	28.242
66.524	28.216
66.684	28.193
66.846	28.172
67.010	28.153
67.176	28.137
67.344	28.123
67.513	28.112
67.684	28.103
67.855	28.097
68.027	28.094
68.200	28.093
68.374	28.096
68.547	28.102
68.719	28.112
68.888	28.128
69.054	28.149
69.214	28.178
69.368	28.215
69.514	28.262
69.651	28.318
69.778	28.386
69.895	28.464
70.005	28.553
70.107	28.652
70.205	28.761
70.300	28.879
70.392	29.005
70.484	29.139
70.577	29.281
70.668	29.429
70.757	29.583
70.840	29.741
70.916	29.902
70.984	30.066
71.040	30.231
71.083	30.397
71.112	30.562
71.125	30.725
71.123	30.887
71.110	31.048
71.088	31.208
71.060	31.367
71.029	31.525
70.996	31.683
70.964	31.841
70.936	32.000
70.913	32.158
70.893	32.316
70.875	32.474
70.859	32.630
70.843	32.784
70.825	32.937
70.806	33.087
70.784	33.235
70.758	33.380
70.728	33.523
70.694	33.664
70.654	33.805
70.608	33.946
70.557	34.088
70.499	34.232
70.435	34.378
70.365	34.526
70.294	34.675
70.224	34.827
70.158	34.979
70.099	35.131
70.051	35.283
70.016	35.435
69.998	35.585
69.997	35.735
70.007	35.882
70.023	36.029
70.039	36.175
70.047	36.319
70.042	36.463
70.018	36.605
69.969	36.747
69.896	36.888
69.806	37.027
69.708	37.166
69.610	37.302
69.518	37.437
69.440	37.569
69.385	37.698
69.359	37.825
69.365	37.950
69.394	38.073
69.438	38.197
69.490	38.322
69.543	38.450
69.587	38.582
69.615	38.719
69.624	38.862
69.616	39.009
69.593	39.159
69.558	39.312
69.512	39.465
69.457	39.618
69.396	39.769
69.331	39.917
69.264	40.063
69.198	40.204
69.136	40.343
69.079	40.478
69.031	40.609
68.993	40.737
68.970	40.861
68.961	40.982
68.964	41.100
68.973	41.216
68.981	41.331
68.982	41.446
68.973	41.562
68.946	41.680
68.902	41.800
68.844	41.921
68.775	42.043
68.698	42.165
68.615	42.287
68.530	42.408
68.444	42.528
68.359	42.648
68.277	42.767
68.199	42.888
68.125	43.012
68.056	43.139
67.994	43.271
67.938	43.408
67.890	43.551
67.848	43.700
67.809	43.852
67.770	44.008
67.729	44.164
67.683	44.320
67.630	44.474
67.567	44.625
67.492	44.772
67.404	44.913
67.305	45.049
67.195	45.178
67.076	45.300
66.949	45.414
66.814	45.519
66.673	45.616
66.527	45.704
66.378	45.781
66.225	45.850
66.069	45.911
65.912	45.966
65.754	46.017
65.596	46.064
65.438	46.109
65.281	46.154
65.126	46.200
64.974	46.248
64.823	46.296
64.674	46.342
64.526	46.387
64.380	46.427
64.234	46.462
64.088	46.491
63.943	46.511
63.797	46.522
63.652	46.525
63.506	46.520
63.360	46.508
63.215	46.491
63.069	46.469
62.925	46.442
62.780	46.412
62.636	46.380
62.492	46.346
62.349	46.312
62.205	46.279
62.061	46.248
61.917	46.219
61.773	46.194
61.627	46.175
61.482	46.158
61.336	46.144
61.190	46.128
61.045	46.111
60.900	46.090
60.757	46.062
60.614	46.026
60.473	45.981
60.332	45.929
60.193	45.874
60.053	45.816
59.912	45.760
59.770	45.708
59.627	45.662
59.482	45.626
59.335	45.599
59.186	45.581
59.036	45.570
58.885	45.564
58.732	45.561
58.580	45.560
58.428	45.558
58.276	45.554
58.125	45.546
57.975	45.536
57.825	45.525
57.675	45.513
57.525	45.501
57.374	45.490
57.223	45.480
57.072	45.473
56.919	45.469
56.765	45.467
56.609	45.466
56.451	45.467
56.290	45.469
56.125	45.472
55.956	45.474
55.783	45.476
55.606	45.478
55.424	45.479
55.240	45.479
55.054	45.479
54.868	45.479
54.682	45.478
54.497	45.478
54.315	45.477
54.136	45.476
53.962	45.476
53.793	45.476
53.627	45.476
53.465	45.476
53.306	45.476
53.149	45.476
52.994	45.476
52.839	45.476
52.685	45.476
52.531	45.476
52.376	45.476
52.221	45.476
52.066	45.475
51.910	45.475
51.754	45.475
51.597	45.476
51.440	45.476
51.283	45.477
51.126	45.478
50.970	45.479
50.816	45.480
50.664	45.480
50.517	45.479
50.373	45.478
50.234	45.476
50.101	45.473
49.972	45.467
49.845	45.459
49.719	45.448
49.593	45.434
49.464	45.414
49.331	45.390
49.194	45.361
49.053	45.326
48.909	45.288
48.763	45.246
48.617	45.201
48.472	45.154
48.329	45.106
48.189	45.056
48.052	45.005
47.918	44.954
47.787	44.901
47.659	44.847
47.533	44.792
47.409	44.735
47.288	44.676
47.168	44.614
47.051	44.549
46.940	44.478
46.834	44.399
46.737	44.311
46.648	44.212
46.571	44.100
46.505	43.975
46.450	43.838
46.407	43.690
46.374	43.534
46.353	43.371
46.342	43.203
46.340	43.031
46.349	42.857
