X,Y
37.822,17.332
37.865,17.279
37.911,17.228
37.962,17.181
38.017,17.137
38.076,17.096
38.139,17.058
38.206,17.023
38.276,16.990
38.350,16.961
38.428,16.935
38.510,16.911
38.595,16.891
38.683,16.873
38.775,16.858
38.869,16.845
38.966,16.835
39.065,16.827
39.166,16.821
39.268,16.818
39.371,16.816
39.475,16.816
39.578,16.818
39.682,16.822
39.785,16.826
39.887,16.833
39.988,16.840
40.087,16.849
40.185,16.858
40.279,16.868
40.371,16.879
40.460,16.890
40.546,16.902
40.631,16.914
40.713,16.926
40.794,16.938
40.874,16.950
40.954,16.962
41.034,16.972
41.114,16.982
41.195,16.992
41.277,17.000
41.361,17.007
41.446,17.012
41.535,17.016
41.626,17.019
41.720,17.020
41.816,17.020
41.915,17.018
42.015,17.017
42.118,17.014
42.223,17.012
42.329,17.010
42.436,17.008
42.544,17.007
42.654,17.006
42.764,17.007
42.875,17.009
42.986,17.013
43.097,17.019
43.208,17.027
43.318,17.037
43.429,17.051
43.538,17.067
43.647,17.086
43.755,17.107
43.863,17.131
43.969,17.157
44.075,17.184
44.181,17.213
44.285,17.244
44.389,17.275
44.492,17.308
44.595,17.341
44.697,17.374
44.798,17.407
44.898,17.440
44.998,17.473
45.097,17.505
45.195,17.536
45.292,17.566
45.389,17.595
45.485,17.622
45.580,17.649
45.675,17.674
45.768,17.699
45.861,17.724
45.953,17.749
46.044,17.774
46.134,17.800
46.222,17.826
46.310,17.853
46.397,17.882
46.483,17.913
46.567,17.945
46.650,17.980
46.733,18.016
46.813,18.056
46.893,18.098
46.971,18.143
47.049,18.191
47.125,18.241
47.200,18.294
47.274,18.350
47.347,18.407
47.419,18.467
47.490,18.530
47.560,18.594
47.629,18.661
47.698,18.730
47.765,18.800
47.832,18.873
47.898,18.948
47.964,19.025
48.029,19.103
48.093,19.183
48.156,19.264
48.220,19.347
48.282,19.431
48.345,19.517
48.406,19.603
48.468,19.691
48.529,19.779
48.590,19.868
48.651,19.958
48.711,20.048
48.771,20.139
48.832,20.229
48.892,20.321
48.952,20.412
49.012,20.503
49.072,20.594
49.132,20.684
49.192,20.775
49.250,20.865
49.307,20.955
49.361,21.044
49.413,21.133
49.462,21.222
49.508,21.310
49.549,21.398
49.586,21.485
49.617,21.572
49.643,21.658
49.663,21.744
49.677,21.829
49.683,21.914
49.682,21.998
49.672,22.081
49.656,22.163
49.633,22.246
49.604,22.327
49.570,22.409
49.532,22.490
49.491,22.572
49.447,22.653
49.402,22.734
49.355,22.816
49.308,22.898
49.262,22.980
49.217,23.062
49.174,23.146
49.134,23.230
49.098,23.314
49.066,23.400
49.036,23.485
49.008,23.570
48.981,23.653
48.954,23.736
48.927,23.817
48.899,23.895
48.868,23.971
48.835,24.043
48.798,24.112
48.756,24.176
48.709,24.236
48.656,24.291
48.596,24.340
48.530,24.384
48.459,24.423
48.385,24.459
48.310,24.493
48.236,24.525
48.164,24.557
48.097,24.589
48.036,24.623
47.982,24.658
47.938,24.697
47.906,24.741
47.887,24.789
47.881,24.843
47.887,24.902
47.904,24.965
47.931,25.032
47.964,25.103
48.004,25.176
48.047,25.252
48.094,25.329
48.142,25.408
48.190,25.487
48.235,25.566
48.278,25.645
48.315,25.722
48.346,25.798
48.371,25.873
48.390,25.946
48.403,26.018
48.410,26.089
48.411,26.159
48.407,26.228
48.398,26.297
48.383,26.364
48.364,26.431
48.340,26.498
48.311,26.564
48.278,26.630
48.242,26.696
48.203,26.762
48.162,26.828
48.120,26.893
48.078,26.959
48.036,27.025
47.997,27.090
47.959,27.156
47.926,27.222
47.896,27.288
47.871,27.354
47.853,27.420
47.840,27.487
47.833,27.554
47.831,27.622
47.834,27.691
47.840,27.760
47.848,27.831
47.860,27.904
47.872,27.978
47.886,28.054
47.899,28.132
47.913,28.212
47.925,28.295
47.935,28.380
47.943,28.468
47.948,28.556
47.950,28.646
47.949,28.735
47.944,28.824
47.935,28.912
47.921,28.997
47.903,29.080
47.880,29.159
47.851,29.234
47.816,29.304
47.775,29.368
47.727,29.426
47.672,29.478
47.612,29.523
47.547,29.563
47.478,29.599
47.408,29.633
47.337,29.665
47.267,29.696
47.199,29.729
47.134,29.764
47.074,29.801
47.019,29.843
46.972,29.891
46.934,29.945
46.905,30.007
46.884,30.074
46.871,30.148
46.863,30.226
46.860,30.308
46.861,30.393
46.864,30.481
46.869,30.569
46.875,30.659
46.879,30.748
46.882,30.836
46.883,30.922
46.879,31.006
46.870,31.085
46.856,31.161
46.836,31.233
46.812,31.302
46.783,31.368
46.750,31.430
46.713,31.490
46.673,31.547
46.630,31.603
46.584,31.656
46.535,31.708
46.485,31.758
46.433,31.807
46.379,31.855
46.324,31.902
46.269,31.949
46.214,31.995
46.159,32.041
46.104,32.087
46.050,32.133
45.997,32.179
45.946,32.225
45.897,32.272
45.850,32.319
45.805,32.368
45.764,32.417
45.725,32.468
45.688,32.520
45.653,32.574
45.619,32.631
45.586,32.690
45.554,32.752
45.522,32.817
45.489,32.885
45.457,32.957
45.424,33.033
45.389,33.114
45.353,33.199
45.317,33.287
45.280,33.379
45.243,33.473
45.207,33.569
45.172,33.666
45.139,33.764
45.107,33.862
45.078,33.959
45.052,34.055
45.029,34.149
45.010,34.241
44.995,34.330
44.985,34.415
44.980,34.496
44.980,34.571
44.987,34.642
44.996,34.707
45.007,34.767
45.016,34.822
45.023,34.873
45.023,34.918
45.016,34.958
44.998,34.994
44.968,35.026
44.925,35.053
44.870,35.076
44.805,35.097
44.730,35.114
44.648,35.130
44.560,35.144
44.467,35.157
44.371,35.169
44.273,35.182
44.176,35.195
44.079,35.209
43.986,35.225
43.896,35.243
43.813,35.264
43.736,35.288
43.665,35.315
43.600,35.345
43.540,35.379
43.484,35.416
43.431,35.456
43.381,35.500
43.332,35.546
43.285,35.596
43.239,35.650
43.192,35.706
43.145,35.766
43.096,35.829
43.046,35.893
42.994,35.958
42.941,36.023
42.887,36.086
42.832,36.146
42.776,36.202
42.719,36.253
42.661,36.297
42.602,36.334
42.543,36.362
42.483,36.379
42.422,36.386
42.361,36.381
42.299,36.367
42.236,36.343
42.172,36.312
42.108,36.274
42.042,36.231
41.975,36.184
41.907,36.133
41.838,36.080
41.767,36.027
41.694,35.974
41.621,35.922
41.545,35.873
41.468,35.826
41.389,35.782
41.309,35.740
41.228,35.700
41.146,35.660
41.064,35.620
40.981,35.579
40.898,35.538
40.815,35.494
40.732,35.449
40.650,35.400
40.568,35.348
40.487,35.293
40.407,35.232
40.329,35.166
40.251,35.095
40.176,35.017
40.101,34.934
40.029,34.846
39.957,34.754
39.887,34.657
39.819,34.556
39.752,34.452
39.686,34.345
39.621,34.235
39.557,34.124
39.494,34.011
39.433,33.897
39.372,33.783
39.313,33.668
39.254,33.553
39.197,33.439
39.140,33.327
39.084,33.216
39.028,33.107
38.974,33.000
38.920,32.897
38.866,32.796
38.813,32.698
38.761,32.602
38.710,32.508
38.659,32.416
38.609,32.325
38.559,32.235
38.510,32.145
38.462,32.055
38.414,31.965
38.367,31.875
38.321,31.783
38.275,31.690
38.229,31.596
38.185,31.499
38.141,31.400
38.097,31.298
38.054,31.192
38.012,31.084
37.971,30.972
37.930,30.858
37.890,30.740
37.851,30.620
37.812,30.497
37.774,30.372
37.738,30.245
37.702,30.116
37.667,29.985
37.633,29.853
37.601,29.719
37.569,29.584
37.538,29.448
37.509,29.311
37.481,29.174
37.454,29.035
37.429,28.897
37.404,28.758
37.381,28.619
37.360,28.481
37.340,28.343
37.321,28.205
37.304,28.068
37.289,27.932
37.275,27.796
37.262,27.661
37.250,27.526
37.239,27.392
37.230,27.258
37.222,27.125
37.215,26.992
37.209,26.860
37.203,26.728
37.199,26.597
37.195,26.466
37.192,26.335
37.190,26.205
37.189,26.075
37.188,25.945
37.188,25.816
37.188,25.687
37.189,25.559
37.190,25.431
37.191,25.303
37.192,25.175
37.194,25.048
37.196,24.920
37.198,24.793
37.200,24.666
37.202,24.539
37.205,24.413
37.206,24.286
37.208,24.160
37.210,24.034
37.211,23.907
37.212,23.781
37.212,23.655
37.212,23.529
37.212,23.403
37.211,23.277
37.209,23.150
37.206,23.024
37.203,22.898
37.199,22.771
37.195,22.645
37.189,22.518
37.182,22.391
37.175,22.264
37.167,22.138
37.159,22.011
37.151,21.884
37.142,21.758
37.134,21.632
37.126,21.507
37.118,21.382
37.111,21.258
37.105,21.134
37.100,21.011
37.096,20.889
37.093,20.768
37.092,20.648
37.093,20.529
37.095,20.411
37.099,20.295
37.106,20.179
37.114,20.065
37.126,19.953
37.139,19.842
37.156,19.733
37.174,19.625
37.193,19.519
37.215,19.414
37.238,19.311
37.262,19.209
37.286,19.109
37.312,19.010
37.337,18.913
37.363,18.817
37.389,18.723
37.414,18.630
37.439,18.539
37.463,18.449
37.486,18.361
37.508,18.274
37.528,18.189
37.548,18.106
37.567,18.024
37.585,17.944
37.604,17.866
37.624,17.791
37.645,17.717
37.668,17.646
37.693,17.578
37.720,17.512
37.751,17.449
37.785,17.389
37.822,17.332
