X	Y
829.000	349.000
830.389	347.551
831.863	346.300
833.410	345.231
835.015	344.328
836.663	343.575
838.341	342.956
840.033	342.455
841.726	342.056
843.407	341.743
845.072	341.504
846.721	341.327
848.354	341.201
849.972	341.115
851.574	341.058
853.160	341.018
854.731	340.984
856.292	340.946
857.857	340.890
859.437	340.807
861.046	340.685
862.696	340.511
864.401	340.276
866.172	339.967
868.013	339.578
869.900	339.114
871.803	338.584
873.691	337.998
875.534	337.363
877.304	336.690
878.969	335.985
880.500	335.259
881.870	334.520
883.108	333.784
884.273	333.073
885.429	332.408
886.639	331.809
887.964	331.297
889.466	330.893
891.171	330.600
893.040	330.392
895.025	330.237
897.083	330.106
899.167	329.968
901.232	329.793
903.233	329.551
905.123	329.212
906.859	328.747
908.439	328.166
909.900	327.514
911.281	326.840
912.621	326.190
913.960	325.614
915.337	325.157
916.790	324.867
918.334	324.749
919.963	324.773
921.671	324.906
923.451	325.118
925.297	325.376
927.202	325.649
929.159	325.905
931.163	326.113
933.206	326.263
935.282	326.360
937.384	326.408
939.505	326.414
941.638	326.382
943.778	326.318
945.917	326.228
948.048	326.117
950.165	325.990
952.263	325.852
954.348	325.710
956.425	325.567
958.500	325.430
960.580	325.303
962.670	325.192
964.777	325.101
966.907	325.037
969.066	325.003
971.260	325.006
973.494	325.044
975.768	325.110
978.086	325.200
980.450	325.307
982.862	325.425
985.324	325.548
987.838	325.670
990.408	325.785
993.034	325.886
995.719	325.969
998.466	326.028
1001.269	326.062
1004.119	326.079
1007.005	326.087
1009.918	326.092
1012.847	326.101
1015.782	326.122
1018.712	326.161
1021.627	326.227
1024.517	326.325
1027.373	326.464
1030.182	326.649
1032.936	326.889
1035.625	327.190
1038.242	327.543
1040.786	327.930
1043.256	328.332
1045.649	328.731
1047.964	329.107
1050.199	329.441
1052.351	329.716
1054.420	329.911
1056.403	330.008
1058.298	329.988
1060.111	329.846
1061.861	329.609
1063.571	329.308
1065.265	328.977
1066.964	328.647
1068.692	328.350
1070.472	328.119
1072.326	327.985
1074.267	327.968
1076.283	328.053
1078.361	328.221
1080.484	328.454
1082.638	328.731
1084.808	329.035
1086.979	329.347
1089.135	329.647
1091.263	329.916
1093.347	330.137
1095.391	330.303
1097.408	330.417
1099.410	330.480
1101.411	330.495
1103.425	330.464
1105.463	330.388
1107.540	330.271
1109.669	330.114
1111.863	329.920
1114.127	329.694
1116.456	329.446
1118.843	329.188
1121.284	328.929
1123.771	328.681
1126.301	328.454
1128.865	328.259
1131.459	328.106
1134.076	328.007
1136.711	327.971
1139.358	328.010
1142.010	328.128
1144.661	328.316
1147.302	328.559
1149.928	328.844
1152.530	329.159
1155.101	329.491
1157.635	329.827
1160.123	330.152
1162.559	330.455
1164.935	330.722
1167.244	330.940
1169.479	331.097
1171.652	331.195
1173.783	331.243
1175.893	331.250
1178.001	331.227
1180.129	331.184
1182.298	331.130
1184.529	331.075
1186.842	331.030
1189.257	331.003
1191.793	331.004
1194.444	331.037
1197.186	331.099
1199.997	331.189
1202.855	331.307
1205.738	331.451
1208.623	331.620
1211.488	331.813
1214.310	332.028
1217.067	332.265
1219.737	332.522
1222.297	332.798
1224.725	333.091
1227.014	333.401
1229.179	333.724
1231.239	334.056
1233.212	334.395
1235.117	334.737
1236.971	335.079
1238.795	335.418
1240.605	335.751
1242.420	336.074
1244.257	336.384
1246.125	336.678
1248.033	336.952
1249.992	337.203
1252.010	337.428
1254.097	337.624
1256.264	337.786
1258.518	337.911
1260.870	337.997
1263.325	338.041
1265.869	338.053
1268.481	338.046
1271.140	338.032
1273.827	338.022
1276.522	338.030
1279.203	338.067
1281.850	338.146
1284.444	338.279
1286.963	338.478
1289.388	338.755
1291.698	339.124
1293.886	339.583
1295.963	340.116
1297.944	340.700
1299.844	341.317
1301.677	341.945
1303.457	342.564
1305.199	343.153
1306.917	343.693
1308.625	344.163
1310.338	344.555
1312.069	344.878
1313.834	345.144
1315.645	345.362
1317.517	345.544
1319.464	345.700
1321.500	345.841
1323.639	345.977
1325.893	346.119
1328.257	346.271
1330.719	346.435
1333.268	346.615
1335.893	346.813
1338.582	347.031
1341.323	347.272
1344.106	347.538
1346.918	347.833
1349.748	348.159
1352.585	348.518
1355.417	348.914
1358.234	349.347
1361.030	349.819
1363.805	350.329
1366.557	350.877
1369.284	351.460
1371.985	352.080
1374.659	352.734
1377.302	353.423
1379.915	354.145
1382.495	354.901
1385.040	355.688
1387.550	356.507
1390.023	357.357
1392.455	358.233
1394.842	359.127
1397.179	360.031
1399.461	360.936
1401.685	361.833
1403.844	362.713
1405.934	363.569
1407.951	364.392
1409.889	365.172
1411.745	365.902
1413.515	366.574
1415.212	367.201
1416.855	367.799
1418.461	368.385
1420.049	368.976
1421.636	369.589
1423.242	370.241
1424.885	370.949
1426.580	371.725
1428.331	372.566
1430.138	373.457
1432.004	374.389
1433.927	375.350
1435.908	376.327
1437.949	377.310
1440.049	378.286
1442.209	379.245
1444.429	380.175
1446.706	381.068
1449.027	381.930
1451.377	382.766
1453.742	383.581
1456.107	384.382
1458.458	385.174
1460.779	385.963
1463.058	386.754
1465.279	387.555
1467.427	388.369
1469.489	389.204
1471.457	390.061
1473.337	390.940
1475.138	391.838
1476.866	392.751
1478.531	393.677
1480.141	394.614
1481.703	395.558
1483.226	396.508
1484.717	397.460
1486.183	398.411
1487.629	399.357
1489.061	400.292
1490.482	401.214
1491.897	402.116
1493.313	402.994
1494.733	403.844
1496.163	404.665
1497.600	405.469
1499.041	406.279
1500.484	407.117
1501.925	408.004
1503.360	408.961
1504.786	410.010
1506.201	411.174
1507.599	412.461
1508.975	413.854
1510.320	415.328
1511.629	416.859
1512.894	418.424
1514.108	419.998
1515.264	421.559
1516.356	423.081
1517.375	424.542
1518.329	425.935
1519.239	427.279
1520.128	428.592
1521.021	429.895
1521.940	431.207
1522.909	432.547
1523.951	433.936
1525.079	435.388
1526.251	436.892
1527.409	438.431
1528.497	439.988
1529.457	441.546
1530.233	443.088
1530.767	444.596
1531.003	446.054
1530.905	447.448
1530.518	448.782
1529.902	450.061
1529.118	451.293
1528.229	452.485
1527.294	453.642
1526.370	454.769
1525.455	455.859
1524.509	456.894
1523.494	457.856
1522.369	458.730
1521.097	459.496
1519.638	460.139
1517.984	460.659
1516.188	461.091
1514.311	461.476
1512.414	461.855
1510.557	462.267
1508.801	462.753
1507.208	463.353
1505.837	464.108
1504.720	465.032
1503.805	466.075
1503.025	467.172
1502.316	468.260
1501.611	469.276
1500.844	470.156
1499.966	470.867
1498.960	471.439
1497.816	471.913
1496.522	472.328
1495.068	472.725
1493.443	473.143
1491.656	473.603
1489.744	474.091
1487.748	474.595
1485.708	475.100
1483.665	475.590
1481.660	476.052
1479.733	476.471
1477.924	476.832
1476.272	477.122
1474.776	477.341
1473.388	477.508
1472.058	477.639
1470.734	477.754
1469.367	477.872
1467.906	478.009
1466.313	478.181
1464.584	478.381
1462.727	478.603
1460.746	478.838
1458.647	479.078
1456.436	479.315
1454.120	479.541
1451.702	479.748
1449.191	479.928
1446.591	480.073
1443.922	480.177
1441.214	480.233
1438.499	480.236
1435.807	480.181
1433.170	480.061
1430.618	479.872
1428.183	479.608
1425.895	479.263
1423.786	478.831
1421.886	478.307
1420.225	477.687
1418.786	477.003
1417.504	476.322
1416.314	475.715
1415.147	475.253
1413.939	475.006
1412.622	475.042
1411.161	475.387
1409.578	475.982
1407.900	476.758
1406.153	477.648
1404.365	478.584
1402.563	479.499
1400.774	480.324
1399.024	480.992
1397.334	481.451
1395.687	481.715
1394.060	481.814
1392.428	481.779
1390.767	481.641
1389.053	481.430
1387.261	481.178
1385.369	480.914
1383.370	480.659
1381.292	480.413
1379.163	480.178
1377.011	479.953
1374.866	479.739
1372.756	479.535
1370.711	479.343
1368.757	479.162
1366.926	478.993
1365.231	478.835
1363.646	478.687
1362.133	478.546
1360.652	478.409
1359.167	478.275
1357.639	478.140
1356.029	478.002
1354.309	477.861
1352.485	477.718
1350.571	477.578
1348.584	477.444
1346.538	477.320
1344.449	477.210
1342.332	477.118
1340.204	477.047
1338.078	477.001
1335.970	476.983
1333.887	476.987
1331.839	477.005
1329.831	477.030
1327.871	477.053
1325.967	477.068
1324.125	477.067
1322.354	477.042
1320.660	476.985
1319.038	476.894
1317.457	476.775
1315.882	476.637
1314.278	476.488
1312.610	476.335
1310.843	476.188
1308.941	476.055
1306.872	475.943
1304.643	475.853
1302.302	475.778
1299.894	475.711
1297.468	475.645
1295.070	475.573
1292.748	475.488
1290.548	475.383
1288.519	475.251
1286.707	475.084
1285.156	474.878
1283.848	474.645
1282.715	474.411
1281.685	474.205
1280.688	474.055
1279.653	473.989
1278.535	474.019
1277.327	474.130
1276.024	474.309
1274.624	474.537
1273.121	474.801
1271.514	475.085
1269.803	475.378
1268.003	475.681
1266.126	475.996
1264.187	476.323
1262.200	476.664
1260.178	477.021
1258.135	477.394
1256.085	477.785
1254.042	478.195
1252.017	478.619
1250.021	479.045
1248.062	479.462
1246.150	479.858
1244.295	480.220
1242.505	480.536
1240.790	480.795
1239.159	480.985
1237.618	481.095
1236.144	481.121
1234.708	481.061
1233.279	480.913
1231.826	480.675
1230.320	480.346
1228.730	479.924
1227.034	479.412
1225.230	478.829
1223.318	478.194
1221.297	477.528
1219.170	476.850
1216.936	476.181
1214.596	475.541
1212.150	474.949
1209.598	474.426
1206.942	473.992
1204.186	473.660
1201.352	473.422
1198.465	473.263
1195.552	473.170
1192.638	473.126
1189.750	473.119
1186.911	473.133
1184.150	473.154
1181.490	473.168
1178.959	473.161
1176.581	473.118
1174.383	473.024
1172.384	472.868
1170.558	472.656
1168.864	472.401
1167.255	472.118
1165.688	471.820
1164.120	471.520
1162.507	471.233
1160.803	470.973
1158.983	470.746
1157.068	470.545
1155.085	470.358
1153.066	470.174
1151.039	469.980
1149.034	469.766
1147.080	469.519
1145.207	469.228
1143.443	468.881
1141.792	468.475
1140.215	468.018
1138.672	467.519
1137.120	466.987
1135.519	466.433
1133.825	465.864
1131.998	465.291
1129.997	464.723
1127.813	464.166
1125.468	463.625
1122.987	463.103
1120.393	462.604
1117.711	462.132
1114.964	461.691
1112.176	461.284
1109.372	460.916
1106.575	460.589
1103.810	460.310
1101.100	460.080
1098.468	459.903
1095.919	459.772
1093.444	459.671
1091.033	459.584
1088.676	459.495
1086.364	459.388
1084.085	459.247
1081.831	459.057
1079.591	458.800
1077.356	458.462
1075.117	458.026
1072.865	457.480
1070.607	456.837
1068.355	456.112
1066.118	455.325
1063.907	454.492
1061.733	453.631
1059.606	452.758
1057.537	451.893
1055.536	451.051
1053.614	450.251
1051.780	449.510
1050.022	448.833
1048.319	448.220
1046.646	447.671
1044.981	447.186
1043.301	446.764
1041.581	446.405
1039.800	446.109
1037.935	445.875
1035.988	445.692
1033.980	445.541
1031.932	445.403
1029.868	445.257
1027.809	445.084
1025.776	444.865
1023.792	444.581
1021.878	444.211
1020.056	443.738
1018.321	443.167
1016.647	442.526
1015.007	441.845
1013.374	441.154
1011.719	440.481
1010.017	439.856
1008.238	439.308
1006.357	438.865
1004.368	438.535
1002.296	438.285
1000.172	438.083
998.025	437.894
995.884	437.686
993.778	437.425
991.737	437.077
989.791	436.609
987.968	435.987
986.287	435.191
984.726	434.252
983.253	433.214
981.835	432.119
980.440	431.011
979.037	429.933
977.593	428.928
976.076	428.039
974.463	427.302
972.773	426.706
971.036	426.232
969.282	425.859
967.543	425.567
965.849	425.335
964.231	425.141
962.719	424.967
961.324	424.789
960.015	424.582
958.754	424.320
957.501	423.976
956.220	423.525
954.871	422.940
953.429	422.205
951.904	421.338
950.312	420.362
948.671	419.301
946.996	418.176
945.306	417.013
943.616	415.833
941.944	414.660
940.307	413.518
938.708	412.418
937.140	411.361
935.591	410.347
934.052	409.375
932.513	408.444
930.964	407.555
929.394	406.707
927.794	405.899
926.156	405.129
924.478	404.383
922.757	403.649
920.995	402.914
919.188	402.165
917.335	401.388
915.437	400.570
913.491	399.697
911.496	398.758
909.456	397.747
907.383	396.680
905.289	395.573
903.189	394.442
901.094	393.304
899.018	392.175
896.975	391.071
894.977	390.010
893.037	389.008
891.169	388.081
889.382	387.242
887.674	386.484
886.038	385.792
884.465	385.154
882.948	384.556
881.479	383.983
880.051	383.422
878.656	382.859
877.283	382.287
875.915	381.707
874.535	381.125
873.126	380.544
871.670	379.968
870.149	379.401
868.546	378.848
866.859	378.311
865.110	377.789
863.324	377.281
861.527	376.787
859.744	376.305
858.001	375.834
856.323	375.374
854.735	374.923
853.248	374.486
851.839	374.075
850.479	373.708
849.138	373.399
847.787	373.165
846.397	373.022
844.942	372.981
843.418	373.023
841.835	373.110
840.202	373.204
838.530	373.267
836.827	373.260
835.103	373.146
833.369	372.887
831.648	372.458
829.982	371.854
828.416	371.072
826.994	370.109
825.760	368.961
824.758	367.624
824.033	366.095
823.618	364.377
823.503	362.507
823.663	360.531
824.073	358.493
824.708	356.441
825.543	354.420
826.553	352.475
827.714	350.653
829.000	349.000
