X	Y
869.000	468.000
871.111	467.158
873.390	466.749
875.781	466.731
878.230	467.062
880.682	467.700
883.082	468.605
885.376	469.733
887.509	471.045
889.426	472.498
891.077	474.052
892.468	475.683
893.642	477.377
894.639	479.120
895.502	480.897
896.274	482.696
896.997	484.502
897.713	486.301
898.461	488.079
899.259	489.832
900.103	491.560
900.990	493.262
901.915	494.940
902.876	496.593
903.868	498.223
904.889	499.830
905.938	501.412
907.025	502.965
908.167	504.478
909.380	505.945
910.679	507.357
912.082	508.704
913.604	509.980
915.260	511.176
917.059	512.285
918.983	513.307
921.011	514.242
923.125	515.091
925.303	515.853
927.526	516.530
929.773	517.120
932.024	517.625
934.259	518.044
936.465	518.381
938.649	518.641
940.824	518.833
943.001	518.964
945.191	519.043
947.405	519.077
949.657	519.075
951.956	519.044
954.314	518.992
956.736	518.926
959.208	518.848
961.711	518.759
964.228	518.661
966.742	518.555
969.234	518.443
971.688	518.327
974.085	518.207
976.407	518.086
978.638	517.965
980.776	517.848
982.846	517.745
984.878	517.664
986.899	517.617
988.940	517.612
991.029	517.659
993.194	517.768
995.465	517.948
997.865	518.207
1000.387	518.537
1003.002	518.922
1005.687	519.345
1008.414	519.790
1011.158	520.242
1013.893	520.682
1016.593	521.097
1019.232	521.468
1021.784	521.781
1024.223	522.019
1026.534	522.172
1028.737	522.251
1030.856	522.272
1032.917	522.248
1034.946	522.196
1036.969	522.129
1039.010	522.063
1041.094	522.013
1043.248	521.993
1045.473	522.011
1047.758	522.073
1050.090	522.182
1052.454	522.343
1054.840	522.560
1057.232	522.837
1059.618	523.179
1061.985	523.588
1064.320	524.071
1066.613	524.628
1068.866	525.252
1071.083	525.938
1073.265	526.676
1075.418	527.460
1077.543	528.282
1079.643	529.136
1081.723	530.013
1083.785	530.906
1085.832	531.808
1087.867	532.716
1089.892	533.627
1091.910	534.537
1093.922	535.444
1095.932	536.346
1097.941	537.238
1099.952	538.120
1101.968	538.986
1103.988	539.835
1106.004	540.662
1108.007	541.460
1109.986	542.224
1111.930	542.949
1113.829	543.629
1115.674	544.258
1117.453	544.831
1119.159	545.345
1120.811	545.814
1122.445	546.266
1124.096	546.729
1125.801	547.229
1127.596	547.794
1129.517	548.452
1131.599	549.231
1133.860	550.141
1136.283	551.169
1138.850	552.297
1141.539	553.507
1144.331	554.782
1147.208	556.104
1150.147	557.456
1153.132	558.820
1156.140	560.179
1159.153	561.515
1162.151	562.810
1165.114	564.047
1168.025	565.212
1170.875	566.303
1173.657	567.324
1176.365	568.276
1178.990	569.160
1181.527	569.980
1183.968	570.736
1186.306	571.430
1188.535	572.065
1190.648	572.643
1192.637	573.165
1194.513	573.636
1196.311	574.065
1198.068	574.462
1199.822	574.834
1201.611	575.192
1203.472	575.545
1205.443	575.902
1207.558	576.271
1209.813	576.653
1212.186	577.046
1214.651	577.447
1217.186	577.853
1219.766	578.261
1222.369	578.668
1224.970	579.072
1227.547	579.470
1230.074	579.858
1232.530	580.234
1234.907	580.599
1237.210	580.953
1239.441	581.297
1241.604	581.635
1243.704	581.967
1245.744	582.294
1247.727	582.619
1249.659	582.942
1251.542	583.267
1253.382	583.599
1255.184	583.950
1256.954	584.327
1258.697	584.740
1260.420	585.199
1262.128	585.712
1263.826	586.289
1265.526	586.929
1267.244	587.622
1269.000	588.359
1270.809	589.128
1272.689	589.920
1274.658	590.725
1276.733	591.532
1278.930	592.331
1281.246	593.116
1283.649	593.886
1286.106	594.638
1288.584	595.373
1291.051	596.089
1293.475	596.785
1295.821	597.459
1298.058	598.111
1300.153	598.738
1302.076	599.341
1303.844	599.921
1305.512	600.480
1307.137	601.022
1308.777	601.550
1310.488	602.068
1312.327	602.578
1314.352	603.084
1316.590	603.590
1319.000	604.101
1321.532	604.625
1324.134	605.167
1326.754	605.733
1329.341	606.329
1331.844	606.963
1334.210	607.639
1336.388	608.364
1338.328	609.144
1340.011	609.980
1341.499	610.856
1342.863	611.757
1344.177	612.664
1345.512	613.562
1346.942	614.433
1348.537	615.262
1350.324	616.048
1352.254	616.819
1354.272	617.604
1356.322	618.431
1358.350	619.332
1360.300	620.334
1362.117	621.468
1363.746	622.763
1365.142	624.240
1366.327	625.877
1367.350	627.630
1368.260	629.456
1369.106	631.311
1369.939	633.154
1370.808	634.940
1371.761	636.627
1372.842	638.177
1374.029	639.597
1375.274	640.915
1376.527	642.161
1377.736	643.364
1378.853	644.552
1379.827	645.755
1380.619	646.999
1381.264	648.286
1381.836	649.608
1382.404	650.959
1383.041	652.331
1383.818	653.716
1384.797	655.106
1385.982	656.496
1387.349	657.876
1388.874	659.242
1390.530	660.585
1392.295	661.900
1394.143	663.178
1396.051	664.412
1397.993	665.597
1399.957	666.731
1401.938	667.818
1403.932	668.861
1405.938	669.864
1407.951	670.833
1409.968	671.770
1411.985	672.679
1414.000	673.566
1416.008	674.433
1418.003	675.274
1419.977	676.074
1421.919	676.816
1423.822	677.484
1425.675	678.062
1427.469	678.533
1429.195	678.881
1430.845	679.092
1432.428	679.202
1433.966	679.291
1435.485	679.443
1437.010	679.741
1438.564	680.268
1440.175	681.107
1441.848	682.308
1443.545	683.825
1445.216	685.593
1446.813	687.549
1448.288	689.629
1449.591	691.768
1450.674	693.903
1451.487	695.969
1451.984	697.903
1452.140	699.652
1452.059	701.227
1451.879	702.652
1451.739	703.956
1451.778	705.162
1452.134	706.299
1452.852	707.396
1453.807	708.490
1454.856	709.617
1455.855	710.814
1456.661	712.119
1457.131	713.568
1457.219	715.156
1457.007	716.821
1456.589	718.500
1456.056	720.126
1455.500	721.634
1455.014	722.960
1454.668	724.068
1454.436	725.058
1454.267	726.065
1454.107	727.224
1453.904	728.668
1453.635	730.424
1453.306	732.395
1452.926	734.476
1452.505	736.562
1452.051	738.547
1451.574	740.326
1451.082	741.795
1450.584	742.880
1450.093	743.714
1449.618	744.513
1449.172	745.494
1448.765	746.864
1448.382	748.667
1447.993	750.821
1447.565	753.240
1447.066	755.838
1446.464	758.528
1445.727	761.225
1444.822	763.841
1443.718	766.291
1442.382	768.489
1440.792	770.359
1438.999	771.919
1437.099	773.236
1435.185	774.377
1433.352	775.410
1431.694	776.401
1430.305	777.419
1429.279	778.530
1428.702	779.797
1428.529	781.208
1428.617	782.694
1428.823	784.188
1429.001	785.619
1429.009	786.920
1428.732	788.042
1428.205	789.038
1427.510	789.992
1426.726	790.985
1425.934	792.102
1425.191	793.395
1424.481	794.820
1423.772	796.312
1423.033	797.810
1422.235	799.251
1421.346	800.570
1420.337	801.711
1419.210	802.688
1417.988	803.564
1416.693	804.404
1415.347	805.272
1413.974	806.231
1412.597	807.347
1411.229	808.623
1409.875	809.965
1408.535	811.268
1407.211	812.427
1405.905	813.336
1404.619	813.890
1403.352	813.990
1402.102	813.662
1400.856	813.049
1399.604	812.303
1398.334	811.574
1397.036	811.012
1395.704	810.729
1394.353	810.678
1393.007	810.767
1391.687	810.903
1390.417	810.995
1389.213	810.956
1388.040	810.768
1386.826	810.458
1385.497	810.051
1383.981	809.574
1382.206	809.056
1380.117	808.522
1377.762	807.991
1375.226	807.483
1372.592	807.015
1369.944	806.607
1367.366	806.276
1364.941	806.040
1362.752	805.918
1360.885	805.928
1359.419	806.089
1358.362	806.420
1357.632	806.939
1357.141	807.666
1356.807	808.618
1356.594	809.783
1356.502	811.128
1356.535	812.619
1356.693	814.220
1356.979	815.900
1357.379	817.613
1357.806	819.266
1358.151	820.753
1358.307	821.966
1358.164	822.798
1357.621	823.152
1356.674	823.062
1355.395	822.667
1353.858	822.108
1352.137	821.524
1350.305	821.056
1348.431	820.826
1346.541	820.835
1344.647	821.032
1342.760	821.368
1340.891	821.793
1339.052	822.257
1337.254	822.710
1335.507	823.104
1333.819	823.409
1332.185	823.634
1330.602	823.793
1329.065	823.898
1327.571	823.962
1326.115	823.998
1324.692	824.013
1323.292	823.986
1321.903	823.888
1320.513	823.690
1319.111	823.364
1317.685	822.879
1316.232	822.230
1314.771	821.460
1313.324	820.618
1311.911	819.753
1310.554	818.916
1309.273	818.155
1308.085	817.514
1306.957	816.998
1305.833	816.592
1304.657	816.281
1303.376	816.051
1301.938	815.887
1300.357	815.781
1298.678	815.731
1296.947	815.733
1295.208	815.782
1293.509	815.876
1291.894	816.010
1290.393	816.180
1288.980	816.370
1287.618	816.566
1286.270	816.754
1284.898	816.916
1283.466	817.040
1281.966	817.117
1280.427	817.152
1278.882	817.149
1277.365	817.115
1275.908	817.053
1274.544	816.969
1273.280	816.859
1272.081	816.708
1270.912	816.500
1269.736	816.216
1268.516	815.842
1267.224	815.368
1265.846	814.796
1264.367	814.130
1262.772	813.371
1261.046	812.523
1259.175	811.589
1257.145	810.571
1254.968	809.479
1252.694	808.331
1250.372	807.142
1248.053	805.933
1245.786	804.719
1243.623	803.520
1241.612	802.352
1239.805	801.233
1238.251	800.182
1236.988	799.211
1235.966	798.297
1235.097	797.404
1234.293	796.496
1233.468	795.534
1232.534	794.483
1231.466	793.340
1230.295	792.134
1229.059	790.896
1227.793	789.656
1226.535	788.447
1225.321	787.300
1224.181	786.241
1223.099	785.257
1222.034	784.316
1220.942	783.382
1219.781	782.422
1218.509	781.401
1217.086	780.288
1215.525	779.090
1213.879	777.843
1212.199	776.582
1210.537	775.344
1208.944	774.165
1207.472	773.081
1206.173	772.127
1205.087	771.330
1204.168	770.653
1203.344	770.037
1202.538	769.420
1201.676	768.744
1200.705	767.978
1199.603	767.132
1198.349	766.222
1196.923	765.262
1195.304	764.265
1193.474	763.247
1191.417	762.220
1189.170	761.201
1186.793	760.201
1184.347	759.234
1181.893	758.314
1179.493	757.455
1177.208	756.670
1175.098	755.972
1173.225	755.376
1171.650	754.895
1170.381	754.514
1169.325	754.166
1168.374	753.774
1167.423	753.266
1166.370	752.568
1165.173	751.665
1163.846	750.584
1162.398	749.355
1160.843	748.007
1159.192	746.570
1157.458	745.072
1155.653	743.543
1153.790	742.011
1151.887	740.495
1149.968	739.007
1148.058	737.559
1146.181	736.163
1144.359	734.830
1142.618	733.573
1140.980	732.403
1139.470	731.333
1138.109	730.372
1136.869	729.520
1135.698	728.768
1134.541	728.107
1133.342	727.526
1132.047	727.016
1130.612	726.568
1129.040	726.164
1127.349	725.787
1125.557	725.418
1123.681	725.040
1121.737	724.634
1119.743	724.182
1117.718	723.668
1115.685	723.100
1113.676	722.504
1111.721	721.905
1109.849	721.331
1108.091	720.806
1106.478	720.356
1105.040	720.009
1103.792	719.774
1102.683	719.604
1101.645	719.432
1100.609	719.191
1099.508	718.817
1098.313	718.280
1097.044	717.595
1095.720	716.778
1094.364	715.844
1092.995	714.810
1091.636	713.692
1090.296	712.502
1088.965	711.244
1087.630	709.920
1086.278	708.535
1084.897	707.090
1083.474	705.590
1081.996	704.037
1080.452	702.434
1078.844	700.793
1077.202	699.138
1075.555	697.493
1073.933	695.883
1072.365	694.334
1070.882	692.869
1069.514	691.513
1068.290	690.292
1067.236	689.223
1066.338	688.268
1065.559	687.357
1064.864	686.419
1064.216	685.386
1063.581	684.191
1062.935	682.819
1062.261	681.287
1061.545	679.614
1060.770	677.818
1059.920	675.916
1058.979	673.928
1057.931	671.870
1056.766	669.763
1055.488	667.628
1054.104	665.485
1052.625	663.358
1051.058	661.269
1049.410	659.238
1047.692	657.289
1045.910	655.443
1044.073	653.722
1042.189	652.148
1040.269	650.738
1038.331	649.483
1036.398	648.366
1034.491	647.371
1032.632	646.479
1030.843	645.672
1029.146	644.935
1027.564	644.249
1026.116	643.598
1024.791	642.959
1023.559	642.310
1022.387	641.627
1021.242	640.888
1020.092	640.069
1018.907	639.148
1017.664	638.112
1016.343	636.948
1014.924	635.647
1013.388	634.196
1011.714	632.585
1009.882	630.802
1007.874	628.836
1005.668	626.675
1003.263	624.325
1000.705	621.834
998.045	619.256
995.337	616.646
992.633	614.059
989.986	611.548
987.449	609.169
985.074	606.977
982.913	605.026
981.021	603.370
979.449	602.065
978.250	601.165
977.454	600.699
976.878	600.468
976.227	600.145
975.225	599.430
973.809	598.263
972.031	596.712
969.944	594.845
967.601	592.734
965.056	590.448
962.360	588.057
959.567	585.629
956.730	583.236
953.902	580.947
951.136	578.832
948.485	576.960
946.001	575.399
943.701	574.158
941.561	573.166
939.554	572.352
937.650	571.640
935.823	570.957
934.044	570.231
932.285	569.386
930.520	568.349
928.721	567.054
926.881	565.505
925.001	563.746
923.084	561.824
921.131	559.784
919.145	557.671
917.127	555.531
915.079	553.409
913.004	551.351
910.904	549.401
908.780	547.607
906.635	546.009
904.480	544.603
902.328	543.351
900.194	542.215
898.095	541.158
896.044	540.140
894.056	539.124
892.146	538.072
890.330	536.946
888.622	535.707
887.021	534.335
885.498	532.848
884.016	531.267
882.541	529.615
881.037	527.912
879.471	526.181
877.806	524.443
876.008	522.720
874.042	521.034
871.889	519.401
869.596	517.820
867.228	516.283
864.851	514.781
862.530	513.307
860.330	511.854
858.317	510.413
856.556	508.977
855.112	507.537
854.050	506.087
853.418	504.616
853.180	503.098
853.273	501.504
853.635	499.807
854.205	497.975
854.920	495.981
855.719	493.796
856.543	491.394
857.382	488.806
858.256	486.097
859.186	483.333
860.192	480.580
861.296	477.904
862.517	475.372
863.878	473.050
865.398	471.003
867.098	469.297
869.000	468.000
