X	Y
11.590	5.795
11.599	5.790
11.614	5.790
11.633	5.792
11.655	5.795
11.679	5.798
11.705	5.800
11.730	5.800
11.755	5.795
11.778	5.786
11.800	5.772
11.820	5.753
11.838	5.731
11.856	5.706
11.873	5.679
11.889	5.650
11.905	5.620
11.920	5.589
11.936	5.558
11.951	5.529
11.967	5.500
11.984	5.473
12.001	5.448
12.018	5.424
12.036	5.401
12.055	5.379
12.074	5.357
12.094	5.336
12.115	5.315
12.136	5.293
12.157	5.271
12.180	5.247
12.203	5.223
12.226	5.198
12.250	5.171
12.275	5.144
12.300	5.115
12.325	5.087
12.351	5.058
12.377	5.029
12.404	5.000
12.430	4.972
12.457	4.944
12.484	4.916
12.510	4.890
12.537	4.864
12.564	4.840
12.590	4.818
12.617	4.796
12.643	4.776
12.670	4.757
12.697	4.738
12.724	4.719
12.751	4.701
12.779	4.682
12.808	4.662
12.837	4.642
12.867	4.620
12.898	4.597
12.930	4.573
12.963	4.546
12.997	4.517
13.032	4.486
13.068	4.454
13.104	4.421
13.139	4.389
13.175	4.357
13.210	4.326
13.244	4.298
13.277	4.272
13.308	4.249
13.337	4.230
13.364	4.215
13.389	4.205
13.410	4.202
13.428	4.204
13.443	4.213
13.456	4.228
13.466	4.247
13.476	4.268
13.486	4.290
13.497	4.312
13.510	4.331
13.526	4.346
13.545	4.355
13.569	4.359
13.597	4.357
13.628	4.350
13.662	4.338
13.697	4.324
13.735	4.306
13.774	4.286
13.814	4.264
13.854	4.241
13.894	4.217
13.934	4.193
13.972	4.170
14.009	4.149
14.044	4.129
14.076	4.112
14.106	4.097
14.134	4.085
14.160	4.074
14.186	4.064
14.211	4.055
14.236	4.047
14.261	4.038
14.287	4.029
14.314	4.019
14.343	4.008
14.374	3.995
14.408	3.979
14.445	3.962
14.483	3.942
14.524	3.921
14.567	3.897
14.612	3.873
14.659	3.846
14.708	3.819
14.757	3.790
14.809	3.760
14.861	3.729
14.914	3.698
14.969	3.665
15.024	3.632
15.080	3.599
15.136	3.565
15.193	3.531
15.249	3.497
15.306	3.463
15.363	3.429
15.419	3.396
15.476	3.362
15.531	3.330
15.586	3.298
15.640	3.266
15.694	3.236
15.747	3.205
15.800	3.176
15.851	3.147
15.903	3.118
15.953	3.090
16.003	3.062
16.052	3.035
16.100	3.008
16.148	2.982
16.195	2.956
16.241	2.931
16.287	2.906
16.331	2.881
16.375	2.857
16.419	2.833
16.461	2.810
16.503	2.786
16.544	2.764
16.584	2.741
16.623	2.719
16.662	2.697
16.700	2.675
16.738	2.653
16.775	2.631
16.813	2.610
16.849	2.588
16.886	2.567
16.923	2.545
16.960	2.523
16.997	2.502
17.034	2.480
17.072	2.458
17.110	2.435
17.149	2.413
17.188	2.390
17.228	2.366
17.269	2.343
17.310	2.319
17.351	2.294
17.394	2.270
17.436	2.245
17.479	2.220
17.523	2.195
17.566	2.170
17.610	2.145
17.654	2.120
17.699	2.094
17.743	2.069
17.787	2.044
17.831	2.018
17.875	1.993
17.919	1.968
17.963	1.943
18.006	1.919
18.050	1.894
18.092	1.870
18.135	1.846
18.177	1.822
18.219	1.799
18.261	1.776
18.303	1.753
18.345	1.731
18.386	1.708
18.428	1.687
18.470	1.665
18.513	1.644
18.555	1.624
18.598	1.604
18.641	1.584
18.684	1.565
18.728	1.546
18.772	1.528
18.817	1.510
18.863	1.493
18.909	1.476
18.955	1.460
19.002	1.444
19.050	1.429
19.098	1.414
19.146	1.400
19.195	1.386
19.244	1.372
19.293	1.358
19.342	1.345
19.392	1.332
19.442	1.319
19.492	1.307
19.542	1.294
19.591	1.282
19.641	1.270
19.691	1.258
19.741	1.246
19.791	1.234
19.840	1.222
19.889	1.210
19.939	1.199
19.987	1.187
20.036	1.175
20.084	1.164
20.132	1.152
20.180	1.141
20.227	1.129
20.275	1.118
20.321	1.107
20.367	1.096
20.413	1.085
20.459	1.074
20.504	1.064
20.548	1.053
20.592	1.043
20.636	1.033
20.679	1.023
20.721	1.013
20.763	1.004
20.804	0.995
20.845	0.987
20.884	0.981
20.923	0.975
20.960	0.971
20.997	0.969
21.032	0.969
21.067	0.971
21.100	0.975
21.131	0.981
21.161	0.991
21.190	1.003
21.217	1.019
21.243	1.038
21.268	1.059
21.290	1.083
21.312	1.109
21.332	1.137
21.351	1.166
21.368	1.198
21.385	1.230
21.400	1.264
21.414	1.298
21.427	1.333
21.439	1.369
21.450	1.404
21.460	1.439
21.469	1.475
21.477	1.510
21.484	1.546
21.491	1.582
21.497	1.618
21.502	1.655
21.507	1.692
21.511	1.729
21.515	1.767
21.518	1.806
21.521	1.845
21.524	1.884
21.526	1.925
21.529	1.966
21.531	2.008
21.532	2.050
21.534	2.093
21.536	2.137
21.537	2.180
21.538	2.225
21.539	2.269
21.541	2.314
21.542	2.359
21.542	2.404
21.543	2.449
21.544	2.494
21.545	2.538
21.546	2.583
21.546	2.627
21.547	2.671
21.548	2.715
21.549	2.758
21.550	2.801
21.550	2.843
21.550	2.885
21.551	2.927
21.550	2.968
21.550	3.008
21.549	3.048
21.547	3.087
21.545	3.126
21.543	3.165
21.540	3.202
21.536	3.240
21.531	3.276
21.525	3.313
21.519	3.348
21.512	3.383
21.504	3.418
21.496	3.452
21.487	3.486
21.479	3.520
21.470	3.554
21.462	3.588
21.453	3.623
21.445	3.657
21.438	3.692
21.431	3.727
21.425	3.763
21.420	3.799
21.416	3.836
21.412	3.873
21.409	3.910
21.406	3.947
21.402	3.983
21.397	4.019
21.391	4.054
21.384	4.087
21.375	4.119
21.364	4.150
21.351	4.178
21.335	4.204
21.316	4.227
21.294	4.248
21.269	4.267
21.243	4.283
21.217	4.299
21.192	4.313
21.168	4.328
21.147	4.342
21.129	4.357
21.116	4.373
21.109	4.390
21.108	4.410
21.113	4.431
21.122	4.454
21.136	4.478
21.152	4.504
21.170	4.530
21.189	4.558
21.208	4.586
21.225	4.615
21.239	4.644
21.251	4.673
21.258	4.701
21.260	4.730
21.258	4.759
21.251	4.787
21.241	4.816
21.228	4.844
21.212	4.873
21.193	4.902
21.172	4.931
21.150	4.961
21.125	4.991
21.100	5.022
21.074	5.054
21.047	5.086
21.020	5.119
20.993	5.152
20.966	5.186
20.939	5.219
20.912	5.253
20.885	5.287
20.859	5.321
20.833	5.354
20.808	5.387
20.783	5.418
20.759	5.450
20.735	5.480
20.713	5.509
20.691	5.536
20.671	5.562
20.651	5.587
20.633	5.610
20.615	5.632
20.598	5.653
20.581	5.673
20.564	5.692
20.546	5.710
20.529	5.728
20.511	5.746
20.492	5.764
20.472	5.781
20.450	5.799
20.428	5.817
20.405	5.835
20.380	5.854
20.355	5.872
20.329	5.891
20.303	5.909
20.276	5.928
20.248	5.948
20.220	5.967
20.192	5.986
20.164	6.006
20.135	6.026
20.106	6.046
20.077	6.066
20.047	6.085
20.017	6.104
19.986	6.123
19.955	6.141
19.922	6.158
19.889	6.174
19.855	6.189
19.821	6.202
19.785	6.214
19.747	6.225
19.709	6.234
19.669	6.240
19.628	6.246
19.586	6.249
19.543	6.251
19.499	6.251
19.454	6.251
19.408	6.249
19.362	6.246
19.315	6.242
19.268	6.238
19.220	6.233
19.172	6.227
19.124	6.221
19.076	6.215
19.029	6.209
18.981	6.203
18.934	6.197
18.887	6.192
18.840	6.187
18.794	6.182
18.749	6.178
18.703	6.175
18.659	6.172
18.614	6.170
18.570	6.168
18.526	6.167
18.483	6.167
18.439	6.167
18.396	6.168
18.353	6.170
18.310	6.173
18.268	6.176
18.225	6.181
18.183	6.186
18.140	6.192
18.097	6.199
18.055	6.207
18.012	6.215
17.970	6.224
17.927	6.234
17.884	6.244
17.841	6.254
17.798	6.265
17.755	6.276
17.712	6.287
17.668	6.298
17.625	6.308
17.581	6.319
17.537	6.329
17.492	6.339
17.448	6.348
17.403	6.356
17.358	6.364
17.312	6.371
17.267	6.378
17.221	6.384
17.174	6.389
17.128	6.394
17.081	6.398
17.034	6.403
16.987	6.407
16.939	6.410
16.892	6.414
16.844	6.417
16.796	6.420
16.748	6.424
16.699	6.427
16.651	6.431
16.602	6.435
16.553	6.439
16.504	6.443
16.455	6.448
16.406	6.453
16.357	6.459
16.307	6.465
16.257	6.471
16.206	6.477
16.156	6.483
16.104	6.489
16.052	6.495
16.000	6.501
15.947	6.507
15.893	6.513
15.838	6.518
15.783	6.524
15.727	6.528
15.669	6.533
15.611	6.537
15.552	6.541
15.492	6.544
15.431	6.546
15.368	6.548
15.304	6.549
15.239	6.549
15.173	6.549
15.106	6.548
15.039	6.546
14.970	6.544
14.901	6.542
14.831	6.539
14.761	6.536
14.690	6.532
14.619	6.528
14.549	6.524
14.478	6.520
14.407	6.515
14.336	6.511
14.266	6.506
14.196	6.502
14.126	6.497
14.057	6.492
13.989	6.488
13.921	6.484
13.855	6.480
13.789	6.476
13.725	6.472
13.661	6.469
13.599	6.466
13.539	6.464
13.480	6.462
13.422	6.460
13.366	6.459
13.311	6.458
13.257	6.457
13.204	6.457
13.152	6.457
13.101	6.457
13.051	6.458
13.002	6.458
12.954	6.459
12.906	6.459
12.859	6.460
12.813	6.461
12.767	6.462
12.721	6.462
12.676	6.463
12.631	6.464
12.586	6.464
12.542	6.464
12.497	6.464
12.453	6.464
12.409	6.463
12.366	6.461
12.324	6.459
12.283	6.456
12.242	6.452
12.203	6.447
12.165	6.441
12.129	6.433
12.094	6.424
12.061	6.414
12.030	6.402
12.001	6.388
11.974	6.372
11.949	6.355
11.926	6.336
11.904	6.315
11.884	6.292
11.865	6.268
11.847	6.243
11.829	6.216
11.811	6.188
11.793	6.159
11.775	6.130
11.756	6.099
11.736	6.067
11.716	6.035
11.695	6.003
11.673	5.971
11.653	5.940
11.634	5.911
11.618	5.883
11.604	5.858
11.594	5.837
11.587	5.818
11.586	5.804
11.590	5.795
