X,Y
1365.000,817.000
1366.135,814.463
1367.259,811.815
1368.374,809.074
1369.480,806.255
1370.578,803.377
1371.671,800.455
1372.758,797.506
1373.842,794.548
1374.923,791.597
1376.002,788.671
1377.081,785.785
1378.161,782.953
1379.246,780.171
1380.338,777.433
1381.443,774.733
1382.562,772.065
1383.700,769.423
1384.861,766.802
1386.047,764.194
1387.263,761.594
1388.512,758.997
1389.797,756.395
1391.119,753.785
1392.475,751.162
1393.864,748.522
1395.284,745.862
1396.731,743.177
1398.205,740.465
1399.703,737.720
1401.223,734.939
1402.764,732.118
1404.322,729.253
1405.896,726.340
1407.487,723.381
1409.100,720.379
1410.739,717.338
1412.408,714.264
1414.112,711.160
1415.854,708.031
1417.640,704.880
1419.472,701.714
1421.356,698.534
1423.296,695.348
1425.296,692.157
1427.360,688.967
1429.492,685.783
1431.692,682.605
1433.953,679.437
1436.272,676.278
1438.644,673.130
1441.065,669.995
1443.530,666.874
1446.035,663.768
1448.575,660.678
1451.145,657.606
1453.741,654.553
1456.360,651.520
1458.995,648.508
1461.642,645.520
1464.298,642.555
1466.958,639.614
1469.622,636.695
1472.288,633.795
1474.954,630.912
1477.619,628.045
1480.281,625.191
1482.939,622.348
1485.591,619.514
1488.236,616.688
1490.871,613.866
1493.496,611.046
1496.109,608.228
1498.709,605.408
1501.293,602.584
1503.862,599.759
1506.416,596.936
1508.954,594.119
1511.479,591.315
1513.989,588.526
1516.486,585.759
1518.970,583.017
1521.442,580.305
1523.901,577.628
1526.349,574.990
1528.785,572.396
1531.210,569.851
1533.625,567.359
1536.033,564.920
1538.440,562.525
1540.854,560.164
1543.283,557.826
1545.734,555.501
1548.216,553.180
1550.735,550.851
1553.300,548.505
1555.918,546.131
1558.596,543.720
1561.343,541.260
1564.165,538.743
1567.071,536.159
1570.055,533.510
1573.109,530.808
1576.225,528.062
1579.392,525.282
1582.603,522.479
1585.847,519.662
1589.115,516.842
1592.398,514.029
1595.688,511.234
1598.975,508.465
1602.250,505.734
1605.504,503.050
1608.727,500.424
1611.911,497.866
1615.047,495.385
1618.130,492.982
1621.158,490.649
1624.131,488.382
1627.047,486.174
1629.904,484.018
1632.701,481.909
1635.436,479.841
1638.108,477.807
1640.715,475.801
1643.256,473.817
1645.729,471.848
1648.134,469.890
1650.470,467.935
1652.752,465.980
1654.995,464.022
1657.213,462.055
1659.421,460.076
1661.634,458.082
1663.867,456.068
1666.136,454.030
1668.455,451.966
1670.840,449.870
1673.304,447.739
1675.860,445.570
1678.506,443.363
1681.240,441.116
1684.059,438.831
1686.960,436.505
1689.941,434.140
1692.999,431.735
1696.130,429.289
1699.334,426.803
1702.606,424.275
1705.944,421.707
1709.345,419.096
1712.807,416.444
1716.327,413.750
1719.900,411.015
1723.521,408.244
1727.180,405.443
1730.871,402.617
1734.584,399.774
1738.313,396.919
1742.049,394.057
1745.784,391.195
1749.511,388.339
1753.221,385.495
1756.907,382.668
1760.561,379.864
1764.175,377.090
1767.740,374.351
1771.250,371.654
1774.696,369.004
1778.070,366.406
1781.373,363.862
1784.607,361.367
1787.777,358.917
1790.888,356.510
1793.942,354.141
1796.945,351.806
1799.901,349.501
1802.813,347.224
1805.685,344.969
1808.523,342.734
1811.329,340.515
1814.108,338.308
1816.865,336.108
1819.604,333.914
1822.334,331.727
1825.069,329.550
1827.817,327.385
1830.591,325.237
1833.402,323.107
1836.261,320.999
1839.179,318.916
1842.167,316.861
1845.237,314.836
1848.399,312.844
1851.665,310.890
1855.046,308.974
1858.548,307.100
1862.154,305.262
1865.842,303.454
1869.591,301.670
1873.379,299.905
1877.185,298.151
1880.987,296.404
1884.764,294.656
1888.493,292.902
1892.154,291.136
1895.724,289.351
1899.182,287.543
1902.507,285.703
1905.677,283.828
1908.671,281.910
1911.493,279.954
1914.168,277.968
1916.720,275.965
1919.173,273.954
1921.551,271.946
1923.880,269.951
1926.185,267.981
1928.488,266.045
1930.816,264.154
1933.192,262.319
1935.641,260.550
1938.176,258.851
1940.791,257.212
1943.476,255.622
1946.222,254.071
1949.019,252.547
1951.858,251.039
1954.729,249.536
1957.624,248.029
1960.532,246.504
1963.445,244.952
1966.352,243.362
1969.246,241.723
1972.126,240.042
1974.993,238.327
1977.850,236.590
1980.700,234.842
1983.545,233.093
1986.387,231.354
1989.229,229.636
1992.073,227.949
1994.922,226.305
1997.778,224.713
2000.643,223.185
2003.520,221.729
2006.405,220.341
2009.294,219.011
2012.185,217.730
2015.072,216.490
2017.952,215.282
2020.821,214.095
2023.675,212.922
2026.510,211.752
2029.322,210.578
2032.107,209.389
2034.861,208.177
2037.581,206.946
2040.267,205.704
2042.915,204.460
2045.523,203.223
2048.091,202.003
2050.616,200.809
2053.095,199.649
2055.529,198.534
2057.913,197.471
2060.248,196.470
2062.540,195.524
2064.804,194.612
2067.058,193.711
2069.315,192.802
2071.593,191.863
2073.906,190.871
2076.271,189.807
2078.703,188.647
2081.218,187.373
2083.821,185.982
2086.506,184.491
2089.269,182.920
2092.103,181.287
2095.003,179.611
2097.963,177.911
2100.978,176.206
2104.042,174.514
2107.149,172.854
2110.294,171.245
2113.472,169.706
2116.675,168.254
2119.902,166.894
2123.152,165.616
2126.423,164.410
2129.716,163.265
2133.028,162.171
2136.359,161.118
2139.709,160.096
2143.076,159.094
2146.460,158.103
2149.860,157.112
2153.275,156.111
2156.705,155.089
2160.147,154.039
2163.600,152.962
2167.058,151.865
2170.518,150.752
2173.977,149.630
2177.430,148.503
2180.874,147.377
2184.305,146.259
2187.719,145.153
2191.111,144.064
2194.479,142.999
2197.819,141.964
2201.126,140.962
2204.398,140.000
2207.641,139.077
2210.858,138.193
2214.057,137.347
2217.242,136.539
2220.420,135.768
2223.596,135.033
2226.775,134.335
2229.964,133.672
2233.168,133.045
2236.392,132.452
2239.643,131.892
2242.921,131.366
2246.220,130.869
2249.531,130.399
2252.844,129.952
2256.151,129.525
2259.444,129.115
2262.713,128.718
2265.950,128.332
2269.145,127.952
2272.291,127.576
2275.379,127.201
2278.399,126.823
2281.355,126.442
2284.262,126.058
2287.135,125.672
2289.990,125.287
2292.842,124.903
2295.707,124.521
2298.600,124.143
2301.536,123.770
2304.532,123.404
2307.602,123.045
2310.758,122.697
2313.989,122.369
2317.274,122.076
2320.594,121.831
2323.928,121.648
2327.256,121.540
2330.558,121.521
2333.815,121.605
2337.005,121.805
2340.109,122.134
2343.107,122.607
2345.979,123.236
2348.719,124.009
2351.339,124.875
2353.857,125.779
2356.287,126.667
2358.645,127.485
2360.946,128.177
2363.205,128.691
2365.438,128.972
2367.662,128.965
2369.884,128.665
2372.105,128.145
2374.324,127.487
2376.541,126.774
2378.752,126.087
2380.959,125.508
2383.160,125.120
2385.353,125.003
2387.529,125.210
2389.662,125.715
2391.719,126.485
2393.668,127.483
2395.480,128.673
2397.124,130.019
2398.566,131.487
2399.780,133.041
2400.765,134.675
2401.542,136.394
2402.132,138.207
2402.554,140.121
2402.829,142.143
2402.976,144.281
2403.015,146.541
2402.947,148.897
2402.762,151.309
2402.450,153.735
2402.000,156.131
2401.402,158.456
2400.646,160.668
2399.722,162.724
2398.620,164.583
2397.353,166.240
2395.965,167.746
2394.509,169.160
2393.032,170.538
2391.584,171.939
2390.216,173.418
2388.976,175.035
2387.910,176.829
2387.045,178.782
2386.405,180.858
2386.012,183.023
2385.891,185.243
2386.063,187.483
2386.554,189.710
2387.384,191.889
2388.538,194.005
2389.952,196.066
2391.559,198.081
2393.290,200.058
2395.078,202.006
2396.857,203.936
2398.558,205.856
2400.115,207.774
2401.460,209.701
2402.561,211.643
2403.433,213.602
2404.094,215.583
2404.563,217.589
2404.859,219.621
2405.000,221.685
2405.006,223.782
2404.896,225.916
2404.695,228.089
2404.429,230.303
2404.125,232.559
2403.809,234.859
2403.506,237.206
2403.245,239.600
2403.051,242.045
2402.949,244.540
2402.946,247.068
2403.035,249.601
2403.207,252.109
2403.456,254.561
2403.773,256.928
2404.151,259.180
2404.582,261.288
2405.059,263.221
2405.565,264.972
2406.059,266.596
2406.495,268.158
2406.826,269.723
2407.007,271.358
2406.992,273.127
2406.759,275.077
2406.367,277.195
2405.889,279.453
2405.399,281.824
2404.972,284.283
2404.682,286.801
2404.602,289.354
2404.808,291.913
2405.365,294.452
2406.240,296.948
2407.309,299.381
2408.447,301.730
2409.529,303.974
2410.431,306.094
2411.029,308.067
2411.196,309.875
2410.810,311.497
2409.850,312.938
2408.460,314.245
2406.799,315.468
2405.026,316.658
2403.301,317.865
2401.781,319.139
2400.625,320.530
2399.910,322.049
2399.604,323.654
2399.667,325.298
2400.057,326.935
2400.734,328.519
2401.655,330.008
2402.764,331.414
2403.998,332.784
2405.293,334.164
2406.585,335.601
2407.810,337.140
2408.904,338.828
2409.812,340.703
2410.527,342.760
2411.059,344.979
2411.416,347.339
2411.609,349.821
2411.646,352.403
2411.536,355.067
2411.290,357.792
2410.915,360.557
2410.425,363.338
2409.839,366.097
2409.178,368.793
2408.462,371.389
2407.711,373.845
2406.946,376.122
2406.187,378.180
2405.455,379.980
2404.769,381.484
2404.098,382.708
2403.335,383.747
2402.366,384.705
2401.076,385.684
2399.353,386.787
2397.109,388.103
2394.432,389.622
2391.485,391.293
2388.431,393.063
2385.434,394.884
2382.655,396.702
2380.258,398.467
2378.405,400.128
2377.260,401.634
2376.986,402.933
2377.697,403.987
2379.278,404.820
2381.549,405.471
2384.326,405.983
2387.428,406.395
2390.672,406.750
2393.877,407.088
2396.860,407.451
2399.439,407.878
2401.457,408.408
2402.975,409.043
2404.164,409.769
2405.197,410.570
2406.249,411.432
2407.490,412.340
2408.973,413.296
2410.587,414.323
2412.208,415.447
2413.712,416.693
2414.975,418.087
2415.872,419.654
2416.299,421.414
2416.294,423.351
2415.962,425.431
2415.405,427.622
2414.729,429.890
2414.037,432.202
2413.433,434.523
2413.021,436.821
2412.885,439.069
2413.003,441.274
2413.318,443.454
2413.777,445.626
2414.323,447.808
2414.900,450.017
2415.455,452.273
2415.930,454.591
2416.277,456.986
2416.488,459.448
2416.575,461.957
2416.546,464.492
2416.412,467.033
2416.184,469.560
2415.871,472.052
2415.483,474.488
2415.032,476.848
2414.529,479.118
2414.001,481.305
2413.479,483.426
2412.992,485.496
2412.571,487.531
2412.246,489.548
2412.047,491.562
2412.005,493.589
2412.120,495.633
2412.338,497.680
2412.602,499.711
2412.853,501.709
2413.035,503.658
2413.089,505.538
2412.958,507.334
2412.614,509.046
2412.098,510.713
2411.462,512.381
2410.757,514.097
2410.035,515.906
2409.346,517.855
2408.740,519.987
2408.242,522.311
2407.842,524.790
2407.531,527.389
2407.301,530.068
2407.140,532.792
2407.040,535.521
2406.990,538.220
2406.982,540.851
2407.005,543.376
2407.053,545.771
2407.126,548.047
2407.224,550.218
2407.350,552.302
2407.503,554.312
2407.685,556.266
2407.898,558.178
2408.141,560.064
2408.401,561.941
2408.653,563.828
2408.872,565.742
2409.031,567.703
2409.106,569.728
2409.072,571.835
2408.904,574.043
2408.611,576.347
2408.238,578.722
2407.834,581.141
2407.445,583.576
2407.119,586.000
2406.903,588.386
2406.845,590.708
2406.992,592.937
2407.377,595.056
2407.968,597.088
2408.716,599.065
2409.572,601.022
2410.488,602.991
2411.415,605.008
2412.303,607.104
2413.104,609.313
2413.781,611.655
2414.333,614.107
2414.764,616.644
2415.076,619.236
2415.274,621.858
2415.361,624.480
2415.340,627.077
2415.216,629.619
2414.991,632.081
2414.672,634.443
2414.272,636.719
2413.807,638.931
2413.293,641.100
2412.745,643.247
2412.179,645.393
2411.611,647.560
2411.056,649.769
2410.529,652.036
2410.036,654.350
2409.582,656.692
2409.172,659.042
2408.811,661.380
2408.501,663.686
2408.250,665.940
2408.060,668.123
2407.935,670.215
2407.858,672.220
2407.799,674.153
2407.726,676.032
2407.606,677.877
2407.409,679.703
2407.100,681.531
2406.655,683.375
2406.095,685.249
2405.467,687.162
2404.817,689.124
2404.193,691.142
2403.642,693.227
2403.210,695.388
2402.945,697.634
2402.859,699.950
2402.900,702.278
2403.011,704.555
2403.136,706.721
2403.217,708.712
2403.196,710.467
2403.017,711.923
2402.632,713.047
2402.043,713.949
2401.265,714.780
2400.314,715.691
2399.208,716.823
2397.993,718.204
2396.730,719.798
2395.481,721.566
2394.308,723.470
2393.272,725.473
2392.435,727.538
2391.858,729.625
2391.550,731.699
2391.432,733.723
2391.416,735.664
2391.415,737.485
2391.340,739.152
2391.105,740.630
2390.634,741.892
2389.970,742.986
2389.224,744.004
2388.506,745.038
2387.927,746.180
2387.554,747.494
2387.346,748.977
2387.244,750.613
2387.187,752.387
2387.116,754.284
2386.973,756.289
2386.732,758.373
2386.461,760.469
2386.242,762.503
2386.156,764.403
2386.285,766.095
2386.711,767.506
2387.507,768.571
2388.605,769.355
2389.822,770.028
2390.969,770.765
2391.859,771.740
2392.326,773.105
2392.372,774.859
2392.076,776.923
2391.517,779.219
2390.776,781.670
2389.932,784.197
2389.066,786.722
2388.258,789.168
2387.581,791.461
2387.046,793.592
2386.616,795.595
2386.255,797.505
2385.927,799.356
2385.596,801.183
2385.224,803.021
2384.776,804.903
2384.248,806.846
2383.669,808.846
2383.069,810.896
2382.479,812.993
2381.928,815.131
2381.447,817.306
2381.067,819.512
2380.811,821.744
2380.654,823.989
2380.547,826.233
2380.441,828.459
2380.287,830.652
2380.035,832.798
2379.636,834.881
2379.042,836.885
2378.220,838.796
2377.216,840.611
2376.100,842.325
2374.943,843.936
2373.814,845.441
2372.785,846.837
2371.924,848.122
2371.265,849.307
2370.727,850.451
2370.210,851.617
2369.612,852.874
2368.833,854.285
2367.820,855.889
2366.632,857.665
2365.342,859.580
2364.025,861.604
2362.755,863.704
2361.605,865.850
2360.649,868.011
2359.961,870.154
2359.581,872.258
2359.439,874.325
2359.446,876.365
2359.510,878.388
2359.540,880.402
2359.445,882.417
2359.135,884.441
2358.527,886.482
2357.625,888.512
2356.481,890.488
2355.146,892.368
2353.670,894.107
2352.106,895.662
2350.505,896.990
2348.919,898.047
2347.388,898.822
2345.916,899.417
2344.496,899.954
2343.125,900.560
2341.797,901.359
2340.509,902.473
2339.257,903.931
2338.049,905.639
2336.889,907.490
2335.782,909.380
2334.733,911.204
2333.749,912.857
2332.833,914.234
2331.977,915.294
2331.138,916.143
2330.270,916.907
2329.324,917.714
2328.259,918.680
2327.067,919.816
2325.766,921.067
2324.375,922.379
2322.910,923.694
2321.390,924.959
2319.833,926.117
2318.250,927.133
2316.633,928.035
2314.972,928.860
2313.256,929.647
2311.475,930.433
2309.616,931.257
2307.671,932.156
2305.638,933.152
2303.542,934.225
2301.412,935.349
2299.276,936.501
2297.165,937.653
2295.105,938.781
2293.127,939.860
2291.259,940.863
2289.521,941.769
2287.875,942.588
2286.261,943.337
2284.621,944.036
2282.895,944.702
2281.024,945.356
2278.949,946.016
2276.631,946.695
2274.112,947.388
2271.451,948.086
2268.708,948.778
2265.941,949.455
2263.211,950.106
2260.577,950.722
2258.098,951.294
2255.835,951.810
2253.840,952.263
2252.090,952.655
2250.499,952.999
2248.978,953.308
2247.441,953.595
2245.800,953.874
2243.971,954.155
2241.931,954.442
2239.709,954.727
2237.340,955.003
2234.854,955.263
2232.286,955.498
2229.666,955.702
2227.028,955.867
2224.405,955.986
2221.824,956.053
2219.297,956.076
2216.825,956.066
2214.409,956.036
2212.050,956.000
2209.751,955.968
2207.513,955.954
2205.337,955.969
2203.225,956.027
2201.178,956.129
2199.192,956.266
2197.265,956.426
2195.395,956.598
2193.579,956.770
2191.815,956.931
2190.100,957.069
2188.425,957.160
2186.774,957.166
2185.132,957.050
2183.483,956.776
2181.812,956.305
2180.104,955.604
2178.354,954.687
2176.564,953.613
2174.739,952.445
2172.883,951.245
2171.000,950.074
2169.094,948.996
2167.169,948.072
2165.229,947.352
2163.277,946.825
2161.315,946.460
2159.346,946.227
2157.372,946.094
2155.396,946.030
2153.421,946.004
2151.450,945.987
2149.488,945.973
2147.542,945.963
2145.622,945.958
2143.733,945.962
2141.884,945.974
2140.081,945.999
2138.332,946.034
2136.645,946.071
2135.024,946.096
2133.479,946.096
2132.014,946.059
2130.637,945.971
2129.331,945.844
2128.034,945.733
2126.683,945.699
2125.211,945.800
2123.554,946.098
2121.696,946.623
2119.715,947.351
2117.698,948.251
2115.733,949.293
2113.908,950.447
2112.310,951.682
2111.027,952.968
2110.121,954.280
2109.544,955.616
2109.218,956.979
2109.064,958.372
2109.005,959.801
2108.959,961.260
2108.829,962.692
2108.509,964.022
2107.895,965.175
2106.881,966.074
2105.405,966.672
2103.532,967.000
2101.349,967.107
2098.944,967.040
2096.406,966.846
2093.821,966.574
2091.278,966.271
2088.865,965.985
2086.644,965.747
2084.597,965.540
2082.687,965.332
2080.876,965.093
2079.128,964.794
2077.407,964.405
2075.675,963.895
2073.901,963.243
2072.063,962.451
2070.143,961.522
2068.122,960.462
2065.981,959.272
2063.700,957.959
2061.262,956.525
2058.646,954.974
2055.834,953.312
2052.825,951.546
2049.639,949.692
2046.298,947.766
2042.824,945.783
2039.238,943.759
2035.563,941.709
2031.820,939.649
2028.031,937.594
2024.218,935.560
2020.403,933.563
2016.607,931.619
2012.852,929.742
2009.160,927.949
2005.554,926.255
2002.051,924.672
1998.648,923.198
1995.334,921.823
1992.099,920.536
1988.930,919.327
1985.816,918.186
1982.745,917.103
1979.707,916.068
1976.690,915.070
1973.683,914.100
1970.673,913.148
1967.651,912.203
1964.605,911.255
1961.533,910.302
1958.436,909.342
1955.314,908.374
1952.169,907.396
1949.002,906.408
1945.813,905.408
1942.604,904.395
1939.375,903.368
1936.127,902.326
1932.862,901.268
1929.580,900.191
1926.282,899.097
1922.968,897.982
1919.639,896.847
1916.295,895.691
1912.934,894.513
1909.559,893.312
1906.167,892.088
1902.760,890.839
1899.338,889.565
1895.900,888.264
1892.447,886.937
1888.979,885.582
1885.495,884.198
1881.996,882.786
1878.488,881.349
1874.976,879.893
1871.469,878.424
1867.973,876.946
1864.494,875.466
1861.039,873.989
1857.616,872.521
1854.230,871.067
1850.889,869.633
1847.599,868.224
1844.367,866.847
1841.200,865.505
1838.104,864.206
1835.072,862.951
1832.087,861.740
1829.135,860.575
1826.198,859.456
1823.260,858.383
1820.305,857.356
1817.316,856.376
1814.278,855.443
1811.174,854.558
1807.988,853.720
1804.703,852.932
1801.313,852.191
1797.841,851.494
1794.316,850.837
1790.767,850.215
1787.223,849.625
1783.711,849.060
1780.263,848.519
1776.905,847.995
1773.667,847.485
1770.579,846.984
1767.668,846.488
1764.963,845.993
1762.481,845.495
1760.187,844.993
1758.035,844.489
1755.979,843.983
1753.972,843.476
1751.970,842.968
1749.925,842.460
1747.791,841.951
1745.537,841.445
1743.174,840.945
1740.720,840.456
1738.194,839.982
1735.616,839.529
1733.004,839.102
1730.377,838.704
1727.754,838.341
1725.154,838.018
1722.592,837.739
1720.059,837.512
1717.542,837.341
1715.025,837.234
1712.495,837.196
1709.938,837.235
1707.338,837.356
1704.681,837.567
1701.954,837.872
1699.142,838.278
1696.252,838.774
1693.300,839.341
1690.301,839.957
1687.274,840.602
1684.234,841.256
1681.198,841.899
1678.184,842.510
1675.207,843.069
1672.285,843.555
1669.434,843.949
1666.667,844.233
1663.979,844.420
1661.355,844.533
1658.780,844.594
1656.239,844.625
1653.719,844.650
1651.205,844.691
1648.682,844.771
1646.136,844.912
1643.553,845.136
1640.934,845.441
1638.294,845.803
1635.647,846.200
1633.008,846.609
1630.391,847.007
1627.811,847.370
1625.283,847.674
1622.820,847.898
1620.438,848.018
1618.136,848.029
1615.886,847.962
1613.654,847.853
1611.409,847.738
1609.117,847.652
1606.747,847.631
1604.266,847.710
1601.641,847.926
1598.847,848.305
1595.924,848.808
1592.942,849.360
1589.972,849.887
1587.086,850.315
1584.354,850.570
1581.847,850.577
1579.636,850.263
1577.792,849.552
1576.385,848.376
1575.431,846.748
1574.896,844.779
1574.740,842.580
1574.926,840.264
1575.415,837.943
1576.169,835.731
1577.149,833.740
1578.322,832.037
1579.667,830.574
1581.165,829.284
1582.798,828.098
1584.546,826.948
1586.391,825.766
1588.313,824.484
1590.292,823.040
1592.264,821.442
1594.141,819.747
1595.833,818.011
1597.252,816.291
1598.307,814.645
1598.909,813.129
1598.969,811.800
1598.444,810.696
1597.405,809.801
1595.942,809.094
1594.143,808.552
1592.099,808.154
1589.896,807.877
1587.585,807.707
1585.177,807.633
1582.682,807.648
1580.109,807.741
1577.468,807.904
1574.768,808.128
1572.019,808.404
1569.231,808.723
1566.413,809.076
1563.573,809.454
1560.712,809.850
1557.830,810.259
1554.930,810.673
1552.010,811.085
1549.073,811.490
1546.119,811.879
1543.148,812.248
1540.163,812.588
1537.163,812.893
1534.150,813.157
1531.134,813.387
1528.133,813.597
1525.165,813.801
1522.246,814.016
1519.395,814.255
1516.629,814.533
1513.965,814.866
1511.421,815.268
1509.015,815.754
1506.761,816.339
1504.643,817.015
1502.615,817.760
1500.629,818.549
1498.640,819.358
1496.599,820.165
1494.461,820.943
1492.178,821.671
1489.706,822.325
1487.041,822.905
1484.218,823.436
1481.275,823.941
1478.249,824.444
1475.177,824.972
1472.098,825.547
1469.047,826.194
1466.064,826.938
1463.185,827.803
1460.447,828.813
1457.881,829.989
1455.479,831.321
1453.211,832.790
1451.050,834.376
1448.969,836.056
1446.940,837.812
1444.937,839.622
1442.930,841.466
1440.893,843.323
1438.799,845.174
1436.626,847.000
1434.375,848.789
1432.050,850.532
1429.654,852.219
1427.193,853.839
1424.669,855.384
1422.088,856.842
1419.452,858.205
1416.767,859.462
1414.035,860.604
1411.263,861.621
1408.458,862.524
1405.635,863.336
1402.808,864.080
1399.989,864.781
1397.193,865.462
1394.432,866.146
1391.721,866.856
1389.073,867.618
1386.502,868.453
1384.020,869.385
1381.638,870.396
1379.358,871.417
1377.183,872.375
1375.116,873.196
1373.159,873.807
1371.317,874.136
1369.590,874.110
1367.983,873.660
1366.492,872.787
1365.115,871.536
1363.844,869.954
1362.676,868.087
1361.606,865.983
1360.629,863.688
1359.740,861.250
1358.940,858.706
1358.238,856.082
1357.643,853.402
1357.168,850.691
1356.821,847.972
1356.613,845.270
1356.553,842.608
1356.653,840.011
1356.923,837.503
1357.369,835.103
1357.979,832.798
1358.732,830.561
1359.605,828.365
1360.576,826.180
1361.623,823.978
1362.724,821.733
1363.857,819.417
1365.000,817.000
