X	Y
354.000	251.000
355.231	249.301
356.615	247.928
358.122	246.816
359.722	245.898
361.388	245.110
363.089	244.384
364.797	243.657
366.515	242.904
368.278	242.145
370.125	241.400
372.091	240.690
374.215	240.037
376.533	239.463
379.084	238.987
381.889	238.624
384.914	238.365
388.114	238.193
391.443	238.091
394.854	238.044
398.302	238.036
401.739	238.051
405.120	238.072
408.399	238.085
411.530	238.071
414.466	238.016
417.170	237.907
419.655	237.754
421.962	237.575
424.130	237.392
426.197	237.223
428.203	237.089
430.187	237.009
432.188	237.003
434.236	237.078
436.334	237.203
438.483	237.339
440.679	237.447
442.921	237.488
445.209	237.425
447.540	237.217
449.914	236.827
452.321	236.257
454.747	235.562
457.175	234.798
459.589	234.026
461.971	233.302
464.307	232.686
466.578	232.235
468.770	232.009
470.870	232.050
472.892	232.323
474.858	232.763
476.793	233.308
478.718	233.893
480.657	234.454
482.633	234.928
484.665	235.261
486.756	235.472
488.899	235.614
491.088	235.736
493.318	235.890
495.582	236.127
497.873	236.497
500.187	237.053
502.517	237.822
504.866	238.768
507.233	239.838
509.620	240.980
512.029	242.144
514.461	243.277
516.918	244.328
519.400	245.246
521.908	245.978
524.439	246.493
526.954	246.847
529.409	247.124
531.758	247.404
533.957	247.768
535.961	248.300
537.724	249.080
539.201	250.190
540.378	251.672
541.320	253.469
542.106	255.506
542.814	257.708
543.522	260.002
544.307	262.314
545.249	264.568
546.423	266.692
547.852	268.654
549.468	270.489
551.200	272.234
552.972	273.930
554.712	275.616
556.346	277.331
557.801	279.115
559.004	281.007
559.903	283.035
560.535	285.182
560.958	287.421
561.232	289.725
561.415	292.066
561.566	294.416
561.743	296.748
562.005	299.035
562.396	301.256
562.908	303.415
563.518	305.525
564.205	307.597
564.945	309.642
565.719	311.672
566.503	313.699
567.275	315.733
568.023	317.778
568.745	319.828
569.441	321.873
570.110	323.907
570.753	325.920
571.368	327.905
571.956	329.854
572.517	331.760
573.046	333.627
573.541	335.462
573.998	337.271
574.414	339.062
574.784	340.842
575.107	342.616
575.397	344.388
575.702	346.153
576.070	347.907
576.549	349.645
577.186	351.363
578.032	353.056
579.080	354.703
580.130	356.223
580.939	357.521
581.262	358.502
580.856	359.073
579.613	359.208
577.738	359.047
575.475	358.750
573.072	358.477
570.775	358.391
568.832	358.650
567.483	359.411
566.826	360.685
566.791	362.312
567.301	364.126
568.277	365.961
569.640	367.650
571.309	369.046
573.173	370.165
575.106	371.105
576.982	371.964
578.676	372.838
580.061	373.826
581.013	375.024
581.440	376.496
581.391	378.173
580.946	379.958
580.184	381.751
579.185	383.453
578.029	384.967
576.789	386.222
575.508	387.279
574.222	388.230
572.966	389.168
571.776	390.187
570.688	391.379
569.735	392.787
568.949	394.370
568.359	396.078
567.996	397.860
567.892	399.668
568.076	401.452
568.503	403.160
568.989	404.742
569.331	406.148
569.327	407.325
568.778	408.224
567.612	408.836
565.986	409.228
564.084	409.475
562.085	409.652
560.172	409.834
558.524	410.094
557.210	410.469
556.112	410.931
555.097	411.448
554.031	411.985
552.817	412.527
551.512	413.124
550.214	413.844
549.024	414.758
548.041	415.935
547.336	417.419
546.852	419.144
546.495	421.009
546.173	422.914
545.789	424.760
545.252	426.447
544.472	427.881
543.441	429.052
542.207	430.009
540.816	430.802
539.318	431.479
537.760	432.091
536.178	432.680
534.576	433.269
532.955	433.876
531.314	434.523
529.654	435.229
527.973	436.013
526.276	436.874
524.574	437.728
522.884	438.473
521.221	439.003
519.601	439.217
518.040	439.012
516.548	438.330
515.116	437.318
513.730	436.176
512.373	435.105
511.032	434.305
509.690	433.976
508.365	434.220
507.131	434.939
506.073	436.008
505.276	437.304
504.818	438.705
504.682	440.151
504.750	441.637
504.902	443.164
505.016	444.732
504.972	446.340
504.684	447.963
504.150	449.521
503.376	450.928
502.369	452.095
501.135	452.937
499.688	453.387
498.073	453.488
496.345	453.321
494.560	452.966
492.776	452.503
491.047	452.013
489.419	451.557
487.885	451.113
486.428	450.635
485.028	450.078
483.665	449.396
482.321	448.547
480.987	447.531
479.663	446.392
478.350	445.176
477.048	443.930
475.757	442.700
474.478	441.531
473.202	440.441
471.912	439.412
470.588	438.423
469.212	437.457
467.763	436.492
466.226	435.509
464.646	434.499
463.130	433.462
461.788	432.400
460.731	431.314
460.069	430.204
459.877	429.076
459.982	427.960
460.107	426.897
459.974	425.928
459.389	425.074
458.427	424.282
457.214	423.488
455.878	422.628
454.545	421.638
453.283	420.488
452.071	419.202
450.882	417.805
449.690	416.325
448.468	414.789
447.188	413.223
445.828	411.651
444.393	410.074
442.896	408.482
441.353	406.867
439.779	405.221
438.187	403.536
436.593	401.803
435.012	400.013
433.455	398.163
431.927	396.264
430.430	394.330
428.966	392.377
427.537	390.421
426.144	388.476
424.790	386.557
423.476	384.681
422.204	382.860
420.975	381.096
419.788	379.378
418.644	377.697
417.543	376.042
416.483	374.403
415.465	372.770
414.489	371.134
413.549	369.490
412.637	367.838
411.744	366.177
410.859	364.510
409.975	362.835
409.082	361.153
408.169	359.463
407.226	357.759
406.237	356.034
405.188	354.280
404.067	352.489
402.858	350.653
401.550	348.765
400.128	346.817
398.598	344.821
396.979	342.800
395.292	340.778
393.556	338.778
391.791	336.824
390.015	334.940
388.249	333.149
386.512	331.476
384.823	329.940
383.187	328.522
381.601	327.183
380.063	325.881
378.570	324.574
377.118	323.221
375.706	321.781
374.330	320.214
372.990	318.507
371.685	316.679
370.415	314.749
369.181	312.733
367.983	310.653
366.821	308.525
365.694	306.369
364.603	304.204
363.546	302.045
362.515	299.906
361.506	297.800
360.510	295.740
359.522	293.738
358.535	291.807
357.542	289.960
356.538	288.209
355.530	286.535
354.545	284.884
353.606	283.202
352.739	281.434
351.971	279.525
351.326	277.420
350.829	275.065
350.496	272.458
350.330	269.666
350.333	266.762
350.507	263.816
350.853	260.902
351.374	258.091
352.071	255.455
352.945	253.068
354.000	251.000
